4761
14641
3914
4755
10503
4760
4756
10502
10531
3873
11766
11786
8970
3494
13460
18964
1038
2826
7670
2827
14640
7534
15829
7673
14665
2789
11765
4754
18945
6112
4020
11815
11743
3483
3959
2303
11724
4762
11794
3737
14598
11880
6297
11787
11739
2617
3939
10582
17998
10561
1052
9052
13429
11740
3495
2616
3484
3897
13444
8975
8996
15828
10530
4001
10704
1756
13428
5202
3482
11844
11899
7648
15460
18615
6338
11814
10478
3915
3486
10477
2416
14228
9289
6270
2773
6256
9045
9080
11738
14152
11855
10475
19490
11744
14621
2558
9081
17969
11762
15862
12974
10741
15410
9354
20120
3756
8984
13445
15830
6231
9320
15401
12933
10551
20333
14618
12953
14174
9351
2578
9020
1572
7699
6228
6083
14135
12971
9073
15416
19518
8648
4860
2655
3958
8997
4779
2577
3502
6102
16684
14642
10715
6074
15857
10504
18965
11761
15863
20350
17997
15436
10705
3700
14151
6327
13446
9321
20065
7494
9286
3979
9258
18323
9388
15415
7698
17210
10581
13664
15449
17178
12952
4911
11881
3592
18584
13372
2753
6101
11760
8649
12426
3957
12034
19468
13432
7639
16683
7833
12950
7897
14666
9352
11767
11741
13641
3956
9019
2774
10609
7896
12002
7634
10659
19491
12050
3487
19404
10552
13054
18522
3755
5203
12319
13086
6365
13532
11914
16681
15538
9100
17473
7929
16703
14136
3874
3872
1022
13415
16718
14201
19103
13447
17040
19452
9005
8699
5204
17074
7635
7864
2343
8982
18482
7535
7928
12022
7487
14933
8983
13459
2520
10476
3913
13396
15506
10716
15437
9316
4002
17968
3496
18551
2790
20066
10527
17059
11806
19511
14664
18297
13025
2791
15507
9215
7865
11793
13433
18542
6202
4019
15476
13448
13085
4767
7633
19430
17383
2735
18585
6413
12317
15571
17404
5239
6229
7697
7726
2793
11263
6328
20119
4023
13461
10690
17953
6081
13637
13351
6296
9966
15816
9363
8973
2557
11824
3776
14932
13350
9185
9318
20349
15417
7502
5185
7570
10002
10524
2418
13515
16668
9247
2638
11026
13690
6227
14229
18040
9160
7504
6082
7524
12997
9386
13666
18061
6203
18029
17075
6260
19453
8631
17375
14988
14175
19431
11875
11781
11271
2338
18573
660
10630
15372
6242
5015
1633
2792
13660
10702
9111
16695
17574
15427
17043
18028
9021
17481
2329
17029
17995
17010
1755
4849
18135
3612
10601
19526
17460
17980
16318
18944
10573
13667
7956
18647
9916
6282
2337
8974
2656
9319
19425
11055
1725
3775
8969
13640
10558
9285
17364
9353
2736
7693
6257
6269
13087
18656
11782
11803
2540
6890
16694
3497
6382
4937
18094
4953
3641
7130
7669
8630
11742
1395
15537
11967
7624
9203
2615
3518
16965
7506
10729
7672
17880
6298
17412
12307
3493
2732
13024
7957
18154
2715
12578
16745
7895
7512
12188
19469
11932
4985
13284
12947
19102
9255
17538
3593
17542
19450
14667
6337
2713
1537
7749
10578
18525
18182
12445
3997
4940
10769
20165
7832
20351
20063
1784
7154
6310
15435
7651
11823
9004
17027
16931
14176
11784
11805
7927
13373
4806
15668
15969
17026
16735
14649
12446
13636
5006
13153
2597
4061
11913
12450
7645
9204
17182
9967
17211
13665
15418
12482
11792
3083
11795
16719
20042
7859
15838
20334
11262
12176
10432
3622
15799
5060
2752
3489
13397
12425
9053
2309
4821
18998
6125
6226
3980
12975
4022
9317
6526
10689
11840
6100
18498
6596
2576
2273
18550
11369
7605
18403
10486
5029
6075
7173
7657
17503
2559
9277
20298
7174
1831
3510
3293
6454
17106
11027
18992
4967
18963
18544
7748
18625
18543
8629
18159
17510
2654
11085
13480
7613
15570
12589
17928
11849
6366
5047
19444
20297
2511
13643
10474
3653
14617
11868
4919
3955
14153
12988
10680
6204
12033
15429
9180
2486
4902
18322
14646
6267
16007
14448
17637
10091
17239
8647
6111
10539
2315
2714
4021
7610
7661
13817
3791
17380
15477
16932
18185
19020
13416
11821
11283
1807
13668
7640
15893
9322
11871
3564
7501
8981
17058
4933
18724
15936
2770
1833
4789
1073
19471
17986
9025
1854
9295
5028
11812
1834
11802
19532
13661
7614
7924
2471
1098
14546
19004
7812
2596
1053
4169
19081
7559
16774
9118
4785
17480
5097
16966
17539
18682
19465
14695
9235
14144
3981
18547
17147
18183
12970
