7044
7025
7026
7067
5624
5603
8517
8534
8535
7015
8520
8515
5592
3105
5764
5649
7187
5597
2951
4781
11294
15460
7045
3003
8519
8516
2978
9986
3002
4271
5289
3519
4260
7163
11278
5648
3520
4745
12491
6645
5596
3479
5850
5636
8712
3027
5604
5793
4294
5623
8804
12580
8228
4250
3004
5598
11547
5849
76
4746
8137
5313
4487
4400
9999
5819
15359
5691
8532
2962
4254
3532
7016
5717
1907
3518
3478
3028
7043
800
2741
10077
8518
1598
6720
7421
12963
264
4369
15386
8521
15385
4270
5820
2977
4456
8788
4705
4764
3352
5690
1719
3007
2757
1297
8851
10586
5601
3394
9626
8252
4332
17570
4295
5612
7582
4462
10256
1702
4782
1618
17872
7435
3026
263
8628
4494
5613
3448
8820
18132
10115
1762
8835
7161
4279
13361
13781
8601
3480
8251
8898
9162
8803
10367
8654
5821
7232
7365
10587
11289
2516
10116
11443
8758
10253
7079
7579
7362
4673
9409
5334
15419
8629
15119
2976
8773
11783
602
13103
8802
9987
10336
7059
8766
1716
8715
8103
10140
3404
8609
15624
2742
10225
8244
16518
2967
6644
11726
11281
3053
2305
17897
11295
10659
2074
10366
12549
16392
7093
3521
8176
7023
526
1801
11701
7300
14752
3619
17539
2168
1391
17515
7269
10112
4825
17472
7109
6618
8167
5768
2075
3109
8805
6564
9008
5877
8194
4380
7390
4763
5333
8798
17123
7138
5794
15495
10392
5769
4860
14001
8627
9007
6672
17499
8210
4233
11378
2812
731
7024
8789
3353
10825
1555
4278
4708
8273
7055
15715
2851
6339
13957
15424
13153
15634
10167
3407
4488
6257
879
8602
8826
828
14124
11996
3736
4293
2758
3459
11369
705
9346
3364
8864
5758
2240
1754
6057
2128
9161
4065
12928
8533
4639
1289
7181
3159
9992
5740
1761
2412
10082
7203
11554
9984
3431
1710
9378
11305
14334
7110
4085
10327
1953
3025
7583
8558
770
12735
16517
3079
7554
1508
11906
15591
4276
15607
5741
6736
2836
2785
14296
2997
17302
6950
17113
18510
7156
1328
11652
4441
10630
10307
10008
5314
3052
1841
143
6681
3333
4780
10142
7270
744
9195
12525
14191
3126
3514
3405
14298
5288
17871
9041
2882
3473
11799
14502
1264
2155
11583
8757
1711
4535
15673
12740
69
8168
4495
7066
18463
14387
2411
15574
7102
5763
17411
357
10585
5336
19902
7019
18433
10614
10141
9994
16994
3393
16556
3603
10615
9993
6719
8152
3474
8829
12927
13758
2965
6919
15012
8836
6711
17114
7524
8488
18328
1736
19306
16631
13770
5421
2263
2528
2440
854
4111
9228
5822
7330
11465
2197
13929
3559
2423
7888
15606
3443
18477
1419
1577
13922
6920
15013
13784
9145
10305
775
11174
14610
13916
16842
4425
5952
8857
1818
8834
15095
2786
8494
7058
4524
7185
4262
10197
12967
2337
12043
2813
14509
5679
1954
4442
8537
8135
3450
12982
3481
10195
4473
16252
1882
18070
8177
6539
904
10011
13952
265
4338
8136
9998
11279
1092
1214
17423
14530
13063
3958
17106
5805
7512
5455
9377
7298
4873
18539
3482
1712
8477
3043
16255
7216
12563
4340
17608
4430
14617
16664
3170
13822
16928
5635
7303
9991
17278
10113
18213
14513
7299
16648
13769
6018
8721
8068
1648
7504
9983
5006
16486
8067
1290
9964
10114
1883
16846
4431
8631
12630
4709
12526
1064
5406
16300
2264
11412
7137
11452
15562
2780
9463
1438
8502
9081
8882
4307
7242
13996
3538
9194
18184
7550
19369
12117
10206
7447
6647
7018
14642
15438
8856
3432
1360
7321
14148
3444
1253
4505
17485
4496
8656
5770
8711
19097
13827
9352
4296
2808
15096
13131
10105
5593
16740
10332
14475
12507
10885
18507
5658
16474
2289
3575
4583
4129
10231
4328
16426
1382
9677
4302
5086
483
11404
4321
6143
10886
16424
6669
8508
12170
18178
4448
8572
531
2936
10168
6765
82
15392
4095
4453
2311
336
5666
15573
10249
10584
3161
6617
1992
5901
1171
3439
8549
10260
699
2283
16839
3133
9176
17025
1152
3390
10235
10259
17390
6306
17401
17137
15027
8608
19331
14437
9985
2995
7039
3055
13141
18393
13438
4774
3151
13767
13060
1911
12349
14169
9338
13303
5382
15356
4503
6693
3582
15358
2867
7887
7505
18944
15414
9973
6921
16391
11331
19826
11926
10692
1255
9601
15212
10613
167
10224
15750
3125
9659
5909
8818
4150
4752
1230
10867
13143
1667
365
15473
11144
10131
3577
11407
3451
11548
4816
10269
6673
1287
15695
7060
8833
13658
8134
5950
16475
4418
2210
12703
16548
14297
7488
1361
3504
8331
11620
13262
10169
10012
4817
10821
10201
9438
19278
10333
6902
897
6177
6340
17471
8571
11546
13588
19182
14496
7081
15577
9676
4395
8212
10016
1991
199
7212
15128
15430
13020
12003
14165
11891
16500
8538
3477
8223
15963
3656
3689
15357
6670
5791
4075
9405
