4955
6267
4934
4956
6341
6340
8648
4975
8628
4914
4915
8647
5057
5880
7183
10133
10115
8688
4575
5015
4893
4996
6377
6305
8671
5080
5016
7184
8627
4555
6215
5079
11739
7261
11768
8807
8715
11738
10132
8662
3728
11708
5081
5056
8629
5907
4997
10302
8670
7543
6378
11767
10156
5881
14180
6250
5058
6249
14223
4935
6058
10114
14224
3765
3764
7544
4974
10296
6286
4541
10297
7246
5099
4874
10116
6323
3727
8649
11735
2802
6376
5038
5832
5857
4797
5118
14211
14210
6181
6062
7196
5098
5119
8835
6359
8615
8640
13042
6287
4599
8626
6061
14190
14099
6342
11746
6324
7377
10326
7404
10303
7216
14150
6059
8813
15331
11717
14179
10122
4574
11677
5039
4598
8806
5858
10275
4853
3337
3837
13010
5100
2826
14623
5906
5014
6088
15277
14159
7197
8616
4976
13029
10155
4624
3688
8622
6116
5899
14191
7191
3851
7287
2721
4834
5138
2803
5856
4692
4835
3816
4873
6360
7190
15361
6064
8689
11796
14258
10267
2720
8836
11744
2699
6087
8614
10123
3729
13175
12998
8621
14640
2799
14333
12979
10327
3838
7270
15330
4791
4933
10108
6216
12946
10351
4892
4894
13041
6095
6358
20061
11745
4576
8613
11942
4556
14363
7224
2751
7237
7212
7195
7434
6030
7405
4664
8663
13078
7402
6031
4790
5842
8986
2777
10293
14151
16942
8638
8808
13009
11707
12977
5841
3419
6025
5017
4542
5859
10301
6034
17880
8664
15276
5120
7245
3483
5898
8637
5925
8985
20085
7220
6325
11774
10124
16587
4654
4852
7376
11773
11622
6093
4992
10109
15864
8639
4623
10125
11913
7516
7185
7436
17851
3669
8864
5082
14129
11652
3668
7219
7180
10298
5926
16973
7192
4725
4829
17824
6322
10352
4760
8837
10276
8642
6094
13008
10121
1901
15324
14124
8623
17800
8625
6148
8714
19028
4681
7181
13206
4680
3708
16633
11709
14096
7182
11914
2800
16974
3781
3853
7403
2825
5882
10299
10295
11683
14123
8716
16617
10268
6117
12949
7515
14125
6063
3704
6033
3451
7542
13028
10113
1889
6024
3872
15300
3726
5995
2670
4530
6126
16559
13147
12917
5900
3359
10134
2774
11766
15393
7235
5874
5934
4748
2775
13176
12888
13239
5924
14622
17799
4716
1913
15362
11797
14097
14624
4720
7209
13077
3358
10240
14149
14257
15444
7225
12941
7435
7210
15360
4749
8661
3850
16560
5873
17881
5897
3647
8812
3608
14160
3614
8984
14077
3687
8865
14300
11943
7200
8630
4828
4870
7217
6361
15445
3703
18182
14181
13003
8840
7407
7271
3817
5883
17912
14078
14243
10149
8646
16533
5040
2827
3648
10107
7239
2692
6130
8612
7201
12913
4691
10239
6057
16553
15352
16634
3450
4588
7260
7236
6121
13207
4830
3546
3741
8641
7215
10294
12945
1863
6092
7247
7570
2687
10325
4653
18213
5137
10300
5861
6306
17840
14225
11912
4531
15351
10215
19029
3615
19317
14831
3766
2535
8867
2801
19071
10110
10493
7545
17911
13034
7234
16558
20037
2778
5909
12940
3367
11715
5059
15325
18214
11653
10144
4592
4798
5908
3801
10328
6086
16603
8838
3709
19316
12920
19176
11941
4950
19318
3763
8839
10112
4693
10266
15394
5041
10329
2698
3748
4589
3584
6004
11676
10146
8652
12914
3517
12948
14100
14639
3336
1888
3852
12997
3818
1925
10214
14334
2352
3873
11770
13001
10104
15278
7223
10127
5840
1915
14625
15411
3653
4869
2750
4951
3782
8697
8636
19198
3815
4991
19027
3553
11737
2824
3769
20114
8660
7194
5139
2671
15412
2787
5829
6396
11819
10145
8651
16579
7486
15479
5996
3689
15428
3391
19044
15842
4679
12967
14364
13238
3409
4625
2527
8782
4868
20115
3577
11795
11734
3740
6153
4724
11718
5835
3802
10274
4753
13148
4814
5994
7581
10324
17841
16648
2761
11647
11820
3420
15301
19001
8781
4566
4719
10126
8866
12911
19319
4688
13446
6038
17927
4650
20089
10383
4761
10526
3368
6125
4717
3338
13208
3745
10270
12889
19290
17958
8834
13553
4557
11567
6127
7286
5879
15382
6220
8889
15865
8833
7240
20084
3360
16588
15463
11625
2691
14079
7211
20091
14301
7179
19000
8620
11682
8955
3705
8643
16665
7221
16618
11714
7329
4665
13032
10269
3854
21293
7178
11678
2672
3418
2731
4750
