4761
14641
3914
4755
10503
4760
4756
10502
10531
3873
11766
11786
8970
3494
13460
18964
1038
2826
7670
2827
14640
7534
15829
7673
14665
2789
11765
4754
18945
6112
4020
11815
11743
3483
3959
2303
11724
4762
11794
3737
14598
11880
6297
11787
11739
2617
3939
10582
17998
10561
1052
9052
13429
11740
3495
2616
3484
3897
13444
8975
8996
15828
10530
4001
10704
1756
13428
5202
3482
11844
11899
7648
15460
18615
6338
11814
10478
3915
3486
10477
2416
14228
9289
6270
2773
6256
9045
9080
11738
14152
11855
10475
19490
11744
14621
2558
9081
17969
11762
15862
12974
10741
15410
9354
20120
3756
8984
13445
15830
6231
9320
15401
12933
10551
20333
14618
12953
14174
9351
2578
9020
1572
7699
6228
6083
14135
12971
9073
15416
19518
8648
4860
2655
3958
8997
4779
2577
3502
6102
16684
14642
10715
6074
15857
10504
18965
11761
15863
20350
17997
15436
10705
3700
14151
6327
13446
9321
20065
7494
9286
3979
9258
18323
9388
15415
7698
17210
10581
13664
15449
17178
12952
4911
11881
3592
18584
13372
2753
6101
11760
8649
12426
3957
12034
19468
13432
7639
16683
7833
12950
7897
14666
9352
11767
11741
13641
3956
9019
2774
10609
7896
12002
7634
10659
19491
12050
3487
19404
10552
13054
18522
3755
5203
12319
13086
6365
13532
11914
16681
15538
9100
17473
7929
16703
14136
3874
3872
1022
13415
16718
14201
19103
13447
17040
19452
9005
8699
5204
17074
7635
7864
2343
8982
18482
7535
7928
12022
7487
14933
8983
13459
2520
10476
3913
13396
15506
10716
15437
9316
4002
17968
3496
18551
2790
20066
10527
17059
11806
19511
14664
18297
13025
2791
15507
9215
7865
11793
13433
18542
6202
4019
15476
13448
13085
4767
7633
19430
17383
2735
18585
6413
12317
15571
17404
5239
6229
7697
7726
2793
11263
6328
20119
4023
13461
10690
17953
6081
13637
13351
6296
9966
15816
9363
8973
2557
11824
3776
14932
13350
9185
9318
20349
15417
7502
5185
7570
10002
10524
2418
13515
16668
9247
2638
11026
13690
6227
14229
18040
9160
7504
6082
7524
12997
9386
13666
18061
6203
18029
17075
6260
19453
8631
17375
14988
14175
19431
11875
11781
11271
2338
18573
660
10630
15372
6242
5015
1633
2792
13660
10702
9111
16695
17574
15427
17043
18028
9021
17481
2329
17029
17995
17010
1755
4849
18135
3612
10601
19526
17460
17980
16318
18944
10573
13667
7956
18647
9916
6282
2337
8974
