4904
9153
4903
10576
6228
9152
9128
6227
6229
4942
6305
4884
9129
4885
6252
4927
4916
9107
6253
9180
6230
4969
4894
10598
7635
6239
6304
7686
7636
3652
4943
4902
6238
4893
4968
10558
10559
4191
4926
9154
9108
6279
4898
6209
3623
6254
10577
10575
7658
4905
7617
7659
4967
4917
7627
4897
6218
6216
7618
7713
4192
3633
4915
7712
9094
7687
6217
7685
14797
16064
4173
10548
6208
6331
9181
10574
4895
6202
7626
9093
4998
3611
7613
7619
5028
7648
4212
7637
3012
16065
6219
4997
10573
7608
4229
7660
6264
7649
9106
3653
4896
7614
3634
6241
11961
12173
6231
9103
9102
5438
12204
6271
10887
4190
11863
9127
10555
6240
4901
12177
7628
4215
10597
4941
9095
4921
11843
4928
10556
3651
11844
10557
2975
7609
13089
5281
4886
6207
10547
2043
2974
11835
6203
3013
6225
12205
4924
7615
3624
3674
9130
11832
3640
4214
10914
13068
12208
4877
4252
7616
4228
4251
6303
6255
4913
6251
6263
5334
4876
2976
12230
4010
12174
6197
6249
6224
11962
5315
12207
7714
4899
10599
12206
2977
7673
17284
4049
12176
4906
6232
6204
4882
5351
3673
3011
4887
4193
4925
7631
5370
6226
4213
4149
10913
9179
3650
11833
3637
4883
7890
13388
13360
4892
6246
4230
6476
6242
4874
5316
4227
3638
13550
7684
4009
10546
12172
10886
3645
6212
4996
4050
7634
4875
6223
10674
4194
6330
6237
4890
6355
3014
12145
10883
7632
12175
4177
5043
7672
4891
13145
6256
7651
10933
10911
6206
10912
13389
11902
10596
5371
11842
16066
6211
4920
4174
3032
14792
2509
10728
6220
4881
6272
3047
11878
7655
9101
4878
7688
10934
7656
16059
4918
13090
4048
7610
2490
4951
5405
3700
5369
17338
4970
9109
3612
5206
2996
12178
12635
7703
9422
9123
5248
17364
16060
10975
13242
3033
7633
4086
4911
4966
5041
10736
6245
3970
5439
8061
5333
16027
14793
14825
11862
10729
10950
4090
2508
4044
13414
11141
2829
4005
4900
3675
2830
2973
5074
1984
11079
9513
7629
11933
9131
10884
11470
4150
6250
17249
5075
12142
6270
5402
14798
13118
6210
4922
9548
16026
3614
11845
7650
16063
12636
10624
13390
2010
14823
4910
7859
14799
4873
17337
9100
7638
7625
11906
5013
6261
4231
3641
10701
16058
3544
6205
13886
5059
7657
13598
3010
7698
13549
4934
10644
9170
4250
13361
7675
2032
14770
13417
10819
6451
9511
6302
5268
16096
1220
2995
14517
6354
9550
6199
7891
10572
12661
18216
10640
8030
9516
5232
10219
18799
6280
12634
16024
4135
13277
12120
19639
2790
11864
4068
15921
15798
13117
17279
6257
3818
10735
12061
13662
13208
11903
3730
11993
15554
6477
4178
5422
6423
2276
12144
4176
2899
13179
6422
4919
9512
12236
2997
6267
4318
12149
9092
19414
2791
11907
2539
13596
7999
10888
16960
10904
4152
3523
4175
8029
4940
9470
7645
4045
7860
11930
20212
1839
5044
7676
2859
9145
5233
17365
16125
3699
6248
10550
3543
11992
6450
15582
15587
6198
4933
5215
10756
3729
3930
9260
7858
17149
10794
13146
3049
10554
5302
16302
3048
7699
2478
10905
14401
9514
11456
18519
13566
17150
10951
9478
18277
6449
10974
3644
1910
18538
10178
19215
1985
17363
4092
12215
6296
19090
13067
5012
14794
19500
6260
5060
4011
4091
12660
3080
13616
9479
2871
13177
12231
3659
4914
5352
12411
5106
13053
7662
3046
18772
2052
6452
7847
6286
12203
10765
12027
15066
20332
9120
2900
10595
12819
4232
17168
2529
3969
18204
19962
3888
12859
3740
16025
9982
17313
2919
7654
12413
20348
10764
6951
9110
14368
19069
10910
5042
10818
12424
13330
8837
4085
1298
3015
13391
10352
18079
6295
417
10795
11209
9485
4004
13049
1840
16534
5577
5299
18150
17250
14747
3646
5089
11680
2918
14724
13887
9586
15828
2031
5269
2540
7647
8874
19089
15961
15107
6382
12789
19097
14400
9519
11841
3686
19052
13416
14627
5403
19234
13044
18771
10341
6394
9801
10620
13364
16562
15746
13095
14337
6266
8052
4932
19534
7702
3017
19998
14744
10952
15777
5705
4226
1359
6436
5335
10707
12898
18611
9104
4151
7892
2360
13294
12171
18278
12143
3665
2870
1321
6435
19029
13333
15922
7778
11861
9484
9121
