4904
9153
4903
10576
6228
9152
9128
6227
6229
4942
6305
4884
9129
4885
6252
4927
4916
9107
6253
9180
6230
4969
4894
10598
7635
6239
6304
7686
7636
3652
4943
4902
6238
4893
4968
10558
10559
4191
4926
9154
9108
6279
4898
6209
3623
6254
10577
10575
7658
4905
7617
7659
4967
4917
7627
4897
6218
6216
7618
7713
4192
3633
4915
7712
9094
7687
6217
7685
14797
16064
4173
10548
6208
6331
9181
10574
4895
6202
7626
9093
4998
3611
7613
7619
5028
7648
4212
7637
3012
16065
6219
4997
10573
7608
4229
7660
6264
7649
9106
3653
4896
7614
3634
6241
11961
12173
6231
9103
9102
5438
12204
6271
10887
4190
11863
9127
10555
6240
4901
12177
7628
4215
10597
4941
9095
4921
11843
4928
10556
3651
11844
10557
2975
7609
13089
5281
4886
6207
10547
2043
2974
11835
6203
3013
6225
12205
4924
7615
3624
3674
9130
11832
3640
4214
10914
13068
12208
4877
4252
7616
4228
4251
6303
6255
4913
6251
6263
5334
4876
2976
12230
4010
12174
6197
6249
6224
11962
5315
12207
7714
4899
10599
12206
2977
7673
17284
4049
12176
4906
6232
6204
4882
5351
3673
3011
4887
4193
4925
7631
5370
6226
4213
4149
10913
9179
3650
11833
3637
4883
7890
13388
13360
4892
6246
4230
6476
6242
4874
5316
4227
3638
13550
7684
4009
10546
12172
10886
3645
6212
4996
4050
7634
4875
6223
10674
4194
6330
6237
4890
6355
3014
12145
10883
7632
12175
4177
5043
7672
4891
13145
6256
7651
10933
10911
6206
10912
13389
11902
10596
5371
11842
16066
6211
4920
4174
3032
14792
2509
10728
6220
4881
6272
3047
11878
7655
9101
4878
7688
10934
7656
16059
4918
13090
4048
7610
2490
4951
5405
3700
5369
17338
4970
9109
3612
5206
2996
12178
12635
7703
9422
9123
5248
17364
16060
10975
13242
3033
7633
4086
4911
4966
5041
10736
6245
3970
5439
8061
5333
16027
14793
14825
11862
10729
10950
4090
2508
4044
13414
11141
2829
4005
4900
3675
2830
2973
5074
1984
11079
9513
7629
11933
9131
10884
11470
4150
6250
17249
5075
12142
6270
5402
14798
13118
6210
4922
9548
16026
3614
11845
7650
16063
12636
10624
13390
2010
14823
4910
7859
14799
4873
17337
9100
7638
7625
11906
5013
6261
4231
3641
10701
16058
3544
6205
13886
5059
7657
13598
3010
7698
13549
4934
10644
9170
4250
13361
7675
2032
14770
13417
10819
