7273
11576
7274
4719
7261
6012
5896
6013
3863
4663
7260
4718
7295
4689
5890
3534
4690
4669
3509
3676
3713
4697
3508
4883
7294
2435
4616
8743
13221
4716
4642
3642
3712
4884
18570
7885
17766
7258
14414
5889
13207
4915
3510
4774
4853
17765
2055
5651
3533
5913
3677
4615
12688
8745
7402
4749
17571
5921
4603
3864
5891
10539
16758
3530
5987
11480
3451
6154
6000
17579
18648
18621
4593
3512
4668
5910
10200
5961
10322
4638
3560
6100
18740
7096
15715
11547
5920
3905
4914
5899
3511
4746
1461
18579
7275
4916
2953
7296
14441
17733
4698
2421
3139
5883
5180
19048
11481
8909
5911
14150
14261
4664
5969
2301
8766
2183
4691
3561
5898
7257
14440
16488
6155
2151
3452
8535
2434
2417
3634
2952
4643
7095
4717
1530
10623
2401
11478
7202
19496
2056
6179
5880
11552
15642
7267
17570
5897
4585
3744
18658
7074
5974
3017
5945
4692
968
2824
12602
5912
1939
5892
7769
8881
5015
11494
15165
5893
3951
5045
9825
9798
5968
2866
18162
5882
19044
16485
4639
8746
19792
5995
11603
7203
11524
18649
8795
2172
7426
6037
15641
10212
1911
4848
6180
14234
4646
12685
4882
3502
3164
7097
10321
5937
4815
8536
18569
4693
11670
3469
5998
10775
7319
2867
7884
18471
14648
4706
15682
4177
18489
13007
5999
3456
7349
18620
18578
16290
16822
3345
10199
472
10353
3950
8742
4678
14439
7478
10871
17573
3472
8755
14287
2152
4598
11404
3416
8749
17672
2153
6316
4597
11479
3518
11916
10870
4803
10222
10244
5438
14262
4920
18595
1303
2217
4720
5970
14641
18423
11609
8053
17352
9084
17644
4623
17596
3486
19469
4619
4277
18969
18447
13255
15011
19328
12707
5046
10357
3562
4544
16140
4317
4600
1436
7201
2991
2171
2453
3488
4992
10727
11026
3073
4721
14724
17547
4887
18490
11661
15527
13035
11473
7276
1462
8830
6128
10711
12950
7318
3513
19495
10513
5946
18446
5077
3888
4342
14688
4665
13743
4508
19297
8936
3016
12726
1969
11051
12653
5650
13239
3331
8938
18424
7747
2914
9311
15341
3023
16992
11493
15202
5939
15062
7733
12547
12030
7374
7739
11638
3330
3442
1403
14487
4784
4885
14415
4785
16792
11906
18449
11604
2912
13079
19324
5888
10326
7336
4618
11579
7353
88
11828
3471
2426
7259
515
11572
2503
5026
2149
18422
7326
15151
3423
16460
13895
14714
2873
3191
2454
17013
10293
18158
5973
2843
17615
5206
14111
11090
11525
19152
8758
6539
9909
3543
3478
11529
11456
13054
5962
2874
5415
19975
9919
3969
4775
7204
15640
11633
7427
4978
11575
11634
17712
10313
19072
12862
19383
7146
3999
14286
19097
16206
558
13744
13329
10540
12426
3535
12461
11098
19076
3434
4751
6036
6341
2490
19771
12731
16805
11534
7174
3906
3462
159
3531
9553
13104
10774
2150
840
4650
11610
2821
11195
7770
17683
2944
17580
2376
3113
3920
8472
6381
4864
15138
1429
16790
7376
7403
2587
3635
10202
4744
4768
16487
8988
19294
15688
19719
16791
