5116
7894
6476
7893
6465
5135
7875
5115
6477
6450
9383
6459
6458
3829
6446
5125
3812
7916
7874
3841
3828
6445
7863
9384
5117
6457
5108
6475
5126
3799
6464
3840
5136
6451
5109
5103
6460
3823
5124
5198
7884
6447
6466
6501
7870
3863
6444
3862
3849
5171
6456
5114
5158
5107
3800
5147
9382
7917
5172
5134
3842
3822
5102
3846
9366
9381
7895
9367
7864
3861
5104
3813
1565
7862
9729
2588
7915
9376
7876
5146
7892
3830
3824
6480
3886
6505
6528
5199
4382
3087
3850
11171
5175
3129
8016
2589
6529
6452
1581
5227
9380
6455
1580
3128
6481
9368
9505
6500
5127
6506
3889
5173
5197
6443
2901
7865
5148
6487
9378
10930
5157
3887
5110
6467
5133
8041
4419
2862
2581
5159
9377
8092
2046
3848
7883
9365
9478
9534
3888
5202
5597
7885
9533
6502
5150
11170
4298
3864
6478
4222
11172
2900
1214
9446
3890
9421
5123
3845
16223
5180
3839
3915
10961
5101
9398
5203
6449
9362
5113
16224
3005
3827
9537
9404
6507
7866
4383
3154
9451
5106
4364
9397
11144
4381
1602
5179
2083
8042
5316
13941
3088
3807
4420
1278
3801
1024
7990
9730
5100
3127
3814
9403
2970
4341
12160
11187
6468
3171
5153
8091
5170
2107
7959
1566
1949
5232
5226
1867
2861
2930
9771
1229
7869
16368
6554
1230
2073
5200
5429
5206
8065
18342
5338
6504
11143
1215
3868
11104
3155
10830
17272
18398
9508
18771
3891
4263
17149
3086
10843
5178
6698
9385
5307
50
3871
2845
3965
1943
2971
3811
5397
6488
1601
3875
8246
3998
9405
15301
17604
9479
9450
9761
2851
2852
14805
12184
5395
7986
46
20838
2016
18290
3898
5308
18316
5231
6839
7877
8066
5128
2047
18369
10931
3311
7933
7993
10604
6596
18397
3914
7963
3806
3093
17391
6555
3916
7955
18291
15109
11398
17237
7934
9760
2030
2601
4234
3112
10527
13807
10829
19301
17110
2572
8245
9699
3196
2929
2084
8120
17259
9504
4150
11912
5631
6486
3974
10082
17227
4133
3063
3170
11685
3208
5528
9423
4340
8247
4108
10364
16244
3851
17293
2015
21197
17260
10903
5120
17360
19300
18356
9783
2014
2982
4193
16257
2056
10923
10951
2609
18368
17111
19875
6723
4221
3808
3110
2941
18327
5365
5428
19303
5176
2106
17271
15840
8252
3897
2004
3975
20190
2592
1968
3066
10854
2595
7936
2610
20563
18359
6697
5174
4008
2824
6597
1582
1247
2627
12212
10960
13870
18330
3067
6515
8267
3696
9738
4233
6307
8251
17147
4140
14592
17226
9396
5185
4102
3874
16044
10902
11216
2607
18903
3816
6699
2587
9532
45
19718
6454
5396
322
19734
10957
8011
11198
18353
9452
5118
7891
12140
18341
7994
9445
16043
3008
9364
15302
5149
7504
6753
9402
18301
1978
4062
6844
6482
16258
9375
5154
1879
5317
9774
1196
10988
17118
17236
11185
10538
17148
11684
4141
19352
1687
20655
2942
6666
19361
18524
9559
17438
18273
15140
6572
4034
19006
6819
17120
4239
2600
18272
10837
2642
18329
1545
5394
68
5368
16311
9473
8067
5364
5501
5559
9424
1981
17179
18383
9704
5577
4032
18875
7935
7956
2608
1287
13454
1900
6694
2011
6813
1901
10899
14045
14769
16338
3169
20181
19362
13942
4101
3803
9419
9698
10596
20208
1554
3111
4262
16345
14499
4194
3805
17101
3046
9058
1845
15883
4725
5534
10831
7991
19822
16213
7678
1783
10840
7964
8045
16313
13787
16369
6693
20551
7814
6469
3134
9728
7679
5493
15589
4153
4220
7908
6461
8249
11159
1919
2928
13542
8213
17551
14569
3149
8275
5337
9535
20261
19317
16154
1213
