4829
4858
6088
3601
4795
6065
6148
6123
3542
3563
4859
4772
7494
6147
6066
3544
4830
6089
3564
6100
3600
4773
3628
7461
7471
7460
6122
6114
2559
7482
7445
6173
3545
3565
6099
4828
2813
3627
6174
2853
4794
3527
3528
4819
6124
4857
2834
7495
4818
4888
4817
2896
9280
3763
2892
7472
7520
4796
9249
2856
3543
7483
3541
2854
6101
3615
4875
2852
2814
6077
4804
4889
6049
2893
3764
4970
11100
4044
3800
4752
1802
4061
4040
3730
2833
6205
7684
4099
6231
2875
3562
12660
1830
2790
4753
4081
4874
7862
3644
4938
4060
4957
10341
3368
1631
9309
2874
4803
3614
4906
6256
3525
7470
7444
2832
9142
5015
6229
7180
2835
3587
3574
6230
6048
9141
3761
4793
9308
10593
3778
9240
6149
7451
18906
7493
4887
10537
12369
4754
3526
4736
6170
4987
12450
7490
10342
10634
7452
4062
3586
4101
6478
3568
3573
4985
1854
3546
19736
4930
10388
7691
4860
18734
2603
7859
2748
2525
17816
10605
3698
4927
4854
9343
6146
17755
4844
10622
1818
4100
4774
5077
3808
10565
7656
19726
1031
11103
18962
7799
4988
3801
4956
2831
7831
11102
18407
2361
1771
12475
7449
2791
7440
7886
3402
10731
2125
4928
4816
1668
7436
10604
11631
9173
3816
9323
1791
3513
1803
10608
10594
10389
10465
7151
1826
7521
3729
10704
3643
10660
2812
6362
6687
4897
4039
19341
5139
9342
16963
7715
11101
7892
12841
7516
6464
4738
6121
4000
6656
4618
19725
3731
14196
10566
5288
9207
14333
7746
9208
15390
6076
11712
1586
3324
9159
10362
10579
13155
6204
8952
6389
4855
15225
8879
15196
7653
1006
13986
19801
6195
1788
14102
3657
6314
7259
2815
1772
18933
7450
7237
1840
4078
9968
4587
11705
3865
8927
12889
2795
6395
13648
7468
1786
7688
10633
17542
9283
18881
1817
6398
5832
7654
1815
10525
6495
10103
11973
11383
4827
1023
2855
6695
18934
10439
4907
8038
9188
10493
6120
2851
4080
11077
11858
11807
12713
4999
11942
3779
11793
14897
999
3656
12412
2565
4843
2434
6282
1831
8931
10575
18042
3529
3725
12613
4939
7658
13206
10386
7889
11704
7809
7768
15314
10438
11210
19708
11727
9116
10536
9529
6401
11610
2487
14008
9176
6098
5420
12888
7714
13855
5361
2562
7855
3665
7545
7723
1814
2816
7854
11999
7683
15974
3382
1929
9239
9066
3697
8862
6303
2126
1785
17047
18929
2594
13350
5596
11790
8934
13729
7238
2362
3524
7239
3080
11629
7690
11841
15491
4729
12895
8651
13205
9805
2891
3676
2647
17869
12029
3567
4971
8039
19825
7832
9834
9300
5018
6312
12025
4861
4614
9237
4884
11824
7830
19727
3514
11703
4885
6417
7860
10623
11838
10352
4002
19194
18246
8812
2542
3709
1789
15315
5016
7546
9266
10452
15894
7679
2006
12667
4041
4737
10286
1552
2595
6150
15766
19480
7215
19352
6096
2359
7682
12058
6636
17948
5098
18980
1659
7435
11130
7735
14223
4042
4043
7704
10181
3670
2992
13984
17616
12929
6144
13973
3691
5014
6056
3588
1595
13241
11710
8034
10636
3724
3675
4898
17782
2792
4831
9177
2796
7606
3851
2752
1841
12350
11894
11726
18011
2894
1798
9115
5360
11906
10679
9347
14552
13872
15227
13204
7657
15012
4037
6198
160
5138
2886
11608
12463
7216
10259
19776
4059
11995
6172
11822
20048
1167
10738
3760
14363
14259
6097
3728
4273
4929
2566
7912
19351
2005
7629
2857
3241
1281
7806
10387
10224
11398
13742
15463
7767
13704
6043
1160
14229
13232
6113
9980
20496
2533
16384
5066
16773
11557
2079
14898
13972
4905
16331
14166
7692
8856
