6724
5402
6743
6744
6723
5384
5403
3410
3409
15784
14399
4613
6714
14887
4656
2872
6722
6769
3356
3445
4105
3357
14817
3392
43
6768
19043
3272
16117
14860
20418
6742
228
6719
17916
5386
3391
15276
18584
5471
12668
15783
2132
13678
6725
5425
18560
4301
14375
6718
18559
6500
16118
4655
9644
5424
9124
4675
20572
4640
12669
18738
4571
2253
17560
3390
17367
14918
14835
5395
17626
16039
5242
9643
16511
16485
4676
5944
9641
16093
13853
14836
4104
5501
6939
2750
18975
5401
3406
1220
10861
15375
16094
8303
3337
20976
17535
8148
4674
5216
18308
20716
16404
2729
17884
16145
2152
15435
14917
5445
2254
5240
4639
18000
8194
4106
13487
4087
21210
18685
3444
6745
12974
12409
5675
14950
15530
6812
19136
14816
8207
13858
4693
7488
13433
19068
14885
15677
5472
16698
14884
4638
15671
16457
4637
20192
5394
13854
7024
5470
13852
5385
5217
5585
19058
15661
10210
19565
15277
8133
3777
1421
7831
11463
2311
17625
19892
3373
17592
16405
17249
4614
6480
19568
4653
4447
14051
2133
15691
1556
3407
2096
5416
18964
2158
2310
17855
5422
16727
18947
7553
2297
6721
2869
18346
3393
18902
14834
11106
20974
2095
16077
2335
16980
13651
8166
14859
20029
13193
4595
4612
13627
16456
4088
5543
2151
3408
5079
4094
16388
4652
17001
5683
17559
21090
10299
3207
18790
20973
1528
3355
16484
16790
18352
11618
3389
11574
6353
7000
11620
17157
11221
4091
1384
5684
6155
19015
12973
17570
4182
14072
2207
4089
2599
11118
10169
17911
8302
16873
15252
7054
5945
19209
1225
17915
4073
7371
11442
7811
14861
3370
4086
1422
18583
11683
9393
19626
17398
6587
20345
3226
3338
13276
11638
20788
6968
17399
6732
5444
21280
5677
9778
15885
2322
20745
7001
4677
11126
12634
2224
19211
227
12699
12389
21209
8206
8327
9995
17372
11557
17876
17096
14937
19719
2323
17856
11602
3354
7880
16637
18318
16165
13158
19807
4107
2860
9533
1409
16098
4651
9662
12072
11619
17690
5651
4058
12427
18706
1515
16648
9640
17225
14374
19564
16309
19044
5239
19057
12408
15374
9659
20763
18709
20658
19468
10747
19218
20056
18974
20186
6387
4336
2309
12757
2110
5626
4272
10333
12899
14052
17885
16887
5628
7521
14888
13180
9683
10113
4095
3300
17491
18552
5978
19953
16486
6713
1366
16144
14193
16121
19040
18437
20967
5497
2111
4500
14396
6651
5678
6249
2074
2097
16795
17156
11252
12914
8147
3233
8304
6911
12052
15789
16138
11192
12157
9755
9555
7666
16115
8233
17957
6318
19240
19690
10170
20689
13628
14676
12759
17432
6813
9087
4692
12728
16800
17459
17980
1446
3372
18774
17536
12073
12650
18411
9663
3317
8136
20759
4109
4102
18533
18007
20026
20220
2479
1192
7472
5446
19014
16512
11540
8227
21205
2981
2225
10698
2061
19770
17854
13544
20822
11011
8170
13705
6556
8024
2866
11414
20489
6873
6319
1959
19184
14126
14091
19078
12054
12139
13817
593
6997
3275
18317
5149
12503
12426
20687
14886
4077
17903
14840
18049
9542
17371
10080
3061
19077
14450
15257
12985
14110
20792
14609
7832
2131
6726
14454
7879
517
15855
16697
17979
3162
11117
2155
18707
5679
3296
18234
18217
14306
16770
5715
7829
13775
5755
16898
17985
3386
10243
13799
9660
16760
17492
8165
11536
17396
12416
3167
17708
17253
12787
16179
16534
4183
10066
13677
13211
18025
15301
17502
9765
16242
9101
16668
21281
19956
4915
6839
3726
16146
11436
4103
17937
14405
6969
18225
16679
19978
4150
2859
17390
4180
7029
4300
19700
17526
7692
17525
6260
11587
20322
20099
6629
11584
12930
19661
16791
5682
12496
