1589
2833
1631
2790
1568
1630
2832
2789
1610
3626
2747
1567
2748
2876
1588
2791
2834
1526
3622
1611
1629
794
1569
3625
1485
2390
771
2875
2368
1525
1484
1609
2854
3692
2389
4958
2809
4966
1590
4961
1587
1545
5031
723
745
756
16030
1671
2810
3619
1652
1628
1546
6767
5007
1446
691
730
5008
6365
2853
2877
757
770
1527
2808
1250
3663
3794
1651
1221
4951
2749
1632
6318
1670
4989
731
3611
11923
1672
2707
1668
3202
6364
746
702
1445
13134
630
11814
795
6418
12027
5062
3717
769
1669
6417
744
2778
4965
838
2852
9629
3612
693
2369
1691
3645
3830
1544
9663
12028
8249
2391
11932
3869
5413
4948
1486
231
724
703
12417
2765
14800
1406
3627
2766
16029
3639
751
1194
7877
10661
6850
1251
13934
12533
12587
1974
2920
5032
4959
5006
1690
2479
1764
2413
11876
793
733
2349
3659
13164
12026
2520
2433
2323
14799
1761
4982
3689
7917
2469
694
4983
11905
13165
11815
837
2706
7918
3950
1612
1146
13278
3620
12378
13935
6443
2431
11937
11938
759
2103
6955
5414
12061
3793
2319
14452
5412
17812
12990
11068
10597
3660
2387
695
3121
10748
11318
2879
11933
12228
1283
15181
2792
11014
2432
2500
12312
12562
6444
1282
9637
6463
1901
16771
3796
1559
11953
9662
2776
17346
2822
17140
11801
16566
538
768
17900
6045
922
11208
732
7950
6345
910
4215
11802
11221
11435
3146
13197
6965
3179
13243
430
3099
1195
7896
239
1831
15159
10839
2430
772
593
1832
629
721
10982
3823
13110
12503
663
5145
4967
3180
6367
1121
3662
3664
13196
9698
7893
12530
5108
633
6375
3623
2333
758
5030
3098
692
15798
3693
19362
18335
2440
660
690
4744
9203
19363
3870
9202
1938
1935
3640
1571
669
6820
3758
6928
11994
14265
9561
1088
9126
4949
9580
17593
1483
9174
661
17631
1778
10902
1591
7895
9769
3917
2894
11877
12060
2350
701
1805
19361
7857
2028
6768
1861
10779
3690
15997
12461
13230
923
18282
8193
747
575
13084
11343
219
6380
6849
11037
16567
2878
5170
18146
2343
1762
6374
18741
11968
2817
5073
3688
3168
9635
4310
8120
1134
2488
2818
1152
242
11410
5418
18254
7916
16790
2897
2412
5167
13109
12062
3646
6591
6381
6941
11317
9688
17646
16848
2774
2334
5362
750
1570
5439
3178
17392
9595
2694
5088
9611
9660
241
2617
2176
1220
11013
5092
11009
2666
11816
5146
1170
9173
15831
3949
3764
11408
6429
14927
3108
10956
1440
4768
664
2332
6931
4090
3765
18791
13135
8261
12559
2418
13242
3266
18228
4469
1586
3409
1939
1059
3054
3450
6821
1858
15651
2726
1171
13193
1043
1316
3637
5389
9903
4216
14318
1875
12532
19537
7951
11835
11062
7894
4114
5171
462
5388
8978
5713
17817
13139
1143
1222
6678
11346
980
17503
2820
7872
15698
13277
15184
12248
725
3621
2590
12800
13225
240
2459
11342
17594
3604
6798
2819
15218
3471
14763
11197
4105
9605
2348
235
13546
10446
19725
9398
16916
3721
781
5196
780
3831
7825
3948
10660
16789
4140
9712
11407
3916
8194
3613
8518
1601
4841
10445
13039
6966
9421
6462
6858
10638
16534
9657
3026
198
1763
2409
3757
1558
1443
8171
15581
2836
13534
2445
1444
1317
7943
944
2057
12888
4201
7854
1006
2441
3155
11368
15134
9632
2519
1290
9562
25
7904
8162
13490
1426
1169
907
14451
16298
251
5141
17437
3614
5500
19622
3463
2746
13298
10192
782
3859
2538
9798
8803
8823
5074
14764
9636
233
2775
16769
16252
7522
9678
4889
7819
17022
734
2932
9424
6902
2324
10838
5096
1882
18160
9397
17534
2198
6496
16206
15652
3761
13140
6645
17563
2020
12588
5556
8239
3837
11486
12561
11727
3900
4745
9612
1692
10807
2410
8028
10689
13783
7858
4174
376
11902
1707
16925
10156
9425
2344
3449
3800
4121
9346
5730
12524
5361
1151
12858
4184
9742
5715
7949
238
10964
1521
1964
9604
8718
4196
572
718
10662
11010
223
13594
11278
11962
14302
2335
19491
17307
3766
9630
12534
13080
8238
11038
6566
10290
19083
3719
4382
2869
13441
3899
8724
2935
11043
