7044
7025
7026
7067
5624
5603
8517
8534
8535
7015
8520
8515
5592
3105
5764
5649
7187
5597
2951
4781
11294
15460
7045
3003
8519
8516
2978
9986
3002
4271
5289
3519
4260
7163
11278
5648
3520
4745
12491
6645
5596
3479
5850
5636
8712
3027
5604
5793
4294
5623
8804
12580
8228
4250
3004
5598
11547
5849
76
4746
8137
5313
4487
4400
9999
5819
15359
5691
8532
2962
4254
3532
7016
5717
1907
3518
3478
3028
7043
800
2741
10077
8518
1598
6720
7421
12963
264
4369
15386
8521
15385
4270
5820
2977
4456
8788
4705
4764
3352
5690
1719
3007
2757
1297
8851
10586
5601
3394
9626
8252
4332
17570
4295
5612
7582
4462
10256
1702
4782
1618
17872
7435
3026
263
8628
4494
5613
3448
8820
18132
10115
1762
8835
7161
4279
13361
13781
8601
3480
8251
8898
9162
8803
10367
8654
5821
7232
7365
10587
11289
2516
10116
11443
8758
10253
7079
7579
7362
4673
9409
5334
15419
8629
15119
2976
8773
11783
602
13103
8802
9987
10336
7059
8766
1716
8715
8103
10140
3404
8609
15624
2742
10225
8244
16518
2967
6644
11726
11281
3053
2305
17897
11295
10659
2074
10366
12549
16392
7093
3521
8176
7023
526
1801
11701
7300
14752
3619
17539
2168
1391
17515
7269
10112
4825
17472
7109
6618
8167
5768
2075
3109
8805
6564
9008
5877
8194
4380
7390
4763
5333
8798
17123
7138
5794
15495
10392
5769
4860
14001
8627
9007
6672
17499
8210
4233
11378
2812
731
7024
8789
3353
10825
1555
4278
4708
8273
7055
15715
2851
6339
13957
15424
13153
15634
10167
3407
4488
6257
879
8602
8826
828
14124
11996
3736
4293
2758
3459
11369
705
9346
3364
8864
5758
2240
1754
6057
2128
9161
4065
12928
8533
4639
1289
7181
3159
9992
5740
1761
2412
10082
7203
11554
9984
3431
1710
9378
11305
14334
7110
4085
10327
1953
3025
7583
8558
770
12735
16517
3079
7554
1508
11906
15591
4276
15607
5741
6736
2836
2785
14296
2997
17302
6950
17113
18510
7156
1328
11652
4441
10630
10307
10008
5314
3052
1841
143
6681
3333
4780
10142
7270
744
9195
12525
14191
3126
3514
3405
14298
5288
17871
9041
2882
3473
11799
14502
1264
2155
11583
8757
1711
4535
15673
12740
69
8168
4495
7066
18463
14387
2411
15574
7102
5763
17411
357
10585
5336
19902
7019
18433
10614
10141
9994
16994
3393
16556
