0.627263 0.236884 -0.296378 -0.059709 -0.197239 -0.724198 0.924027 -0.359639 -0.292184 0.292289 1.214000 -0.143874 -0.805253 0.154090 0.321009 -0.408289 -0.460658 0.375366 0.662633 -0.134095 0.146004 -0.016358 -0.346799 -0.419034 0.022978 -0.212357
0.354056 0.173652 0.288380 -0.398336 -0.231834 0.283711 0.836638 0.388306 0.019458 -0.310006 -0.595983 0.492871 -0.188337 -0.723124 0.628937 -0.713532 0.017625 -0.462225 0.144281 -1.123032 -0.197708 -0.167282 0.432698 0.072767 -0.017128 0.007126
0.616411 0.185528 -0.016967 -0.503158 -0.408784 0.046982 1.166935 0.392477 -0.364211 -0.427858 0.038108 -0.415249 -0.397106 -1.280816 0.881443 -0.364571 0.065695 -0.830949 0.123969 -1.044736 -0.181473 -0.261913 0.113758 -0.307507 -0.033866 0.105614
0.442095 0.106893 0.305505 -0.578182 -0.472107 0.133315 0.902955 0.370028 -0.122767 -0.416392 -0.337287 0.231831 -0.463415 -1.122186 0.807185 -0.815200 0.154577 -0.803605 0.283666 -1.413405 -0.277934 -0.283668 0.274322 -0.124354 -0.033497 0.215787
0.359530 0.153508 -0.428837 -0.041995 -0.250209 -0.387269 0.607317 -0.134824 -0.217777 0.206641 0.970202 -0.001265 -0.482461 0.224531 0.197809 -0.145080 -0.325594 0.013345 0.503617 0.063179 0.063075 -0.012024 -0.309932 -0.224151 0.019084 -0.138605
0.391690 0.165632 -0.301360 0.027911 -0.205483 -0.354564 0.679940 -0.094184 -0.196888 0.299683 1.020732 -0.011435 -0.599296 -0.028571 0.475669 -0.181108 -0.233668 0.087861 0.424631 -0.127762 0.130886 -0.038328 -0.251947 -0.356391 0.013312 -0.185983
0.267441 0.194096 0.264955 -0.282029 -0.315610 0.030070 0.866829 0.345385 -0.074584 -0.554237 -0.635058 0.398935 -0.369175 -0.855892 0.738182 -0.922020 -0.175730 -0.440775 0.408016 -1.108266 -0.166812 -0.129895 0.252833 -0.157981 -0.016216 0.129079
0.756866 -0.033815 -0.435243 -0.101933 -0.303279 -0.771704 1.198494 -0.157522 -0.369973 0.437547 1.618494 -0.083965 -0.803764 -0.234819 0.491363 -0.839357 -0.396558 0.360770 0.692959 0.047649 0.145915 -0.027953 -0.449497 -0.385211 0.012403 -0.233650
0.632966 0.018720 0.457455 -0.616641 -0.218028 0.259393 1.558287 0.625660 -0.113183 -0.362223 -0.462650 0.210106 -0.070464 -1.090998 0.901187 -0.555934 -0.125711 -0.449410 0.009464 -0.981093 -0.211732 -0.131994 0.429569 -0.011976 -0.016539 -0.113062
0.066350 0.342653 -0.146056 0.380449 -0.265838 -0.500204 0.389400 -0.244011 -0.162050 -0.188570 0.451577 -0.083314 -0.207564 0.273645 0.025568 -0.316696 -0.670603 0.319995 0.789473 0.028862 0.074877 0.014250 -0.304226 -0.196537 0.025172 -0.049884
0.178781 -0.038928 0.115212 -0.199906 -0.115406 0.230930 0.204771 0.428807 0.098158 -0.140032 -0.395854 0.442693 -0.198691 -0.369735 0.368634 -0.520212 0.020867 -0.474826 0.202908 -0.684302 -0.210879 -0.166511 0.270328 0.276215 -0.008544 0.027631
0.217431 -0.218364 0.121046 -0.265285 -0.461615 -0.907603 1.604944 0.005669 -0.208782 -1.174749 0.216912 -0.235695 -0.805560 0.205995 1.328080 -0.058850 -1.183575 -0.594977 0.099198 -1.101431 -0.039773 -0.083409 0.073112 -1.145279 0.016190 0.420774
0.474677 -0.140425 0.368105 -0.603993 -0.530721 -0.476655 2.090240 0.317057 -0.214110 -0.838502 0.084396 -0.305172 -0.966462 -0.523589 1.346840 -0.305827 -1.042472 -0.776649 0.045374 -1.596706 -0.133849 -0.133813 0.336193 -1.020467 -0.005724 0.341092
0.495338 0.239341 -0.006409 0.062598 -0.199720 -0.199405 0.388266 0.013783 -0.117933 0.176400 0.758773 -0.105954 -0.697532 0.095456 0.300448 0.022248 -0.232746 0.288582 0.379813 -0.202295 0.042644 -0.101866 -0.272792 -0.343443 0.015868 -0.192958
0.236672 -0.436479 0.065479 -0.199539 -0.770769 -1.168556 1.821144 -0.046810 -0.326598 -1.378356 0.271680 -0.712725 -1.292475 0.524920 1.502892 0.346527 -1.685957 -0.755061 0.086755 -1.288363 0.278519 0.013735 0.180706 -1.685716 0.038431 0.707812
0.389600 -0.064290 -0.142265 -0.313083 -0.360972 0.094400 1.025113 0.282676 -0.259683 -0.107544 0.301927 -0.625581 -0.568951 -0.604755 0.493696 -0.141860 -0.112553 -0.561083 0.022179 -0.772964 -0.132417 -0.075168 0.218349 -0.522452 -0.022619 0.145497
0.502557 0.229097 -0.007673 -0.118784 -0.117924 -0.506458 0.704347 -0.276571 -0.190014 0.145156 0.930136 -0.106506 -0.889738 0.005745 0.334603 -0.202417 -0.224081 0.330657 0.560238 -0.438476 0.100234 -0.076344 -0.207410 -0.543338 0.017906 -0.140990
0.316038 0.067446 0.197130 -0.364320 -0.235530 0.153662 0.570214 0.392135 -0.087724 -0.126853 -0.172596 -0.103375 -0.185133 -0.611248 0.452468 -0.369462 0.076894 -0.326855 0.066258 -0.751357 -0.166035 -0.165346 0.166914 -0.039128 -0.015316 0.042449
-0.017933 0.159444 0.232438 -0.370877 -0.267026 0.018465 0.506714 0.017764 -0.046697 -0.620793 -0.476073 0.389920 -0.462049 -0.846439 0.591382 -0.786370 0.001462 -0.598286 0.476817 -1.176802 -0.258118 -0.162217 0.173486 -0.183595 -0.023639 0.303675
0.569797 -0.185452 0.020635 0.050801 -0.381829 0.119735 0.398132 -0.013156 -0.385526 0.272642 0.346226 -0.120286 -0.608806 0.507751 0.145009 0.039395 -0.522371 0.103385 0.095334 -0.605024 0.128712 -0.130522 0.018026 -0.885805 0.033100 0.045346
0.491032 0.170676 -0.052157 0.048169 -0.059983 -0.183998 0.465226 0.093119 -0.151819 0.226470 0.746569 0.051118 -0.522481 -0.026061 0.304804 0.068725 -0.059502 0.106667 0.525437 -0.106210 0.045254 -0.069967 -0.226199 -0.371131 0.012550 -0.285290
0.349690 -0.397599 0.157925 -0.226554 -0.715037 -0.792144 1.758343 0.080691 -0.290100 -1.197303 0.182033 -0.817756 -1.314400 -0.022379 1.315085 0.013219 -1.543714 -0.771687 0.092828 -1.565822 0.175707 -0.000381 0.328011 -1.388493 0.019087 0.662168
-0.029980 0.157576 -0.189952 0.685735 -0.298841 -0.211080 0.394804 0.031939 -0.108535 -0.711998 -0.501271 -0.227604 -0.480607 -0.538124 0.469926 -0.712602 -0.613096 0.020466 0.285411 -0.501435 0.029874 0.142449 0.154487 -0.342546 -0.009783 0.245600
0.124275 -0.003725 0.052797 -0.066100 0.020932 0.166169 0.038478 0.321896 0.102579 -0.096877 -0.399403 0.438835 -0.038234 -0.219345 0.296070 -0.390269 -0.105565 -0.366497 0.141483 -0.342402 -0.150651 -0.109838 0.227567 0.249991 -0.004600 -0.045297
0.557013 0.246891 -0.202244 0.067595 -0.095658 -0.446838 0.537494 -0.271584 -0.147038 0.052607 0.778651 -0.172751 -0.565434 0.365949 0.267318 -0.042441 -0.207853 0.203256 0.550801 0.023471 0.122565 -0.000770 -0.206967 -0.349272 0.024560 -0.234897
0.680338 -0.034161 0.309248 -0.343299 -0.409777 -0.136747 1.611884 0.477156 -0.310425 -0.669217 -0.106921 -0.248743 -0.790792 -0.990660 0.935454 -0.589065 -0.711971 -0.491528 0.154245 -1.471739 -0.125622 -0.180710 0.292384 -0.400950 -0.022428 0.167667
0.449565 -0.197135 -0.013202 -0.714696 -0.410745 0.033480 1.499377 0.132333 -0.265922 -0.217838 0.285539 -0.626695 -1.113217 0.032475 0.574405 0.000969 -0.821807 -0.770695 -0.260309 -1.304234 -0.131447 -0.215717 0.421815 -0.976499 -0.011916 0.334161
0.525126 0.158382 -0.126294 -0.197547 -0.186322 0.094040 0.652965 0.311009 -0.287156 -0.016258 0.353971 -0.636061 -0.337949 -0.541922 0.392091 -0.036271 -0.103965 -0.555400 -0.018855 -0.496507 -0.084478 -0.244129 -0.082907 -0.149924 -0.026656 -0.046980
0.133043 -0.100710 0.123568 -0.472639 -0.401722 0.086028 1.207381 0.294639 0.010173 -0.106391 0.146016 -0.259178 -0.440473 -0.021823 0.486868 -0.211739 -0.328745 -0.509746 -0.021562 -0.647230 -0.168494 -0.008719 0.335013 -0.532829 -0.000768 0.149979
0.575789 0.263821 0.001398 -0.259395 -0.177152 -0.806528 0.867346 -0.373851 -0.165791 0.069024 0.912484 -0.310819 -1.005354 0.364119 0.288648 -0.408472 -0.534942 0.573443 0.450833 -0.368522 0.134220 -0.039922 -0.237579 -0.505254 0.028660 -0.085000
0.344084 -0.031925 -0.360568 -0.140155 -0.229593 -0.417114 0.681355 -0.105132 -0.159184 0.056260 1.188116 0.031348 -0.529668 0.218044 0.295508 -0.460489 -0.341082 0.175897 0.552787 -0.027691 0.070160 0.034591 -0.317200 -0.205007 0.020057 -0.105609
0.443880 -0.079542 -0.025790 0.120831 -0.509328 0.138589 0.333565 -0.113948 -0.311065 0.312582 0.320137 -0.339956 -0.753538 0.495264 -0.041438 -0.123811 -0.344440 0.074298 0.258675 -0.662411 0.117915 -0.089666 0.171055 -0.908053 0.025840 0.142043
0.356523 0.263905 -0.122691 0.115243 -0.172413 -0.243332 0.436972 -0.142789 -0.096192 0.047357 0.512299 -0.092688 -0.426561 0.193992 0.459734 0.022280 -0.198946 0.261871 0.395033 -0.160636 0.091192 -0.028135 -0.189450 -0.305186 0.014843 -0.174342
0.145312 0.278207 -0.101430 0.502975 -0.298631 -0.432544 0.132871 -0.247049 -0.037648 -0.073767 0.395038 0.029600 -0.323649 0.349492 -0.042682 -0.114708 -0.547875 0.147931 0.829415 0.104819 0.085922 -0.005488 -0.283454 -0.230768 0.027785 -0.049699
0.924547 -0.348277 0.150952 -0.532591 -0.506500 -0.263774 1.620032 0.493983 -0.484435 -0.257633 0.065461 -0.388621 -0.707949 0.008422 1.246122 0.159175 -0.930240 -0.594409 -0.130797 -1.376229 -0.041279 -0.206450 0.169744 -1.050176 0.015353 0.146932
0.145871 -0.115242 -0.095567 0.503354 -0.784920 -1.060615 0.489427 0.016120 -0.207210 -0.139981 0.921333 -0.241518 -0.428298 0.167252 0.712693 -0.473938 -0.356980 0.247831 0.792277 -0.265496 0.242775 0.186470 -0.349429 0.055279 0.006088 0.190565
-0.131891 -0.128681 -0.113247 0.077203 -0.382945 -0.927690 0.809667 -0.212114 -0.092878 -1.184866 0.217102 -0.099969 -0.457129 0.648432 0.865204 0.079582 -0.886354 -0.335579 0.140264 -0.487873 0.023778 -0.050292 -0.028310 -0.833484 0.022695 0.413289
0.317208 -0.186955 -0.029441 0.026695 -0.519583 0.006472 0.427621 0.001624 -0.153892 0.173578 0.390557 -0.139537 -0.702257 0.536601 0.080453 -0.064053 -0.532659 0.000124 0.244120 -0.461900 0.128720 -0.001066 0.120590 -0.700163 0.023273 0.159723
0.321571 0.083254 -0.323964 -0.059650 -0.405014 0.029091 0.670585 0.257892 -0.277806 0.119714 0.482247 -0.967791 -0.702172 -0.389934 0.265245 -0.145946 -0.040387 -0.580120 -0.016730 -0.634690 -0.085573 -0.158199 0.092664 -0.456533 -0.027425 0.163990
0.530215 -0.025831 -0.065796 0.357163 -0.108784 0.042592 0.153946 -0.010147 -0.318820 0.332854 0.382220 -0.356043 -0.243513 0.097974 -0.179167 0.149091 -0.027809 0.099754 -0.012195 -0.179447 -0.023626 -0.195690 -0.122229 -0.479923 0.017339 -0.114696
0.632711 0.269032 -0.035647 1.121718 -0.877751 -0.797670 0.175637 -0.121336 -0.003035 0.278439 0.722909 -0.614009 -0.808774 1.077731 0.421052 0.434588 -0.662411 0.392542 0.634302 0.247938 0.287082 0.018573 -0.406265 -0.771919 0.038218 -0.067071
-0.281992 -0.244694 -0.034972 -0.039651 -0.753756 -1.034838 1.380454 -0.250300 -0.136478 -1.154230 0.186185 -0.334681 -0.948386 0.546290 1.213157 0.401250 -1.252802 -0.600658 -0.005872 -0.873473 0.205364 0.046649 0.109505 -1.380071 0.027169 0.705192
0.248972 0.181672 -0.322717 0.321279 -0.378183 -0.347425 0.321959 -0.307432 -0.091770 0.207420 0.520859 -0.180484 -0.469632 0.470301 0.173290 0.192179 -0.166935 -0.230432 0.439248 0.202876 0.032546 0.002554 -0.189581 -0.341974 0.018405 -0.027107
0.584547 0.070760 0.064820 -0.241045 -0.381291 0.133353 0.652855 0.302584 -0.091937 -0.146140 0.018974 -0.267771 -0.028868 -0.854252 0.492225 -0.125298 0.049116 -0.392718 -0.016716 -0.391585 -0.053603 -0.118592 0.141913 -0.036502 -0.013644 -0.011261
0.336957 0.442136 -0.049309 0.651399 -0.483113 -0.507237 0.123011 -0.170998 -0.147950 -0.006301 0.556494 -0.060544 -0.255778 0.531909 0.097137 0.078699 -0.581581 0.434176 0.857035 0.146454 0.083611 0.026955 -0.440724 -0.164552 0.037580 -0.159323
0.379227 -0.145552 0.114148 -0.098406 -0.225951 0.204648 0.451599 -0.045562 -0.290898 0.257911 0.271531 -0.180486 -0.313743 0.110083 0.217508 0.241958 -0.219294 -0.018847 -0.099688 -0.645926 0.011338 -0.153267 0.039876 -0.678304 0.017476 0.033037
0.261610 -0.149098 0.016970 0.103242 -0.502620 -0.285309 1.125537 0.090119 -0.237124 -0.896308 0.052956 -0.685825 -1.047866 -0.534437 0.785555 -0.468417 -1.068775 -0.306841 0.119230 -1.317875 0.076457 -0.023157 0.281370 -0.610407 -0.016803 0.459763
0.405859 -0.025980 0.020352 0.104709 -0.307577 0.143735 0.331959 -0.208506 -0.315030 0.303540 0.365226 -0.336596 -0.519660 0.081901 -0.025735 -0.002249 -0.107441 0.102282 0.097515 -0.564620 0.011510 -0.184322 0.016335 -0.677460 0.014393 0.062390
0.630240 0.108165 0.009085 0.309701 -0.101654 -0.193437 0.287545 0.212359 -0.183179 0.354478 0.683375 -0.091308 -0.320930 0.104798 0.255620 0.040730 -0.033995 0.435318 0.270777 0.150677 0.055951 -0.124749 -0.345735 -0.117104 0.012859 -0.361503
0.574484 0.011924 0.057600 0.294169 -0.214232 0.175536 0.139499 -0.067567 -0.270027 0.437648 0.273247 -0.406703 -0.506021 0.266677 -0.156308 0.078186 -0.133888 0.224158 0.152592 -0.257781 0.084271 -0.101982 0.152668 -0.550044 0.021906 -0.101226
0.620526 0.348639 0.003773 0.056475 -0.184305 -0.124811 0.870710 0.332927 -0.367014 -0.470266 0.136720 -0.340183 -0.609738 -0.956939 0.643791 -0.394059 -0.320877 -0.312515 0.350400 -1.076362 -0.030671 -0.192834 0.069197 -0.166694 -0.022456 -0.050168
-0.177302 -0.202246 0.017545 -0.012798 -0.590002 -0.585878 0.604610 -0.191537 -0.184860 0.126754 0.854251 -0.091955 -0.365253 -0.307219 0.533269 -0.380521 -0.067512 0.193958 0.419338 -0.286715 0.100282 -0.019102 -0.163498 0.093447 -0.008783 0.258332
0.323037 0.171645 -0.082595 0.210272 -0.131741 -0.093782 0.279053 0.055056 -0.079467 0.168906 0.440792 -0.075686 -0.248972 0.117060 0.250604 0.080799 -0.176545 0.308024 0.213882 -0.036320 0.039064 -0.080531 -0.207204 -0.167992 0.007985 -0.201143
0.458328 0.098021 -0.047094 0.004394 -0.266998 0.054646 0.706269 0.163393 -0.254010 -0.191823 0.584350 -0.621397 -0.920285 -0.213541 0.309862 -0.046322 -0.618430 -0.264744 0.338966 -0.905792 0.058445 -0.137915 0.205884 -0.523809 -0.006856 0.058802
0.614975 0.283716 -0.045418 -0.172703 -0.048922 -0.498175 0.663518 -0.125912 -0.158886 -0.108171 0.829551 -0.291494 -0.675975 0.411823 0.248230 -0.092801 -0.378346 0.431116 0.344599 -0.189335 0.128305 -0.050426 -0.206083 -0.327432 0.024266 -0.223645
0.656097 -0.025967 0.028633 0.027034 -0.539457 0.108212 0.596667 0.213353 -0.221777 0.118091 0.208335 -0.099483 -0.330669 0.096885 0.305906 -0.191689 -0.279597 -0.192163 0.116588 -0.489707 0.125105 -0.068246 0.132277 -0.498858 0.013305 -0.008140
0.032427 -0.099732 0.364568 -0.176603 -0.292741 0.184567 0.487737 0.400653 0.059353 -0.129880 -0.011647 0.255593 -0.371672 -0.469428 0.371967 -0.419887 0.162794 -0.408037 0.182324 -0.850066 -0.198794 -0.196729 0.277441 0.181434 -0.012931 0.123568
0.137037 -0.022070 0.175905 -0.027381 -0.110879 0.398104 0.424360 0.357148 0.112365 -0.068202 -0.327667 0.139947 -0.033172 -0.280140 0.322367 -0.164867 -0.070934 -0.105838 -0.005764 -0.537517 -0.062340 -0.007887 0.422801 0.134982 -0.001595 -0.059061
0.642770 -0.062362 0.048979 0.206619 -0.224665 0.110330 0.262828 0.027131 -0.273414 0.281553 0.263781 -0.261508 -0.417785 0.259687 0.064009 0.081669 -0.302360 0.165384 0.071909 -0.407799 0.099304 -0.116303 0.102189 -0.570472 0.025108 -0.092449
0.279830 -0.039233 -0.297298 0.079724 -0.158629 -0.180642 0.783092 -0.137304 -0.195015 0.433085 1.576410 0.084537 -0.576506 -0.419668 0.228182 -0.460245 -0.082564 0.106346 0.264476 0.104446 0.074100 -0.055521 -0.347624 -0.212831 0.000125 -0.191680
0.567181 -0.286144 0.104556 -0.042300 -0.155586 0.015732 0.372803 0.088348 -0.307642 0.100264 0.214215 0.044473 -0.307250 0.275147 0.181899 0.174486 -0.556137 0.213878 0.013019 -0.232964 0.073757 -0.110745 -0.185209 -0.611182 0.033392 -0.048844
0.323197 -0.125738 -0.170815 0.045927 -0.505425 0.065546 0.347799 0.047830 -0.118924 0.220881 0.292764 -0.182687 -0.646932 0.399408 -0.054631 -0.155850 -0.274556 -0.098089 0.244775 -0.556385 0.128971 0.027824 0.279288 -0.656346 0.014263 0.160725
0.706158 -0.565725 0.042515 -0.061877 -0.741864 -0.926889 1.122004 0.171927 -0.343172 -0.693990 0.308940 -0.302238 -1.109184 0.885501 0.865307 0.467768 -1.543922 0.051575 0.162057 -0.729261 0.406781 0.047590 0.045270 -1.353549 0.067234 0.392414
-0.163995 -0.133470 0.139896 -0.082861 -0.098708 -0.042190 0.350689 -0.330877 -0.113771 0.285741 0.452180 0.053658 -0.304839 -0.529015 0.225530 -0.039548 0.252138 0.196647 0.486859 -0.399620 -0.054722 -0.113785 -0.107325 -0.064336 -0.012638 0.073851
0.188110 -0.039662 0.284963 -0.106005 -0.123337 0.216248 0.156941 0.388371 0.153631 -0.211295 -0.485256 0.438603 -0.066799 -0.504494 0.197325 -0.432045 -0.043602 -0.327236 0.390207 -0.743286 -0.244499 -0.138662 0.071091 0.185349 -0.007633 0.037377
-0.051724 -0.130318 0.438357 -0.245949 -0.076891 0.139031 0.407051 0.113413 0.007235 0.007364 0.096655 0.169779 -0.323725 -0.715372 0.381489 -0.004463 0.145633 -0.369744 0.195691 -0.676023 -0.092569 -0.185698 0.437052 0.196070 -0.017413 0.084858
0.207347 0.177654 0.195596 -0.382015 0.034821 0.184467 0.759333 0.442645 0.116994 -0.163840 -0.389130 0.504735 0.030265 -0.353222 0.487457 -0.345676 -0.039950 -0.103775 0.005665 -0.491741 -0.097174 -0.064010 0.342725 0.191813 -0.004849 -0.198079
0.291434 -0.101212 0.320681 -0.154064 -0.086921 0.171944 0.065944 0.492886 0.155538 -0.202256 -0.495551 0.688997 -0.226275 -0.586671 0.274356 -0.743886 -0.185277 -0.242960 0.209889 -0.713174 -0.242968 -0.168455 0.159426 0.350607 -0.006715 0.027433
0.389616 -0.143445 -0.093649 0.403890 -0.336205 -0.505495 0.884534 0.440512 -0.230777 -0.787987 -0.261723 -0.302946 -0.431618 -0.475445 0.808793 -0.363508 -0.655553 -0.189362 0.380245 -0.671127 0.046374 0.068002 0.042501 -0.530657 -0.003588 0.160922
0.464764 0.012731 -0.067473 0.176235 -0.217691 0.059228 0.149716 -0.156039 -0.282629 0.171795 0.287595 -0.435573 -0.525907 0.033899 -0.204887 -0.122826 -0.011322 0.172710 0.127418 -0.286772 -0.029786 -0.174293 -0.078667 -0.375854 0.012008 0.027724
0.428903 0.302028 -0.164169 0.150335 -0.075453 -0.472388 0.336456 -0.055904 -0.041538 0.028977 0.506190 -0.096155 -0.542816 0.276363 0.027789 -0.087041 -0.432411 0.202331 0.512831 0.224053 0.131934 -0.027243 -0.234680 -0.158239 0.021960 -0.206642
0.461520 0.272118 0.053752 -0.209542 -0.118631 -0.309642 0.482050 -0.207313 -0.117279 -0.145253 0.755778 -0.141477 -0.733640 0.218121 0.255661 -0.077051 -0.319163 0.348460 0.449209 -0.486666 0.067886 -0.078688 -0.174287 -0.420850 0.020570 -0.105292
0.691030 0.193972 -0.205029 -0.086987 -0.867279 -0.664001 0.907903 -0.028532 -0.296089 0.670565 1.462514 -0.661459 -1.212596 0.202119 0.602749 -0.237562 -0.120253 0.013029 0.832321 -0.666091 0.137766 -0.225581 -0.337294 -0.446558 0.051997 0.012998
-0.066133 0.269473 -0.145913 0.405484 -0.023115 -0.095305 -0.015443 -0.216515 -0.084612 -0.495666 -0.583644 -0.102401 -0.247134 -0.361878 0.210247 -0.680664 -0.330762 0.006852 0.239506 -0.187456 -0.111910 0.090800 0.150508 -0.120855 -0.008311 0.138075
-0.218881 -0.135220 -0.390529 -0.170039 0.089838 -0.069987 0.734493 -0.196616 0.035081 -0.139133 -0.260208 -0.338099 -0.015535 0.369553 0.520022 -0.051066 -0.095937 -0.034055 0.476430 -0.108312 -0.122336 -0.014604 -0.044690 -0.212488 -0.005360 0.018830
0.331387 -0.281255 -0.231341 -0.074149 -0.494945 0.227915 0.372415 -0.047885 -0.268633 0.120780 0.307122 -0.237556 -0.746018 0.315602 -0.003312 -0.048429 -0.503812 -0.037987 0.299665 -0.609013 0.053987 -0.039857 0.185778 -0.856172 0.024259 0.238714
0.242447 0.075793 0.401505 -0.142227 -0.206264 0.023299 0.423730 0.169872 -0.126874 -0.286897 -0.120720 0.348680 -0.203452 -0.885032 0.222575 -0.238588 0.083250 -0.141514 0.183975 -0.594788 -0.100541 -0.208410 0.193368 -0.000053 -0.011351 0.056883
0.182683 0.123371 0.143646 0.565742 -0.355315 -0.313465 0.052254 -0.387786 0.025614 -0.106465 0.590700 -0.001593 -0.496798 0.578311 0.154417 0.028080 -0.321995 0.133848 0.205370 -0.105844 0.138527 0.018980 -0.122619 -0.383926 0.013496 0.038071
0.469328 0.114171 0.121796 -0.287829 -0.149931 -0.093266 1.053247 0.593269 -0.073544 -0.380680 -0.354478 0.297703 -0.162509 -0.529692 0.746252 -0.524113 -0.251723 -0.275426 0.315347 -0.653865 -0.083107 -0.051973 0.173703 -0.201613 -0.002488 -0.129555
0.437145 0.051072 -0.047039 0.013934 -0.385939 0.087011 0.423939 0.107679 -0.126657 0.142168 0.194204 -0.156776 -0.259221 0.100857 0.032287 -0.081288 -0.150078 -0.155780 0.071575 -0.439666 0.105193 -0.074004 0.131168 -0.478618 0.004899 0.014058
0.357557 0.107787 0.466529 -0.350249 -0.303317 -0.008529 0.667203 0.357042 -0.143098 -0.351366 -0.121789 0.271352 -0.344944 -1.077048 0.511396 -0.179384 -0.158463 -0.378221 0.198114 -0.799782 -0.119363 -0.226153 0.208740 0.096799 -0.027797 0.077147
0.362542 0.181441 -0.000177 0.130786 -0.325958 -0.225087 0.270268 0.026168 -0.046934 0.049288 0.376380 -0.273104 -0.562725 0.154336 0.186961 -0.033193 -0.248645 0.176321 0.125580 -0.075397 0.041676 -0.058958 -0.171610 -0.269143 0.007439 -0.022168
0.173925 -0.189995 0.001651 -0.011731 -0.466256 -0.105905 0.426013 -0.018736 -0.083510 0.081819 0.312255 -0.162725 -0.618483 0.625809 0.173541 0.026621 -0.580638 -0.014810 0.251244 -0.308142 0.075131 -0.016649 -0.030817 -0.711120 0.026721 0.179566
-0.805090 -0.018662 -0.053270 0.026183 -0.024073 -0.908462 0.262338 -0.441475 0.003596 -0.755710 -0.108074 0.292584 0.050663 0.402336 0.438557 -0.187520 -0.553973 0.085043 0.075456 -0.106949 -0.094382 0.013820 -0.226992 -0.209111 0.005568 0.388248
0.506359 -0.037353 -0.058900 0.240093 -0.176534 0.033099 0.219733 -0.194727 -0.223696 0.166664 0.268722 -0.139460 -0.406428 0.077137 -0.112980 -0.084719 -0.044776 0.076556 0.026115 -0.330851 -0.021247 -0.187673 -0.088602 -0.376034 0.014714 -0.014776
-0.752690 -0.043217 -0.116301 0.009067 0.036699 -0.943305 0.224696 -0.358019 -0.003015 -0.664721 -0.039520 0.229015 0.038096 0.111186 0.112082 -0.089401 -0.551770 0.188793 0.193251 0.118742 -0.118792 -0.011242 -0.145275 -0.328929 0.006877 0.356576
-0.318297 0.121068 0.079017 0.308646 -0.044939 -0.726387 0.069333 -0.632486 0.082454 -0.563872 0.049006 0.029731 0.026808 -0.133770 -0.270539 0.125734 -0.376750 0.422363 0.279466 0.481717 -0.130838 -0.063851 -0.144457 -0.284719 0.000801 0.200745
0.316067 -0.046614 0.045299 0.168526 -0.085272 0.143074 0.288772 0.074670 -0.206233 0.329185 0.271619 -0.197554 -0.070228 0.063077 -0.010450 0.238049 -0.076656 0.086097 -0.023130 -0.248806 0.016369 -0.145576 0.019044 -0.458867 0.013883 -0.116432
-0.294580 -0.140611 -0.288620 -0.158879 0.040636 -0.211455 1.055869 -0.610460 0.219711 -0.319943 -0.062374 -0.156544 -0.088154 0.448547 0.367722 -0.320673 -0.213138 0.309610 0.448242 -0.009243 -0.115413 0.003053 0.027206 -0.495798 -0.003154 0.077234
-0.123928 -0.102461 -0.207463 -0.064126 -0.007805 -0.073223 0.830399 -0.500359 0.146007 -0.239070 -0.074356 -0.217383 0.027488 0.440329 0.285005 -0.248356 -0.156646 0.232291 0.393591 0.040305 -0.141008 -0.020333 -0.099902 -0.430834 0.000309 0.023366
0.620787 0.149750 0.100134 0.452696 -0.274632 -0.236322 0.158300 0.125556 -0.139782 0.279240 0.484019 -0.222018 -0.510841 0.150090 0.254608 0.053640 -0.080611 0.312937 0.188946 0.038743 0.103276 -0.117810 -0.285959 -0.164258 0.013687 -0.214370
-0.089484 -0.072789 -0.477772 0.124921 0.001886 -0.018045 0.894611 -0.202285 0.218677 -0.192151 -0.028157 -0.270661 -0.248316 0.247607 0.429701 -0.059590 -0.124337 -0.313357 0.276806 -0.206242 -0.097113 0.100805 0.050828 -0.277561 -0.005363 0.010007
0.021172 0.059302 0.074128 0.354282 -0.172551 -0.887265 0.129453 -0.266844 -0.130045 -0.552969 0.033790 0.050747 0.230124 0.253555 0.129086 0.334532 -0.462565 0.752905 0.502500 0.422757 0.043736 -0.035431 -0.499634 -0.320444 0.020162 0.030985
-0.078363 0.048407 -0.148583 -0.052794 -0.001012 -0.131204 0.798653 -0.374664 0.088110 -0.106060 -0.068139 -0.247709 0.027326 0.083581 0.286189 -0.095910 -0.009724 0.247212 0.278122 -0.077475 -0.065949 -0.002300 -0.087314 -0.344515 0.001101 -0.021801
0.151703 -0.043001 0.140895 0.205814 -0.380515 0.602454 -0.370512 0.043953 0.058534 0.247245 0.126421 0.172732 0.320910 -0.084823 -0.041310 -0.115497 -0.266153 -0.029866 0.134324 -0.118661 -0.063616 -0.004748 0.052957 0.088664 0.012295 -0.007029
0.338440 -0.292138 -0.038965 -0.091609 -0.296296 0.110727 0.491790 0.022854 -0.299471 0.129775 0.286914 -0.004522 -0.514369 0.298961 0.197403 0.036202 -0.624622 0.151138 0.186055 -0.425676 0.091884 -0.081694 0.080489 -0.704644 0.026557 0.077994
-0.551031 -0.058798 -0.134514 0.242899 -0.069831 -0.793716 0.144862 -0.493023 -0.002345 -0.517650 0.069865 0.128104 -0.015968 -0.076359 -0.129180 -0.025653 -0.405373 0.484846 0.293491 0.355978 -0.139477 -0.048046 -0.247139 -0.367885 0.009797 0.300614
0.175523 0.022687 -0.172391 0.337402 -0.457327 -0.413492 -0.008732 -0.127083 0.082158 0.033811 0.377133 -0.102201 -0.349114 0.622285 0.161335 0.149872 -0.385908 -0.092709 0.448600 0.132416 0.126265 -0.047788 -0.220532 -0.488047 0.024481 0.087194
1.519048 0.225149 0.079794 -0.015004 -1.145820 -1.138632 1.238349 0.424453 -0.536280 0.542909 1.811362 -1.203021 -1.643029 0.238761 1.110528 -0.256865 -0.316963 -0.025262 1.496148 -0.522815 0.319355 -0.478606 -0.959255 -0.679023 0.038668 -0.175075
0.414450 -0.062108 -0.007621 0.292318 -0.070747 0.132697 0.275890 -0.019441 -0.207893 0.229622 0.398093 -0.124208 -0.076798 0.075955 -0.047207 0.012226 -0.050607 0.009861 0.109847 -0.182992 0.040455 -0.151330 -0.133808 -0.319292 0.017982 -0.150202
0.150943 -0.149164 0.238816 0.042773 -0.077957 0.345502 0.226455 0.266797 -0.129122 -0.142272 -0.065171 0.213295 -0.093587 -0.730383 0.159950 -0.057398 -0.052618 -0.349732 0.313044 -0.487938 -0.115937 -0.208004 0.089222 0.112118 -0.007708 0.012479
0.550511 0.224355 -0.141563 0.126915 -0.136767 -0.042574 0.566383 0.295687 -0.228963 0.120374 0.410526 -0.648460 -0.340633 -0.345337 0.401037 0.019690 -0.078352 -0.350547 0.096195 -0.479638 0.040786 -0.187171 -0.017403 0.021935 -0.020250 -0.164423
1.334389 -0.020601 0.279220 0.316911 -0.499842 -0.264603 0.507034 -0.037628 -0.477370 0.615663 1.248149 -0.158788 -0.757507 0.014379 0.667358 -0.149986 0.225201 0.616207 0.782531 -0.107866 0.215741 -0.310523 -0.756163 -0.023580 0.031153 -0.436680
-0.012053 -0.035995 -0.167922 -0.014156 -0.010191 -0.196100 0.992451 -0.402370 0.105302 -0.228618 -0.005676 -0.386112 -0.002687 0.226864 0.289206 -0.056651 -0.072343 0.267179 0.472607 0.036816 -0.140384 -0.008170 -0.137567 -0.318963 -0.004093 -0.043048
-0.957801 -0.005569 0.069254 -0.133435 -0.129618 -0.547168 0.347579 -0.360158 0.109965 -0.574324 -0.048109 0.268952 0.013079 0.188174 0.278669 -0.305810 -0.327845 -0.121252 0.133050 -0.332846 -0.077795 0.007494 0.014751 -0.244217 0.001329 0.439702
0.179697 -0.122989 0.210804 -0.120443 -0.040792 0.056246 0.098627 0.329370 0.133546 -0.134931 -0.267808 0.490758 -0.128037 -0.382122 0.243593 -0.616222 -0.149456 -0.123155 0.078246 -0.446512 -0.158702 -0.100316 0.129658 0.232978 -0.006141 0.019055
0.358765 -0.067007 0.173026 0.261240 -0.204008 0.582165 -0.472612 0.166966 0.049618 0.277599 0.066179 0.373492 0.348160 -0.267199 -0.120385 -0.070863 -0.214661 -0.021701 0.180471 -0.077966 -0.067406 -0.023406 -0.005758 0.177808 0.017499 -0.138232
0.575491 0.081100 0.038190 -0.062071 -0.130753 0.173197 0.384134 0.218502 -0.194203 -0.002530 0.165171 -0.167994 -0.059950 -0.525900 0.092392 0.095004 -0.083631 -0.128028 -0.047649 -0.213721 -0.044526 -0.185502 -0.045806 -0.090118 -0.005731 -0.129777
0.356747 -0.154711 0.098276 -0.214019 -0.304828 0.000541 0.817095 0.269169 -0.092076 -0.040870 0.259290 -0.202868 -0.347880 0.269421 0.593511 -0.071412 -0.308345 -0.038661 0.168594 -0.480771 -0.097599 -0.046251 0.070900 -0.530878 0.002759 -0.016631
-1.033534 -0.199375 0.149795 -0.127364 -0.028594 -0.669952 0.297037 -0.247465 0.077695 -0.594501 -0.099009 0.302137 -0.018793 0.070799 0.173847 -0.341390 -0.439676 -0.083273 0.122904 -0.303845 -0.138406 0.030502 -0.026402 -0.221834 0.000403 0.497587
0.263066 -0.178912 0.319155 -0.345349 -0.167742 0.314403 0.841396 0.277441 -0.008483 0.100818 0.159625 -0.182358 -0.084733 0.127855 0.220744 0.287941 -0.170518 -0.069724 -0.259160 -0.422566 -0.080303 -0.074153 0.273185 -0.436601 0.011512 -0.053268
0.541442 -0.135643 0.155326 0.081192 -0.147554 0.134322 0.349733 0.148594 -0.170496 0.079704 0.083950 0.007460 -0.255292 0.115093 0.132575 0.103090 -0.350351 0.167220 0.009566 -0.168085 0.051733 -0.068438 -0.013432 -0.364825 0.027176 -0.113576
0.628274 0.054871 -0.186656 0.245167 -0.088555 -0.094034 0.088546 0.045041 -0.305669 0.249918 0.267521 -0.344197 -0.380539 0.022881 -0.114605 0.004889 0.014766 0.033126 -0.000591 -0.126196 -0.067582 -0.159224 -0.216690 -0.288223 0.012934 -0.111158
0.263986 0.264972 -0.243452 0.227709 -0.098817 -0.122820 0.455269 -0.139850 -0.071938 -0.362510 0.012878 -0.422751 -0.523327 -0.395722 0.294374 -0.595366 -0.557386 0.090329 0.123296 -0.766937 0.156501 0.037176 0.153239 -0.113158 -0.019987 0.079761
0.212091 -0.047259 -0.032989 0.195997 -0.236084 0.418274 -0.439084 -0.059408 0.174220 0.413373 0.027578 -0.028754 0.292773 -0.027138 0.016842 0.105196 -0.010783 0.169668 0.177732 -0.064115 -0.035204 0.060843 0.040973 -0.059981 0.024495 -0.065488
0.571593 -0.398810 0.061384 0.063699 -0.374406 -0.768602 1.032217 0.593496 -0.301516 -0.932333 0.013411 -0.362834 -0.450003 -0.076869 1.077841 -0.080666 -0.692833 -0.188428 0.260853 -0.863373 0.035230 -0.027117 -0.124929 -0.610328 0.008247 0.196178
0.619438 -0.072132 0.234900 0.011339 -0.267284 0.092338 0.655460 0.324383 -0.163779 0.110155 0.068513 -0.021105 -0.346829 0.131204 0.271658 -0.107985 -0.525578 0.010811 0.058093 -0.155087 0.035930 -0.017605 0.048177 -0.427512 0.028604 -0.138402
0.356372 -0.038056 -0.291583 -0.101587 -0.273466 -0.244689 0.462876 0.105589 -0.192238 0.138269 0.756386 0.001853 -0.334900 0.052081 0.487433 -0.077344 -0.179367 -0.052615 0.220085 0.058138 0.130620 -0.040905 -0.282010 -0.175776 0.016066 -0.092677
-0.039450 0.234326 0.073836 0.615493 -0.674126 -0.558111 0.147412 -0.270127 0.047651 -0.105601 0.386011 -0.344945 -0.678257 0.648285 0.233026 -0.025523 -0.440176 -0.260776 0.407153 -0.242291 0.187155 0.096111 -0.208204 -0.291380 0.005350 0.256749
0.149005 0.061280 -0.050018 -0.216882 0.162128 -0.031908 0.043063 -0.025102 -0.018870 -0.043757 -0.324471 -0.267035 -0.109348 -0.118475 0.058023 -0.048702 -0.212925 0.140943 0.541919 0.045668 -0.077342 -0.109420 -0.253095 -0.083463 0.011813 -0.064721
0.194521 0.123032 -0.131570 0.085716 -0.078842 -0.083645 0.381966 0.083968 -0.058920 0.187266 0.497861 -0.016806 -0.207557 0.094152 0.300286 -0.019422 -0.120261 0.073371 0.175183 -0.029837 0.040250 -0.062266 -0.131914 -0.113047 0.005980 -0.181341
0.251276 -0.054843 0.039837 0.143134 -0.175264 0.117047 0.362096 -0.216906 -0.163166 0.197106 0.381772 -0.082578 -0.229890 -0.146523 0.010525 -0.006506 -0.008260 0.013626 0.082598 -0.401107 -0.003255 -0.175766 -0.029451 -0.394353 0.007880 0.006328
0.958845 -0.157772 0.030540 0.174420 -0.446573 -1.038332 0.956540 0.325672 -0.442341 -0.874136 0.164353 -0.105544 -0.346720 0.381100 0.856219 0.254996 -0.994692 0.449659 0.332672 -0.418505 0.201098 -0.070679 -0.344477 -0.641217 0.038914 -0.011735
0.171412 -0.005398 -0.264084 0.533401 -0.499117 -0.276943 0.103051 -0.294850 0.113884 0.018167 0.274009 -0.435054 -0.480889 0.660018 0.236097 0.321487 -0.024091 -0.293791 0.297942 0.308480 0.069598 -0.001835 -0.036794 -0.575507 0.017522 0.119648
0.146213 -0.162843 0.303576 -0.046765 -0.174175 -0.192549 0.416376 -0.289961 -0.040633 0.112291 1.132335 0.169725 -0.388272 -0.367453 -0.049903 -0.386217 -0.111404 0.587742 0.158537 0.039777 -0.067910 -0.065240 -0.259103 0.093839 0.001057 -0.023986
0.035219 -0.043314 0.177783 0.269265 -0.289567 0.613124 -0.466726 -0.013628 0.163706 0.392253 0.137197 0.125086 0.122606 -0.208896 -0.111398 -0.129921 0.028681 -0.096976 0.225541 -0.208337 -0.065607 -0.010327 0.131774 -0.016919 0.016355 0.010847
-0.161856 -0.022461 -0.167726 -0.094188 -0.070730 -0.222801 1.082400 -0.462124 0.145847 -0.400241 0.034112 -0.313487 -0.070312 0.175835 0.296002 -0.230580 -0.098762 0.206245 0.359311 -0.005046 -0.140125 -0.010592 -0.016454 -0.275399 -0.011907 0.060960
0.475307 -0.031393 0.087428 0.359579 -0.230772 0.499070 -0.409497 0.284863 0.016252 0.625719 -0.042221 -0.155256 0.385691 0.118242 -0.006854 0.066758 0.032673 0.204045 0.245160 -0.117325 -0.058358 0.019784 -0.119106 -0.040007 0.024295 -0.234139
0.523386 0.025990 -0.060940 -0.254976 -0.588912 -0.298318 0.328623 0.467643 -0.129019 0.260064 0.562515 -0.619311 -0.880475 0.307725 0.209434 -0.370731 -0.375117 -0.501586 0.117436 -0.333433 0.063906 -0.031999 -0.092262 -0.394160 0.012428 0.151371
0.164350 0.207184 -0.028705 0.271490 -0.167107 -0.042795 0.138257 -0.057936 -0.021296 0.066610 0.214647 -0.175767 -0.292610 0.139204 0.116183 0.088355 -0.158350 0.267302 0.098172 0.014700 0.006569 -0.056702 -0.146453 -0.165936 0.002920 -0.081693
0.099419 0.122183 0.230638 0.530792 -0.635199 -0.549274 -0.037308 -0.263610 0.106304 -0.142874 0.499252 0.025635 -0.441127 0.665869 0.167743 -0.052039 -0.361293 0.106597 0.219182 -0.241655 0.208042 0.006471 -0.173710 -0.395190 0.010879 0.198630
0.601131 0.008855 0.854028 0.244756 -0.500909 0.429499 -1.187617 -0.057871 0.389745 0.456984 -0.072360 1.000171 0.097087 -0.314347 -0.498641 0.045385 0.004474 0.415235 0.489171 -0.304612 0.096097 0.014456 0.020342 0.575081 0.043193 -0.068519
-0.267814 -0.089112 -0.032201 -0.245630 -0.022211 -0.328968 0.885645 -0.443271 -0.057259 -0.280554 -0.116119 -0.611428 -0.511735 0.276299 0.147390 -0.049478 -0.192849 0.387618 0.830929 -0.450363 -0.225012 -0.178710 -0.127580 -0.462297 0.002710 0.202448
0.462792 -0.006046 0.051796 0.004101 -0.065808 -0.131408 0.347526 0.157750 -0.090258 0.106633 0.401441 0.079718 -0.145236 0.102037 0.242035 0.090842 -0.091133 0.149416 0.346443 0.008606 -0.026874 -0.068814 -0.175545 -0.046677 0.004211 -0.236845
0.850243 0.330705 -0.072454 0.555851 -0.418992 -0.448761 0.196821 -0.006972 -0.250273 0.163233 0.467701 -0.117706 -0.341720 0.364070 0.184498 0.381254 -0.240316 0.521631 0.514598 0.428510 0.086301 -0.019620 -0.362379 -0.102007 0.029827 -0.329565
0.065422 0.068057 0.344545 -0.029609 -0.110008 0.055006 0.320089 0.219402 0.029683 -0.286314 -0.397801 0.092451 -0.045353 -0.420116 0.309372 -0.037798 0.038632 -0.323411 0.518990 -0.758297 -0.119651 -0.146662 0.098198 0.113448 -0.004535 0.038566
0.186911 0.093911 -0.091658 -0.154315 0.103459 -0.125635 0.068992 -0.051271 -0.030356 -0.076254 -0.285017 -0.246986 -0.225375 -0.162461 0.012189 -0.010450 -0.205638 0.280720 0.672725 -0.062891 -0.053497 -0.129477 -0.307641 -0.224661 0.014614 -0.044583
0.344408 -0.080786 0.242472 0.227690 -0.169430 0.406559 -0.425168 0.137457 0.081082 0.248379 0.010156 0.347735 0.162631 -0.316524 -0.120429 -0.031967 -0.076895 0.001309 0.152501 -0.133428 -0.092722 -0.040818 -0.032683 0.180686 0.017839 -0.093594
0.117345 -0.170722 0.208374 -0.159623 -0.202063 0.222338 0.591646 -0.011127 -0.070522 0.193447 0.228784 -0.112157 -0.095902 -0.063175 0.227806 0.154026 -0.113035 -0.135657 -0.084899 -0.507315 -0.046160 -0.117815 0.124594 -0.392900 0.004217 0.047858
-0.096601 0.029149 0.173392 0.328019 -0.029688 -0.932351 0.108595 -0.391364 -0.162141 -0.632632 0.001798 0.239072 0.178290 0.358048 -0.083381 0.273933 -0.520388 0.788607 0.330684 0.414524 -0.020866 -0.033647 -0.455990 -0.290934 0.030505 0.070883
0.205915 -0.046585 -0.068808 -0.318260 0.025919 -0.325170 0.671670 -0.158894 -0.062499 0.062041 -0.191935 -0.286374 -0.164760 0.124147 0.241779 -0.078147 -0.187681 0.302626 0.764351 -0.201749 -0.170586 -0.058194 -0.190529 -0.221489 -0.000185 -0.058353
0.425964 0.091260 0.100897 0.816921 -1.039752 -0.814666 0.074540 0.215285 0.202736 0.113229 0.711002 -0.682162 -0.737171 0.966522 0.596664 0.210650 -0.668890 0.219880 0.371289 0.118017 0.441140 0.088981 -0.265219 -0.822985 0.020605 0.138225
0.348553 -0.015457 0.296459 0.439055 -0.253253 0.628529 -0.472426 0.205296 0.104224 0.297776 0.166296 0.346290 0.387013 -0.317532 -0.066240 -0.098495 -0.059843 0.143881 0.345769 -0.197702 -0.070815 -0.016359 0.034157 0.074406 0.023460 -0.194147
0.552585 0.044670 0.382489 0.045455 -0.151808 0.391582 0.743751 0.492788 0.072080 0.052506 -0.422661 0.211489 0.090483 -0.371489 0.429307 -0.216939 -0.201624 -0.077483 -0.053414 -0.208360 -0.028632 0.078067 0.475305 0.169763 0.012414 -0.280270
0.115486 -0.017079 -0.040558 0.230299 -0.178175 -0.672545 0.155933 -0.114770 -0.079889 -0.382530 0.022366 -0.005451 0.174208 0.401130 0.427000 0.214137 -0.275161 0.580995 0.486594 0.225582 0.100184 -0.005234 -0.360405 -0.261477 0.009283 -0.025310
-0.202025 -0.151361 -0.350467 0.295212 0.018424 0.105458 0.792914 -0.235652 0.138468 -0.259180 0.134596 -0.341603 -0.264934 0.289836 0.679483 0.009689 -0.065404 -0.233277 0.206527 -0.312884 0.030130 0.088635 0.077212 -0.221083 -0.004584 0.014102
0.240619 0.052857 -0.150624 -0.130560 0.148754 -0.527336 0.473086 0.044930 -0.191471 -0.056867 -0.263481 -0.545572 -0.263937 0.236727 0.143469 -0.081488 -0.014388 0.231931 0.713370 -0.273272 -0.153500 -0.149979 -0.219674 -0.128364 -0.001036 -0.074286
0.353239 -0.247386 0.223884 -0.231900 -0.092983 0.203168 0.437292 0.128787 -0.180181 0.062885 0.178395 0.031252 -0.038206 0.076383 0.199164 0.350020 -0.295237 0.071726 -0.227999 -0.380771 0.003409 -0.101367 0.012491 -0.480437 0.024302 -0.033572
0.184716 0.153484 0.360757 -0.508344 -0.000255 -0.002749 1.225082 0.347203 0.144632 -0.317311 -0.070151 0.208147 -0.140963 -0.308510 0.565273 -0.303753 -0.283288 0.096542 0.062044 -0.466839 -0.177495 -0.014974 0.251697 -0.065690 -0.007719 -0.170493
0.386541 -0.130445 -0.199367 0.106171 -0.178279 0.216161 -0.008024 -0.004747 0.126781 0.191371 0.137762 0.091025 0.183533 0.010947 -0.098949 -0.143511 -0.163856 0.118087 0.267160 0.181829 -0.016085 0.006740 0.003494 0.065481 0.018486 -0.120671
0.156371 -0.043839 -0.365462 -0.059258 -0.096803 -0.185520 0.847148 -0.135601 0.142883 -0.259967 -0.067419 -0.093803 -0.207963 0.095277 0.262120 -0.168199 -0.175703 -0.198734 0.332207 -0.072921 -0.139160 0.069838 -0.009326 -0.202062 -0.003431 0.007895
0.454718 -0.129232 -0.046588 0.332360 -0.301897 0.551737 -0.344880 -0.066727 0.109141 0.380412 0.090577 -0.053833 0.272939 -0.124397 0.024535 0.152497 -0.046014 0.057055 0.283519 -0.073018 -0.064236 0.064912 0.043579 0.010347 0.024119 -0.113023
-1.367965 0.013060 0.074843 -0.300191 -0.062735 -0.453304 0.888652 -0.714299 0.289572 -0.371375 0.021011 -0.437864 -1.008179 0.263363 0.033688 -0.140879 -0.807940 0.005734 0.987129 -0.705065 -0.288948 -0.149390 -0.044005 -0.664586 0.006287 0.617028
0.029845 0.172653 -0.066927 -0.052844 -0.058391 -0.344762 -0.021288 0.067189 -0.135617 0.055247 -0.134439 -0.370951 -0.404254 0.177779 -0.016594 -0.259972 0.081419 0.173035 0.542181 -0.300172 -0.046800 -0.170654 -0.115206 -0.277948 0.011130 0.064105
0.284397 -0.056266 0.255341 -0.256637 -0.000920 0.170386 0.766012 0.264091 -0.011018 -0.053555 0.216337 -0.068232 -0.139723 0.358640 0.000504 0.285479 -0.087953 0.172231 -0.182772 -0.109792 -0.063332 -0.033995 0.230384 -0.482101 0.022925 -0.171934
0.053281 0.307210 0.027028 -0.038824 -0.187090 -0.396906 -0.130596 0.053710 -0.081083 -0.023501 -0.216442 -0.417984 -0.517923 0.359245 -0.064476 -0.153322 -0.009387 0.166367 0.550263 -0.458505 -0.023253 -0.177189 -0.115096 -0.358766 0.013040 0.126320
0.150069 0.065455 -0.205577 0.067593 -0.376580 -0.079433 0.235766 0.248673 -0.156042 0.274966 0.416244 -0.832834 -0.405426 -0.014567 -0.051120 -0.074468 -0.097838 -0.276833 0.088586 -0.301037 -0.052622 -0.113951 -0.050010 -0.300990 -0.012668 0.133442
-0.515177 0.031765 0.334833 0.492205 -0.532799 -1.024357 -0.361105 -0.343700 0.277702 -0.714380 -0.620896 -0.128628 -0.013313 -0.129623 0.485239 0.115786 0.143987 0.441917 0.426067 -0.479075 -0.013990 0.161422 -0.034624 0.036955 -0.017357 0.534471
0.143353 0.240832 0.162510 0.083663 -0.067864 -0.527166 -0.351767 0.123286 -0.284052 -0.295225 -0.654984 -0.282955 -0.100474 0.108673 0.150478 -0.025062 -0.316818 0.886656 0.604311 -0.420336 0.115153 -0.269860 -0.125422 -0.254793 0.015827 0.060547
-0.481169 -0.252448 0.123989 0.022793 0.000425 0.022157 0.267775 -0.083318 -0.036220 0.027605 0.268666 0.198458 -0.043799 -0.277552 0.243469 -0.060593 0.265600 0.128194 0.298439 -0.265739 -0.044066 -0.011396 0.022830 0.082894 -0.012579 0.097702
0.248114 0.019097 -0.009910 0.188988 -0.369218 0.009834 0.146817 -0.095971 -0.164385 0.209214 0.186564 -0.496542 -0.579568 0.220762 -0.172779 -0.110677 -0.082951 0.185150 0.383009 -0.258032 0.082580 -0.011401 0.075446 -0.524360 0.016935 0.104358
0.168414 -0.120364 0.122242 0.227647 -0.245387 0.001592 0.312996 -0.177874 -0.149848 0.035369 0.314000 -0.001869 -0.276791 0.048703 0.031490 -0.168865 -0.298820 0.081897 0.232417 -0.316253 0.044225 -0.119403 -0.108575 -0.462908 0.021506 0.073047
0.064900 -0.031759 -0.112632 -0.080071 0.058864 -0.183551 0.103098 -0.057570 0.037126 -0.148478 -0.199589 -0.397928 -0.061269 -0.037307 0.125297 -0.182208 -0.217942 -0.014669 0.358820 0.014575 -0.073577 -0.039304 -0.231692 -0.035420 0.006216 0.045261
0.315816 -0.480715 -0.216854 -0.201556 -0.541313 -0.032275 0.662328 0.114502 -0.170986 -0.464876 0.275688 -0.396481 -0.934869 0.208802 0.273881 0.052141 -0.913336 -0.249688 -0.228003 -0.836462 0.063882 -0.103245 0.352985 -0.896807 0.012668 0.466979
0.201786 0.316276 -0.010618 -0.029393 -0.266205 -0.794329 0.228807 -0.036323 -0.230221 -0.033090 0.107161 -0.900293 -0.560917 0.553314 0.132756 0.553904 0.024177 -0.071860 0.984096 -0.587766 0.130662 -0.182945 -0.199177 -0.592025 0.017922 0.096281
-0.291903 0.082451 0.083763 0.453648 -0.435883 -0.883320 0.154980 -0.607104 -0.065116 -0.554343 0.061908 0.011919 -0.115452 0.220707 0.010826 0.034027 -0.613186 0.753029 0.314803 0.135526 -0.041724 -0.003176 -0.518043 -0.411282 0.031979 0.337862
0.113555 -0.140447 0.141160 0.490635 -0.344413 -0.554679 0.097947 -0.099787 -0.028150 -0.190534 0.327933 0.183660 -0.117307 0.125001 0.155725 -0.594650 -0.214163 0.233742 0.260036 -0.392333 0.039443 0.117522 -0.237322 0.199884 0.000881 0.135552
-0.293106 -0.121636 0.088347 0.265467 -0.253921 -0.289870 -0.098123 -0.104093 -0.001597 -0.407853 -0.164270 -0.188413 -0.166369 -0.122438 0.387392 -0.022414 -0.085431 0.220000 -0.027177 -0.316848 0.060322 0.108458 -0.014471 -0.205678 -0.019834 0.317965
0.340590 -0.079443 0.099925 0.059167 -0.425083 -0.473354 0.364631 0.192717 -0.259398 0.016276 0.383206 -0.047922 -0.101392 -0.213501 0.550045 -0.266037 0.012849 0.208322 0.575949 -0.319267 0.090594 0.002845 -0.197977 0.264261 -0.003626 -0.011702
0.172666 0.229669 0.039723 0.216514 0.023784 -0.424764 -0.332184 0.158028 -0.161771 -0.139260 -0.615873 -0.500277 0.009521 0.026705 0.154382 -0.002191 -0.154539 0.486117 0.285616 -0.079061 0.085124 -0.124651 -0.063001 -0.038417 0.007940 -0.013764
-0.005730 0.042471 -0.112288 -0.079543 0.079785 -0.563626 0.176634 0.087253 -0.193041 -0.222059 -0.326978 -0.394936 -0.332102 0.310187 0.042365 -0.073740 0.104446 0.119459 0.511129 -0.337588 -0.093739 -0.174739 -0.142900 -0.120203 0.000918 0.090202
0.278258 -0.102603 0.381590 0.550228 -0.390406 -0.915404 -0.206533 0.176121 0.129820 -0.690337 -0.301085 -0.152650 0.021588 -0.205437 0.714805 -0.049779 0.022543 0.420109 0.483734 -0.175280 0.223315 0.165461 -0.255251 0.240905 -0.004446 0.137614
0.209881 0.068687 -0.101522 -0.090130 0.125265 -0.302190 0.230544 0.104789 -0.081964 -0.092390 -0.212081 -0.317039 -0.016142 0.104681 -0.102759 -0.267407 -0.197624 0.292716 0.608851 0.071208 -0.053608 -0.058611 -0.117545 -0.063976 0.007368 -0.110107
-0.130639 0.044055 0.309220 -0.082261 -0.124261 0.112192 0.101569 0.197173 0.021344 -0.069077 -0.095612 0.184040 -0.292739 -0.115526 0.143911 -0.110001 0.042363 -0.034630 0.213304 -0.444459 -0.117791 -0.111678 0.005445 0.146337 -0.004234 0.066248
-0.907369 -0.150993 0.204379 -0.118300 -0.082787 -0.295074 0.270817 -0.218836 0.137671 -0.284703 -0.045180 0.088710 -0.113470 -0.121329 0.211736 -0.355401 -0.171356 -0.133211 0.180440 -0.401888 -0.118011 0.020390 0.047966 -0.059814 -0.016924 0.410863
0.238541 -0.446593 0.166280 -0.055852 -0.506554 -0.761063 0.893472 0.250478 -0.142281 -1.023970 0.185286 -0.294268 -0.564918 0.248351 1.059086 -0.139109 -0.731793 0.014735 -0.047571 -0.990150 0.040601 -0.037428 -0.088563 -0.557630 0.013373 0.412266
-0.380445 0.168539 -0.161231 -0.214444 -0.024044 -0.063162 0.434522 -0.433267 0.177159 -0.231255 -0.017016 -0.038434 -0.127555 0.196713 0.198160 -0.381119 -0.099691 0.060816 0.238414 -0.063682 0.006975 0.038431 0.069255 -0.422730 -0.002201 0.120332
-0.086715 -0.255182 -0.041416 -0.196927 0.099307 -0.352444 0.799167 -0.189854 -0.094301 -0.154392 -0.129171 -0.428764 -0.213308 0.059317 0.123218 -0.035094 -0.264355 0.345082 0.599645 -0.154672 -0.176605 -0.162737 -0.161778 -0.277246 -0.001102 0.081228
0.270524 0.212419 -0.251432 0.127570 -0.047399 -0.290604 0.152818 0.140058 -0.232209 -0.039073 -0.419831 -0.234754 -0.268544 0.102495 -0.034970 0.012961 -0.331575 0.505543 0.787044 -0.237598 0.020968 -0.221077 -0.277331 -0.241884 0.018220 -0.077768
0.566748 0.103122 0.073749 0.213219 -0.350602 -0.139744 0.509430 0.348699 -0.198214 0.076713 0.593221 -0.643778 -0.693904 -0.067561 0.384216 0.025326 -0.149063 0.014441 0.454227 -0.579962 0.168080 -0.140495 -0.052272 -0.164682 -0.000295 -0.097644
0.293111 0.037712 -0.043175 -0.081707 0.221168 -0.363568 0.730093 -0.097647 -0.126994 -0.092272 -0.281561 -0.169531 -0.119954 0.045591 0.116282 0.035716 -0.167086 0.283678 0.492966 -0.002723 -0.093057 -0.137128 -0.240722 -0.264017 0.001003 -0.173324
0.082900 0.380885 0.030483 0.461011 -0.462658 -0.739103 -0.070460 -0.082381 -0.193793 -0.048408 0.192354 -0.343201 -0.321498 0.425605 0.258380 0.224324 -0.494462 0.262477 0.864213 -0.539767 0.162262 -0.064087 -0.258996 -0.316869 0.017235 0.093692
-0.071051 -0.195400 -0.304582 -0.146347 -0.101572 -0.198306 1.153122 -0.267401 0.077559 -0.150349 -0.115010 -0.119581 -0.016433 0.051366 0.450468 -0.166498 -0.168540 -0.019084 0.430650 -0.115010 -0.191319 -0.000915 -0.174094 -0.262563 -0.006226 0.051550
0.204784 -0.246009 -0.249803 -0.054332 0.005461 -0.442393 1.297448 -0.427702 0.042563 -0.190793 -0.096810 -0.140724 -0.378633 0.437593 0.517128 -0.006080 -0.056698 0.503147 0.428684 -0.145490 -0.137477 0.058069 0.000131 -0.217962 0.003203 -0.059984
0.937670 -0.243736 0.088535 0.057348 -0.232778 -0.302981 0.618690 0.236061 -0.222190 0.055362 0.606393 -0.382279 -0.306478 0.232564 0.689219 0.012519 0.017890 0.518358 0.579093 -0.268208 0.268847 -0.166047 -0.435582 -0.040965 0.026621 -0.286978
-0.699167 0.034778 -0.014805 0.083554 -0.073969 -0.255767 -0.151702 -0.619047 0.164870 -0.242278 -0.459152 -0.104589 -0.099873 -0.168264 0.185289 0.077651 0.062739 0.164119 0.420841 -0.031407 -0.170942 -0.018159 0.010478 -0.166045 -0.013144 0.347968
-0.122716 0.025896 -0.067663 0.098588 0.088536 -0.254449 0.835596 -0.203238 0.042210 0.117467 -0.023747 -0.168680 -0.075402 0.095135 0.318903 0.218734 -0.239036 0.289313 0.696556 -0.285233 -0.038366 -0.076747 -0.126383 -0.233284 -0.010115 -0.119846
0.064909 -0.114957 0.199048 0.179579 -0.199342 0.434571 -0.350136 -0.035916 0.079724 0.225521 0.022257 0.134901 -0.035401 -0.258817 -0.024928 -0.067665 -0.013978 -0.126191 0.030752 -0.125223 -0.085376 -0.051943 0.018560 0.065797 0.010375 0.058518
0.142329 0.424630 -0.006083 0.224702 -0.000333 0.107139 -0.209087 0.085707 -0.018880 -0.070392 0.052821 -0.030499 0.252326 0.146366 -0.104533 0.267057 -0.428903 0.475725 0.588204 0.030963 -0.085483 -0.148115 -0.289955 -0.112805 0.029178 -0.251724
0.177659 -0.023474 -0.006673 -0.137591 -0.023807 -0.208697 -0.205169 0.563636 -0.088201 0.001905 -0.166314 0.078060 -0.062256 -0.050007 -0.160256 -0.202018 0.106991 0.326560 0.204640 -0.033328 0.007919 -0.098992 0.051985 0.085804 0.013578 -0.047190
-0.249845 0.123322 -0.177091 -0.007150 -0.045553 -0.033929 0.413022 -0.354288 0.151162 0.061400 -0.038507 -0.140334 -0.136696 0.120897 0.141414 -0.073754 -0.142406 0.083587 0.297881 -0.094213 -0.037677 0.018411 -0.052348 -0.349217 -0.000195 0.051987
-0.209802 -0.158966 -0.008367 -0.217384 -0.533637 -0.037675 0.453963 -0.182051 0.159243 -0.029440 0.461939 -0.432711 -0.790807 0.201931 0.097002 0.077387 -0.367165 -0.278185 0.118275 -0.511708 -0.003309 0.100280 0.253174 -0.475276 -0.000895 0.409607
-0.192415 0.046359 -0.201773 -0.150091 -0.002678 -0.117402 0.755267 -0.408741 0.083309 -0.296109 0.050912 -0.253119 -0.076564 0.105316 0.314573 -0.282472 0.048345 0.064470 0.249829 -0.017429 -0.048837 0.001145 0.016567 -0.304563 -0.002266 0.053251
0.563393 0.209202 0.053478 0.084182 0.148528 -0.077013 0.424486 0.093104 -0.138266 0.158305 -0.294381 -0.485582 -0.488088 0.112949 0.141422 0.294380 -0.013020 0.320989 0.547170 -0.002521 -0.200292 -0.086602 -0.451693 -0.073675 -0.000601 -0.299221
0.523996 0.072130 -0.105943 -0.112041 -0.043251 -0.154743 0.396808 0.200488 -0.131889 -0.200888 0.440152 -0.307717 -0.254714 0.092310 0.073602 0.096511 -0.156803 0.018367 0.137011 0.040871 0.080948 -0.023225 -0.090079 -0.064480 0.006952 -0.163853
0.680883 -0.070958 -0.153017 0.154126 -0.166716 0.072563 0.334935 0.336079 -0.094670 -0.054285 -0.091610 0.309142 0.357745 -0.125965 0.221326 0.309486 0.356949 -0.135101 0.268460 0.025502 0.040613 0.030514 -0.015862 0.177319 0.020966 -0.286536
0.240407 0.099515 0.128241 0.272546 -0.598616 0.661252 -0.486786 0.242111 0.078730 0.232728 0.224182 0.362637 0.477395 0.004619 -0.068688 -0.160518 -0.396833 0.231424 0.372516 -0.186239 -0.012049 0.039226 0.031742 0.238229 0.019484 -0.082577
0.068650 -0.072701 -0.238015 -0.179002 -0.009698 -0.065705 0.553560 -0.034465 0.053508 -0.148907 -0.223689 -0.167008 0.103233 0.104279 0.315084 -0.079627 -0.194237 -0.078535 0.321563 0.033989 -0.109124 0.006032 -0.076235 -0.131574 0.002000 -0.025464
-0.203031 -0.197315 -0.579087 -0.041855 -0.521862 -0.159408 0.302721 -0.250860 0.039180 -0.216222 0.369453 -0.927713 -0.930535 0.209174 0.314675 -0.301107 -0.686485 -0.596715 0.099044 -1.107342 0.170328 0.028006 0.434235 -0.754314 -0.018413 0.620873
0.027220 -0.066964 -0.015633 0.023834 -0.143757 -0.116343 0.846644 -0.378446 0.071141 -0.165001 -0.069269 -0.193163 -0.302026 0.221648 0.194665 0.126092 -0.150304 0.416939 0.368609 -0.124357 -0.156515 -0.015954 -0.077838 -0.127300 -0.001407 0.026078
0.430406 0.082292 -0.000518 -0.158608 -0.096629 -0.138810 0.290334 0.123984 -0.062612 -0.229794 0.340542 -0.273861 -0.348660 0.107573 -0.005026 -0.043534 -0.190825 0.119457 0.162081 -0.098935 0.048829 -0.015245 -0.059400 -0.201625 0.005651 -0.065246
-0.044182 -0.022741 0.419330 -0.024941 -0.041129 -0.099640 0.149700 0.014473 -0.057487 -0.128060 0.055501 0.135317 -0.321671 -0.536989 0.130512 -0.104935 0.110652 -0.168541 0.251135 -0.521773 -0.089718 -0.185808 0.120185 0.107025 -0.013026 0.103693
0.098014 -0.153564 -0.043400 0.243912 -0.242443 0.178032 -0.186325 -0.194868 0.189645 0.046381 0.220649 0.160143 -0.013745 -0.120523 -0.171172 0.116866 -0.304709 0.009389 0.305707 -0.007001 0.000327 0.077750 0.051819 -0.122123 0.020014 0.070426
-0.120426 0.007815 -0.156654 -0.217352 0.133790 -0.270241 0.694108 -0.268858 -0.037340 -0.063323 -0.266806 -0.236402 -0.319158 0.521898 0.244893 -0.267894 -0.185771 0.219029 0.373088 -0.064212 -0.093918 -0.081659 -0.052007 -0.303291 0.001073 0.007190
-0.423712 0.337286 0.239014 -0.420986 -0.255331 -0.291746 0.112002 -0.482827 0.031954 -0.233891 0.050781 -0.218710 -0.319926 -0.274526 -0.170932 -0.274990 -0.155034 0.562933 0.569878 -0.559913 -0.053035 -0.130146 -0.058418 -0.428857 -0.003580 0.329131
-0.534165 -0.106025 -0.032211 0.013988 -0.201577 -0.069062 1.181992 -0.337303 0.107851 -0.015362 -0.000951 -0.414134 -0.221846 0.347891 0.688504 0.004144 0.060158 -0.134193 0.438096 -0.245373 -0.030298 0.028953 0.132888 -0.077063 -0.008321 0.119163
0.140700 -0.118930 -0.199818 0.088627 -0.521984 -0.177972 0.113371 -0.043510 0.128028 -0.204870 0.373379 -0.381163 -0.399593 0.410339 0.179176 0.149674 -0.136631 -0.087343 0.076040 0.083134 0.167286 -0.021835 -0.048542 -0.486895 0.008024 0.216183
0.022067 -0.089130 -0.057594 -0.138875 0.012167 -0.126773 0.890786 -0.388946 0.095420 -0.086676 -0.086312 -0.110092 -0.043740 0.105369 0.299908 -0.092178 0.028798 0.177801 0.292284 -0.155184 -0.040902 -0.010664 -0.007161 -0.350454 -0.000464 -0.018735
-0.218549 -0.102895 0.202643 0.328059 -0.101923 -0.608589 -0.002433 -0.051030 0.067104 -0.484641 -0.262084 -0.066623 -0.008080 -0.381539 0.552340 -0.118510 -0.048781 0.338966 0.575687 -0.250575 0.021377 0.124570 -0.195531 0.197782 -0.017172 0.164198
0.218218 -0.152436 0.749327 0.010581 -0.580284 0.661653 -1.194471 -0.437402 0.429246 0.809346 0.128865 1.168852 0.147214 0.020614 -0.661772 0.109254 -0.089477 0.074406 0.604321 -0.256170 -0.024854 -0.124117 0.126370 0.371677 0.052984 0.085203
0.313689 0.047744 -0.003813 0.342493 -0.122534 0.224276 0.034449 -0.090549 -0.169906 0.363591 0.154220 -0.331878 -0.383266 0.075675 -0.112244 0.096952 0.114561 0.223862 0.238706 -0.084252 0.063049 -0.045948 0.059064 -0.321000 0.014706 -0.105453
-0.162659 0.053883 0.003066 -0.034262 0.114276 0.032705 0.786124 -0.373255 0.067971 -0.182793 0.187910 -0.325967 -0.345626 0.021089 0.423919 0.212909 -0.288424 0.382724 0.783758 -0.016019 -0.123906 -0.043189 -0.162996 -0.327969 -0.004443 -0.107293
0.006989 0.089607 -0.219151 -0.112381 -0.093587 -0.650259 0.325001 0.016215 -0.097748 -0.134055 -0.001173 -0.648565 -0.648568 0.040156 0.177211 -0.093145 -0.142757 0.335402 0.599775 -0.303196 -0.031544 -0.137870 -0.192682 -0.204152 -0.005076 0.144353
0.735893 0.022029 -0.417516 -0.677037 -1.422967 -0.971721 1.134000 0.243909 -0.213855 0.214749 1.422229 -1.889803 -2.333059 1.133480 0.693931 -0.251742 -0.575084 -1.481070 1.093501 -1.089719 0.193619 -0.158679 -0.186722 -0.979553 0.040794 0.620295
-0.247354 0.262640 0.005729 0.056519 0.051856 -0.218948 0.552210 -0.140317 0.031989 0.005563 -0.209269 -0.272101 -0.589941 0.387235 -0.049511 -0.170199 -0.447731 0.553075 0.765009 -0.359963 -0.123636 -0.190692 -0.193717 -0.385503 0.018002 -0.004028
-0.462269 0.138418 0.172204 0.258710 -0.367834 -0.600022 0.268271 -0.486993 0.019163 -0.453515 -0.040607 0.229860 -0.025825 0.442513 0.295193 -0.064802 -0.415836 0.564988 0.551452 -0.066615 -0.037517 -0.033214 -0.345384 -0.479257 0.033901 0.237594
0.593978 -0.025370 -0.110526 0.265086 -0.067624 -0.131160 0.161735 0.054531 -0.177541 0.270431 0.224468 -0.076499 -0.120629 0.203321 -0.035590 -0.052376 -0.021475 -0.016985 0.037524 -0.200091 0.030791 -0.096121 -0.092961 -0.233847 0.016993 -0.159221
-0.191202 0.135943 0.343190 -0.010609 -0.212705 -0.651895 0.132407 0.320040 -0.032690 -0.137094 -0.371558 -0.157560 -0.889207 0.365232 -0.233455 -0.022270 0.023676 0.274254 0.662155 -0.477669 -0.136375 -0.168090 -0.371134 -0.289383 0.021921 0.231878
0.241839 -0.137219 0.008876 0.379678 -0.361234 0.542610 -0.308779 0.064488 0.157695 0.564770 0.108690 -0.188461 0.303063 0.058695 -0.040883 0.060086 -0.096282 0.073475 0.276572 -0.048519 -0.054501 0.037748 0.018629 -0.155981 0.027069 -0.075757
0.396974 0.024316 0.010435 0.163019 -0.317981 0.454849 -0.076354 -0.195233 0.289215 0.267790 0.176561 0.254457 0.118107 -0.035475 -0.382113 -0.094691 -0.323269 0.391375 0.459567 0.058321 -0.021248 -0.003755 0.082420 0.185532 0.030531 -0.137704
0.244663 -0.124049 -0.045185 0.134173 0.025699 -0.180838 -0.182846 0.210605 0.122565 -0.021545 0.179695 0.144941 -0.042437 0.018280 -0.156610 -0.068781 -0.193900 0.171072 0.003114 0.143304 -0.015691 0.039436 -0.007485 0.137771 0.016143 -0.073124
-0.062438 0.031519 0.307922 0.001193 -0.049695 -0.502133 0.629577 -0.298593 0.105385 -0.151860 -0.125440 -0.124944 -0.596933 -0.041354 -0.031450 0.156956 -0.374698 0.540156 0.642933 -0.124618 -0.161802 -0.111983 -0.242392 -0.292401 0.020017 0.083689
0.251706 0.165649 -0.031890 0.385511 -0.217399 -0.371935 0.140306 0.044925 -0.202706 -0.066079 0.276148 0.021106 -0.085223 0.199700 0.023678 -0.132204 -0.354762 0.479214 0.396651 0.080507 0.032986 0.037726 -0.276184 0.075436 0.018702 -0.116993
0.129227 -0.177985 -0.030928 0.076785 -0.188899 -0.271307 -0.508039 0.326497 -0.056326 0.056362 -0.443489 0.369257 0.054080 0.021718 -0.200463 0.003078 0.029747 0.228892 0.077572 -0.222423 0.045751 -0.057475 -0.072698 0.295498 0.020371 0.127917
-0.126449 -0.029657 0.006401 0.403596 0.106232 -0.462514 0.067425 -0.361895 -0.013531 -0.370382 -0.053092 0.215320 0.269639 -0.000111 -0.127674 0.217421 -0.332980 0.415176 0.354241 0.440088 -0.071198 -0.015042 -0.231118 -0.014002 0.018123 -0.020015
-0.570762 0.034329 0.077622 -0.064591 -0.164479 -0.477704 0.772966 -0.494441 0.118814 -0.206276 -0.126431 -0.672164 -0.871580 0.141374 0.055574 0.119113 -0.486993 0.478343 0.884295 -0.519128 -0.194089 -0.114647 -0.341360 -0.632773 0.015498 0.365386
-0.228017 -0.124677 0.154739 -0.258938 -0.362357 -0.297484 0.689343 -0.345347 0.046294 -0.361569 -0.066951 -0.200790 -0.277969 0.009959 -0.002664 0.278100 -0.113248 0.120584 0.433267 -0.096015 -0.212270 -0.109406 -0.002827 -0.276894 -0.003643 0.305919
0.332192 -0.094687 0.172354 -0.075892 -0.069353 0.155637 0.416717 0.277470 -0.099578 0.163781 0.079756 -0.025339 -0.034564 -0.001103 0.139671 0.226847 -0.081344 0.087820 -0.055373 -0.125365 0.026562 -0.070917 0.083090 -0.264333 0.013706 -0.145816
0.273237 0.046059 0.088072 0.082422 0.003091 -0.083423 -0.291081 0.104349 -0.047038 0.037711 -0.169657 -0.132141 -0.112401 0.050855 0.000691 0.066661 -0.134853 0.189490 0.243526 0.089648 -0.070281 -0.100982 -0.129739 0.045257 0.011144 -0.072086
-0.360141 0.074477 0.175039 0.295253 -0.018989 -0.088243 0.116121 -0.378003 -0.115548 -0.209881 -0.260728 0.033192 -0.023577 -0.333304 0.209867 0.089694 0.054459 0.169696 0.430226 -0.076933 -0.124059 -0.006496 -0.093658 0.228862 -0.016801 0.094300
0.447440 0.039361 0.440707 0.366309 -0.605601 0.485592 -0.946620 0.063015 0.307557 0.730948 0.143853 0.879833 0.279939 -0.055011 -0.410966 0.003345 -0.247135 0.208839 0.548603 -0.299316 0.033867 -0.036759 -0.104409 0.329500 0.032886 -0.096679
0.015235 0.170611 0.030984 -0.156046 0.001014 -0.141431 -0.003649 -0.075286 -0.064709 -0.210896 -0.195843 -0.127982 -0.104691 0.050370 -0.143582 -0.293064 -0.320014 0.340729 0.692811 -0.113298 -0.115465 -0.225490 -0.186576 -0.269728 0.020643 0.028674
-0.064388 0.034148 0.063137 0.060501 -0.232397 -0.121306 -0.672673 -0.003442 -0.040714 0.156170 -0.281024 0.225951 -0.072694 0.116130 -0.216162 -0.001081 -0.053426 -0.065498 0.388742 -0.092886 -0.046702 -0.187490 -0.103478 0.095195 0.016687 0.168534
-0.248390 0.169253 -0.066386 0.103630 0.004247 -0.678438 0.343634 -0.251730 0.041088 -0.519483 0.079936 -0.069116 -0.087829 -0.085911 0.112467 0.054033 -0.366874 0.311927 0.193673 0.216091 -0.072606 -0.046716 -0.054438 -0.213236 -0.000180 0.102673
0.033637 -0.251851 -0.390206 0.038904 -0.034902 -0.068984 0.894349 -0.105044 0.111016 -0.041830 -0.030564 -0.176066 0.040664 0.150780 0.425949 -0.154518 -0.119664 -0.056284 0.341713 -0.214478 -0.108229 0.056747 -0.057915 -0.295018 -0.009244 -0.020028
-0.650640 -0.117346 0.108086 -0.213982 -0.063338 -0.210008 0.435942 -0.200578 0.056432 -0.403596 -0.182432 -0.449051 -0.335895 0.259014 0.105470 0.010621 -0.327237 0.309111 0.506121 -0.478431 -0.154799 -0.056753 -0.269320 -0.386869 0.000390 0.347406
-0.523403 -0.195685 0.476087 0.052374 -0.262619 0.090609 0.183462 -0.478230 -0.046128 -0.060363 -0.055943 0.420310 -0.154615 -0.460085 0.134358 -0.111198 0.173704 0.389255 0.526257 -0.393559 -0.115744 -0.082431 -0.071582 -0.031938 -0.009919 0.273920
0.707186 -0.446971 -0.091828 0.295496 -0.234297 0.286940 0.314585 -0.032152 0.011521 0.126909 0.223438 -0.357706 0.117015 -0.042161 -0.093596 0.261566 0.101810 0.125945 0.414013 0.209884 -0.075695 0.004372 0.045526 -0.076244 0.002936 -0.149124
-0.003276 -0.275760 0.135401 -0.045509 0.036991 -0.391634 0.556405 -0.341134 -0.024444 -0.274660 -0.007552 -0.566953 -0.167282 -0.099022 0.141705 0.047220 -0.237647 0.387540 0.625112 -0.134552 -0.194736 -0.071413 -0.169772 -0.179817 -0.000192 0.119356
0.384569 -0.371987 0.721819 0.033677 -0.450747 0.085049 0.191727 0.646993 0.125699 -0.388825 -0.474900 0.589788 -0.668787 -0.783743 0.291524 -0.867336 -0.201170 0.043171 0.626706 -1.010099 -0.146302 -0.242502 0.105933 0.497872 0.012819 0.204537
0.144869 0.162032 0.056965 -0.155021 0.089338 -0.151195 -0.089668 -0.080251 0.010155 -0.161048 0.052030 -0.158259 -0.142875 0.084452 -0.062799 -0.265933 -0.058456 0.339883 0.337002 -0.157731 -0.077076 -0.074546 -0.016997 -0.199566 0.005703 -0.040532
0.186026 0.374057 0.317718 -0.178448 0.110785 -0.112445 -0.034098 0.021745 -0.107271 -0.293615 -0.080573 -0.051465 -0.132449 0.077199 -0.324025 -0.079159 -0.502709 0.651393 0.856602 -0.099351 -0.041350 -0.155578 -0.122326 -0.191057 0.023729 -0.156853
0.276324 0.086585 -0.100528 -0.087033 0.110453 -0.219119 0.061056 0.078328 -0.029875 -0.050024 -0.240396 -0.334978 -0.117870 -0.072623 0.041193 -0.094118 -0.176303 0.235783 0.593547 0.002044 -0.041029 -0.063491 -0.273060 -0.065457 0.011486 -0.100074
0.136385 0.020938 0.000048 -0.096781 -0.180131 0.104160 -0.270117 -0.225842 0.092074 -0.132462 0.265197 0.038286 -0.106961 0.013314 -0.096852 0.169896 -0.112679 0.117372 0.313370 -0.232934 -0.155310 -0.052599 -0.069725 0.110182 0.002764 0.071506
-0.015772 -0.056622 0.145500 -0.077551 0.070349 -0.273498 0.274380 -0.148877 -0.065486 -0.208398 0.071653 0.204427 -0.167205 0.543323 -0.014813 0.232282 -0.055332 0.179670 0.168240 0.074068 -0.045469 -0.006344 -0.110391 -0.397632 0.026255 -0.018479
0.485475 -0.181579 -0.052411 0.088521 -0.168242 0.063488 -0.226411 -0.000445 0.005755 0.001056 -0.158068 0.108217 0.045089 -0.163031 -0.124861 -0.042753 -0.079302 0.165906 0.253296 0.065368 -0.006117 0.003854 -0.100277 0.062780 0.019905 -0.016531
-0.335919 0.324567 0.145008 -0.056937 -0.094797 0.158782 -0.457288 -0.222761 0.060127 -0.169088 -0.025652 -0.120591 -0.387746 0.121433 -0.110213 -0.145659 -0.113383 0.191479 0.393356 -0.308766 -0.099313 -0.086779 -0.070951 -0.423117 0.013934 0.175120
0.162002 -0.162076 -0.202169 -0.000425 0.097445 -0.319222 0.910153 -0.341489 0.000102 -0.169594 -0.192568 -0.317938 -0.293085 0.439169 0.335331 -0.145919 -0.035154 0.406497 0.498978 -0.148004 -0.156499 0.034244 -0.047056 -0.171558 0.000629 -0.061758
0.194144 -0.136950 0.226206 0.090190 -0.116316 0.043628 -0.151332 0.297067 0.134205 -0.097982 -0.295091 0.430862 -0.261988 -0.284251 0.131678 -0.282479 -0.199943 -0.051899 0.379344 -0.359561 -0.120626 -0.088970 0.041080 0.413999 -0.000324 0.025021
-0.678670 0.060930 0.072185 0.488684 -0.274074 -0.646342 -0.205048 -0.340017 0.100973 -0.609333 -0.510337 -0.364041 -0.184572 -0.438645 0.332577 -0.039408 -0.135421 0.062123 0.441458 -0.349179 -0.182035 0.114702 -0.029852 0.170988 -0.035448 0.492615
0.188551 -0.135374 0.268982 -0.026746 -0.206138 -0.028956 -0.577098 -0.004016 -0.007311 0.223614 -0.005319 0.304457 -0.129212 0.038624 -0.260477 -0.153556 0.029296 0.036603 0.190471 0.104667 -0.008757 -0.088709 -0.203832 0.212624 0.024151 0.083815
-0.002650 -0.056992 0.098062 0.077104 -0.025359 0.076945 0.061156 0.211193 0.132300 -0.064821 -0.178723 0.358577 0.069663 -0.126267 0.056832 -0.280914 -0.111520 -0.156953 0.085777 -0.179694 -0.106131 -0.032798 0.150650 0.169588 0.000389 -0.014448
0.218028 0.167798 0.121436 0.199563 -0.139731 -0.307660 -0.480138 0.257137 -0.140233 0.145193 -0.202671 0.088477 0.223521 0.251741 -0.035488 0.092431 0.023559 0.111628 0.425232 -0.117323 0.014012 -0.177924 -0.266421 0.119652 0.012130 -0.082122
0.898669 -0.320511 0.013969 0.333211 -0.007688 -0.041541 0.094723 0.384010 -0.171490 -0.079983 0.148444 0.432339 0.237063 -0.055581 0.135940 -0.018659 0.687867 0.433714 0.081687 0.080377 0.098147 0.026292 -0.244081 0.123812 0.020053 -0.361770
0.190587 -0.049269 0.165341 -0.077189 -0.148832 -0.086220 0.187574 -0.271983 -0.072893 -0.052499 0.121393 0.000211 -0.166795 -0.153269 0.211216 0.148419 -0.001400 0.207810 0.371146 -0.323858 -0.076880 -0.152706 -0.136306 0.100189 -0.010062 0.032404
-0.483931 0.108900 -0.009160 -0.027321 -0.227829 -0.403996 0.315834 -0.240020 -0.005211 -0.339169 0.045389 -0.284045 -0.398479 0.233775 0.230344 -0.050436 -0.148455 0.102267 0.452113 -0.535274 -0.081659 -0.070438 -0.056830 -0.414328 0.001016 0.309834
-0.319831 0.352861 -0.447138 0.087340 -0.213548 -0.616731 -0.357548 0.146810 -0.126233 -0.080375 -0.471614 -0.249223 -0.381291 0.442254 0.029962 0.028579 -0.285208 0.050550 0.466151 -0.330924 0.033989 -0.165733 -0.113116 -0.234546 0.013662 0.251918
0.432212 0.087347 -0.055338 0.050427 0.194154 0.086978 -0.522051 0.027973 0.006861 0.210431 -0.106295 0.337869 -0.014137 0.144586 -0.135143 0.140879 0.290298 0.111883 0.039783 0.142937 -0.025395 -0.010362 -0.102685 0.218474 0.025008 -0.241691
0.547871 -0.097526 0.074386 0.299844 -0.248032 0.137013 -0.374624 -0.078554 0.159471 0.077615 -0.122756 0.311296 0.027338 -0.178652 -0.361730 -0.007883 -0.259937 0.251096 0.490240 0.095364 0.028886 0.016960 -0.022818 0.120471 0.031118 -0.066571
0.294675 -0.148944 0.353600 -0.087443 -0.504847 -0.398248 0.160312 0.202354 -0.133691 -0.437167 -0.041690 -0.155704 -0.253586 -0.381312 0.981286 0.194693 0.185318 0.371902 0.608759 -0.631435 0.214660 -0.048826 -0.103530 0.283311 -0.005840 0.139446
0.159465 -0.004328 0.079182 0.166807 -0.093767 -0.137977 -0.230193 0.182143 -0.005583 0.060114 -0.173132 0.052217 -0.118625 -0.041585 -0.246197 0.074268 -0.047550 0.106830 0.205870 0.104392 -0.069301 -0.071720 -0.087242 0.214262 0.013858 -0.005509
0.328664 0.078395 -0.205729 0.214559 -0.293362 -0.211031 0.322659 0.124642 -0.197902 0.143392 0.202690 -0.205383 -0.196801 0.171479 0.469116 0.037597 -0.068132 0.082514 0.185015 0.104873 0.064073 -0.062081 -0.222404 -0.207214 0.011083 -0.101763
1.058310 -0.196405 0.301406 0.266418 -0.448213 -0.451595 0.703275 0.045128 -0.275115 0.244630 0.953867 -0.433650 -0.504611 0.417270 0.913228 0.002704 0.190346 0.351583 0.625338 -0.454085 0.246052 -0.120426 -0.572859 -0.160045 0.026170 -0.276783
0.678892 -0.002740 -0.010476 0.031909 -0.194143 -0.278102 -0.001976 0.136046 0.007117 0.189201 0.370060 -0.352251 -0.445078 -0.019227 0.074014 0.093570 0.141549 -0.176225 0.010183 -0.229115 -0.025195 -0.055625 -0.240255 -0.001507 0.008166 -0.050909
0.011732 0.068934 0.244907 0.012881 -0.074619 -0.199177 -0.269799 0.526964 0.271907 0.020531 0.136008 0.232736 0.472118 -0.346640 0.055141 -0.021039 -0.220443 0.482993 0.141137 0.367151 0.172900 0.098589 0.208292 0.422577 0.034381 -0.179383
-0.287276 0.350164 -0.128947 0.010901 -0.150310 -0.255008 -0.463365 -0.188757 0.003765 -0.031668 -0.304130 -0.110365 -0.311633 -0.023940 -0.149867 0.057631 -0.170869 -0.050366 0.261710 -0.127947 -0.049670 -0.132816 -0.013112 -0.118260 0.010396 0.232765
-0.087191 -0.056746 0.137075 -0.094943 -0.124967 0.269772 0.100579 0.106991 0.107720 -0.076193 -0.186421 0.150125 -0.113809 -0.024962 0.154568 -0.125979 0.064703 -0.131229 0.165062 -0.250581 -0.078960 -0.042916 0.161284 0.029471 -0.000525 0.059541
0.024438 0.015255 -0.054088 0.029892 0.122204 -0.149705 -0.350644 0.287993 0.014508 -0.000181 -0.147461 -0.224212 -0.008343 -0.009140 -0.015500 0.272012 -0.298451 0.242900 -0.222544 -0.076514 0.028575 0.022591 0.089880 -0.075289 0.000040 0.004673
0.334320 -0.059137 0.059857 0.210198 -0.186042 -0.310510 -0.996689 0.631701 0.087753 0.029091 -0.601073 0.099136 0.157854 0.087100 -0.107849 0.071782 0.078042 0.347219 -0.106456 -0.100237 0.058030 -0.031292 -0.082969 0.601573 0.020449 0.039750
0.288191 0.031229 -0.185523 0.093180 -0.055338 -0.213532 0.159656 0.092894 -0.134933 -0.058818 -0.310994 -0.234501 -0.120588 0.068033 0.041549 0.011375 -0.178266 0.225299 0.374265 -0.142408 -0.031612 -0.122587 -0.210650 -0.183672 0.013119 -0.026862
0.118578 0.176908 -0.139931 -0.133863 0.085888 -0.171294 0.228790 -0.067760 -0.195089 -0.106832 -0.488405 -0.182142 -0.278114 -0.076640 -0.185195 -0.135777 -0.284299 0.421077 1.126704 -0.178058 -0.075553 -0.279038 -0.343972 -0.464851 0.023804 -0.034058
0.014038 -0.073487 -0.242154 -0.008532 -0.071522 -0.125860 0.505345 -0.247948 0.042569 -0.021026 -0.188981 -0.118306 -0.019683 0.176218 0.308645 0.065361 -0.119662 0.203921 0.318349 -0.137743 -0.041771 -0.030616 -0.083012 -0.153209 0.004542 0.012721
0.559645 -0.015201 -0.017743 0.185946 0.102881 0.691303 -0.348346 0.284364 0.118115 0.685887 0.133264 0.051519 0.193037 0.434133 -0.023303 -0.228537 0.172011 -0.196307 -0.142480 0.170191 -0.000788 0.140224 -0.017397 -0.063056 0.022248 -0.398003
0.814849 0.135437 0.083854 0.485883 -0.136457 0.496976 -0.020527 0.234860 0.094504 0.636206 -0.143676 -0.009780 0.331945 0.027938 -0.017582 0.016966 -0.032025 0.216784 0.300806 0.006484 0.050814 -0.042722 -0.039055 -0.151744 0.027756 -0.450707
-0.116510 0.227569 -0.004360 -0.188889 -0.139253 -0.014194 0.137756 -0.032437 -0.131965 0.084690 -0.005150 0.169365 0.018145 -0.027196 0.017772 -0.162416 -0.122580 0.366346 0.540709 -0.128482 0.021335 -0.083223 -0.049717 -0.131540 0.008169 -0.030383
-0.059182 0.250328 0.116744 -0.187648 -0.132478 -0.222941 0.437342 -0.077075 -0.116352 -0.228357 -0.020211 -0.424574 -0.122106 -0.377575 -0.156351 -0.406804 -0.113754 0.683373 1.073940 -0.717778 -0.136409 -0.211967 -0.280908 -0.504926 -0.002748 0.082600
0.000339 0.089902 -0.007538 0.067088 -0.067845 -0.284920 0.121461 0.113913 -0.186322 0.068857 -0.180398 -0.268916 -0.051038 -0.271825 -0.111768 -0.000699 -0.081417 0.424300 0.333323 -0.137987 -0.056489 -0.161766 -0.132389 -0.122247 0.009046 0.032214
-0.034619 -0.049983 -0.007127 -0.314122 0.000426 -0.485530 0.268381 -0.192038 0.047042 -0.054832 0.018160 -0.337106 -0.421476 0.016976 0.033436 -0.223314 -0.145813 0.286485 0.527875 -0.049518 -0.034041 -0.109510 -0.108512 -0.114592 -0.000641 0.124064
0.888478 0.060128 0.183572 0.367891 0.131098 -0.100950 -0.083592 0.642282 -0.313515 -0.093834 0.118782 0.014150 0.381570 -0.339792 0.328784 0.128013 0.093053 0.105241 0.348461 0.058249 0.077205 0.036463 -0.375180 0.305967 0.009452 -0.483362
-1.332358 -0.066797 -0.123600 -0.330589 -0.409168 0.236342 0.102949 -0.609530 0.400494 -0.155122 0.544573 -0.309995 -0.591390 -0.004280 0.056258 -0.550958 -0.251699 -0.327750 -0.177507 -0.322954 -0.149989 0.040010 0.263013 -0.690711 -0.015369 0.724956
0.143456 0.068801 -0.088670 -0.284323 0.196276 -0.342003 0.944335 -0.213299 -0.171239 -0.139297 -0.260331 -0.404947 -0.064386 0.361117 -0.132275 -0.310217 -0.101912 0.694497 0.837914 -0.270186 -0.223384 -0.191893 -0.436073 -0.275876 0.014504 -0.123828
0.354374 0.681821 0.003432 -0.058117 0.096505 0.078552 -0.249108 0.205063 -0.147305 -0.203633 -0.230119 0.130005 -0.283339 -0.275656 -0.411272 -0.207466 -0.551654 0.597303 1.059456 -0.337716 -0.162785 -0.330986 -0.433672 -0.497529 0.046336 -0.229577
-0.091511 0.069859 0.283588 0.160856 -0.101422 -0.372108 -0.103497 -0.261452 0.000947 -0.235586 -0.130816 -0.061416 -0.129249 -0.467236 0.250004 0.222581 -0.055263 0.360561 0.449039 -0.350882 -0.065769 -0.135882 -0.279749 0.022789 -0.013634 0.139606
-0.006998 0.145894 -0.081816 0.193256 -0.257128 -0.218763 -0.612573 0.244543 -0.032906 0.178888 -0.343059 0.172076 -0.038546 0.230139 -0.108095 0.011131 -0.157193 -0.061856 0.515974 -0.172617 0.029937 -0.168300 -0.147606 0.050726 0.018298 0.085254
-0.043368 0.357485 0.020623 -0.134556 0.067499 0.118946 -0.134673 -0.055767 -0.053152 -0.173227 -0.221898 0.004892 -0.188498 -0.113169 -0.265043 -0.181758 -0.464550 0.251923 0.757573 -0.222952 -0.155364 -0.274634 -0.217545 -0.423801 0.028787 -0.012782
-0.008701 -0.023729 0.156031 0.043800 0.171724 -0.433664 0.168401 -0.217871 -0.078093 -0.345126 0.095740 0.269339 0.016155 0.499049 -0.039462 0.346817 -0.108449 0.443345 0.221175 0.193289 -0.040383 -0.015196 -0.154829 -0.219723 0.028654 -0.083910
-0.053526 -0.073442 -0.183512 -0.464363 -0.045234 0.109626 -0.082378 0.214351 0.170854 -0.089035 0.095951 0.263969 -0.120914 0.077221 -0.392269 -0.298056 -0.109824 0.156450 0.296664 0.164972 0.050886 0.010075 0.182535 0.308462 0.020439 0.030437
0.506430 -0.056292 0.004585 -0.224954 -0.083009 -0.243438 0.831816 0.575753 -0.131696 -0.401761 -0.078345 0.170970 -0.093961 -0.096248 0.704856 -0.244843 -0.283327 -0.134849 0.250197 -0.524311 -0.054849 -0.049394 0.041635 -0.241591 0.011031 -0.140866
0.324551 -0.174493 0.154446 0.184457 -0.092859 0.410006 -0.469658 -0.027302 0.124079 0.362688 0.217278 0.207780 0.165789 -0.134711 -0.174344 0.208717 -0.146343 0.377419 0.424489 -0.263126 -0.048250 -0.116321 -0.109184 -0.071022 0.017337 -0.121969
0.352477 -0.103690 -0.018971 0.194194 -0.231853 -0.754278 0.301205 0.000192 -0.170909 -0.482465 -0.021824 0.061464 0.026310 0.512726 0.602220 0.017926 -0.439990 0.568937 0.331136 -0.047005 0.116870 -0.010102 -0.318833 -0.238518 0.012339 -0.007356
-0.023290 -0.298494 0.302853 -0.298907 0.028649 -0.525020 0.797745 -0.411330 0.015248 -0.241610 -0.091681 -0.421899 -0.338843 -0.087871 -0.018349 0.020308 -0.115849 0.604588 0.714913 -0.249478 -0.256055 -0.116855 -0.257300 -0.224191 0.001093 0.161539
0.249848 0.351979 0.140683 -0.171245 0.027032 -0.332222 -0.004616 -0.006852 -0.100094 -0.347267 -0.137699 -0.115712 -0.184604 0.110054 -0.206922 -0.289536 -0.386484 0.671755 0.964153 -0.146125 -0.077680 -0.210785 -0.231469 -0.243914 0.028000 -0.097403
-0.021950 -0.028937 -0.059797 -0.063541 -0.049734 -0.043735 0.191241 -0.120094 -0.038508 -0.191587 -0.256175 -0.148207 -0.231312 -0.059415 0.080685 -0.069175 -0.262082 0.166407 0.365317 -0.059667 -0.067662 -0.084550 -0.143105 -0.270226 0.012576 0.101117
-0.405576 0.009159 0.265577 0.020678 -0.160051 0.104738 -0.084383 0.108768 0.079567 0.084131 0.136220 0.012688 0.112659 0.270389 0.341614 -0.017116 -0.048090 -0.056935 0.214892 -0.142133 0.129106 0.079630 0.008692 -0.044955 0.009745 0.051028
0.047187 0.291021 -0.172691 0.088609 -0.186913 -0.610686 0.311147 0.128804 -0.077933 -0.217241 -0.057578 -0.615334 -0.669047 0.116624 0.279329 -0.038133 -0.068008 0.354505 0.566819 -0.397179 0.000169 -0.119233 -0.223360 -0.192874 -0.000428 0.084517
0.072476 0.093202 -0.082410 -0.115209 -0.025566 -0.212357 0.199678 -0.182871 -0.070876 -0.214332 -0.205419 -0.194514 -0.351347 -0.014555 0.055452 -0.124531 -0.249485 0.283169 0.575751 -0.245990 -0.062417 -0.133101 -0.342537 -0.323124 0.012082 0.080429
-0.745408 0.144915 0.041597 0.142787 -0.077920 0.283967 -0.073692 0.112691 0.237332 -0.225621 0.137801 0.118702 0.134039 0.029412 0.200758 -0.213001 0.093403 0.092326 0.024792 -0.115662 -0.030245 0.098071 0.133480 -0.164862 0.005132 0.098807
0.055222 -0.042117 0.048328 0.256049 -0.499782 0.448658 -0.321204 -0.017476 0.047111 0.303914 0.163437 0.017784 0.311008 0.238678 -0.003498 -0.084116 -0.268897 0.069252 0.183815 -0.266921 -0.031937 -0.015560 0.055913 0.015675 0.006738 0.063333
0.268005 0.501967 0.292823 -0.332719 0.113931 -0.078831 -0.080154 -0.004441 -0.100383 -0.277451 -0.199658 -0.114764 -0.185858 0.128719 -0.210195 -0.260718 -0.416388 0.822694 0.926902 -0.255639 -0.100978 -0.208364 -0.276277 -0.164032 0.022791 -0.182930
0.422419 -0.111181 0.129149 0.396408 -0.294144 -0.079714 0.244327 -0.147772 -0.158224 0.209885 0.190377 -0.043388 -0.301853 0.236110 0.045108 -0.036877 -0.186682 0.148922 0.134707 -0.237622 0.070611 -0.074533 -0.094392 -0.424790 0.024335 -0.007847
-0.321268 0.076395 -0.045247 -0.174697 -0.137376 -0.452483 0.458317 -0.397505 -0.067806 -0.357537 -0.367737 -0.519436 -0.580389 -0.073716 0.039341 -0.385100 -0.456679 0.359009 0.978473 -0.496425 -0.089200 -0.256273 -0.327840 -0.694043 0.015968 0.350830
0.149208 -0.139911 -0.126469 -0.068911 -0.446144 -0.084947 0.361112 0.133285 -0.045534 0.092219 0.407865 -0.524843 -0.725682 -0.232047 0.049045 -0.099985 -0.080382 -0.122748 0.177635 -0.445358 -0.026665 0.029173 0.104308 -0.290494 -0.009400 0.244411
-0.035244 0.126006 0.096784 0.218065 -0.113367 -0.159077 -0.204328 0.368336 0.082098 0.032038 -0.268184 -0.001680 0.113105 -0.083194 -0.163800 0.147500 0.083878 0.124216 -0.066751 0.184623 0.065874 -0.012869 0.087998 0.207154 0.013842 -0.022564
0.044923 -0.018357 0.188386 0.012348 0.034574 -0.112721 -0.085621 0.050770 0.045369 0.057906 0.054830 0.027913 -0.027492 -0.035557 -0.024778 -0.128341 -0.106279 0.260595 0.341057 -0.240669 -0.049958 -0.075627 -0.156359 0.047468 0.008329 -0.033912
-0.337317 -0.003242 -0.109519 0.458831 -0.070963 -0.420396 0.201280 -0.288852 -0.002164 -0.254307 0.025734 0.226635 0.112971 -0.084996 -0.032695 -0.006650 -0.246562 0.577613 0.382699 0.265856 -0.087899 -0.030975 -0.321076 -0.172367 0.018444 0.065107
0.059605 -0.277066 0.238213 -0.030908 -0.180014 0.112546 0.410529 -0.126087 -0.047928 0.020767 0.195487 0.043657 -0.191634 0.161214 0.134531 -0.265432 -0.391947 0.123170 -0.064304 -0.441925 -0.033494 -0.111142 -0.001882 -0.385444 0.014103 0.127012
0.481484 -0.096312 0.075984 0.403862 -0.158939 -0.327753 -0.044337 0.165401 -0.090752 -0.142791 0.050193 -0.159209 -0.046903 -0.037534 0.043814 0.000220 -0.155571 0.386692 0.344893 -0.120205 0.132326 0.084922 -0.314840 -0.094341 0.014777 -0.064514
0.266502 0.510151 -0.054214 -0.108233 0.234315 0.092729 -0.076359 -0.041024 0.099613 -0.114273 0.020271 -0.084601 -0.163196 -0.227489 -0.165937 -0.144711 -0.135704 0.199383 0.430871 -0.118452 -0.114839 -0.092370 -0.189337 -0.304240 0.017205 -0.226352
-0.036073 0.081429 -0.036530 0.253463 -0.128842 -0.165062 -0.058243 0.342432 0.067376 -0.089001 0.001570 -0.213443 0.503074 -0.079086 0.421305 0.190851 0.081402 0.023799 0.148344 0.402988 0.140789 0.023777 0.210166 0.095245 0.009703 -0.132064
0.175803 -0.036169 -0.059768 0.030295 -0.111449 -0.136331 -0.214162 -0.067947 0.051144 0.043113 -0.026022 0.311167 0.197585 -0.078533 -0.138182 0.085867 -0.193413 0.063719 -0.043750 -0.026473 -0.039463 -0.061793 -0.049390 0.021813 0.011456 0.031666
0.142146 0.120094 -0.185164 -0.261504 -0.106047 -0.118394 0.307707 0.011897 0.092072 -0.324868 0.261391 -0.179508 -0.318648 -0.013819 0.267752 -0.220647 -0.107744 -0.004598 0.325426 -0.029797 -0.077676 0.011909 -0.115131 -0.123722 0.008632 0.003642
-0.042566 0.201709 -0.097572 -0.000141 -0.215540 -0.223882 0.109729 -0.075023 -0.111682 -0.106356 0.112873 -0.333908 -0.364554 0.014377 0.107785 -0.088244 -0.134358 0.353017 0.319878 -0.297312 -0.007517 -0.112681 -0.096179 -0.265255 -0.001212 0.114375
0.063460 -0.169322 -0.196918 0.149374 0.015411 -0.172936 0.784923 -0.362013 0.107612 -0.065077 -0.303948 -0.158733 -0.174864 0.215680 0.357025 0.072217 -0.176297 0.374219 0.436764 -0.167034 -0.117801 -0.085672 -0.164293 -0.134566 0.002570 -0.026200
0.325232 0.090328 0.148845 0.039748 -0.116576 -0.272024 0.430955 0.051657 0.005443 0.265655 -0.199103 -0.205002 0.072657 -0.096929 0.011067 0.181992 -0.014258 0.462415 0.223153 -0.216593 -0.046611 -0.000158 -0.263706 -0.033836 -0.003298 -0.121109
0.177588 -0.217190 0.092919 -0.235830 -0.200345 0.234190 0.443771 0.034251 -0.182795 -0.005662 0.271621 0.222524 -0.151822 0.042719 0.324660 0.228780 -0.367545 0.024839 -0.150719 -0.695409 0.026012 -0.074101 0.063586 -0.515649 0.019593 0.073915
0.310997 0.118096 -0.064009 0.359276 -0.161472 0.309026 0.068639 -0.143293 0.027117 0.113888 0.188011 -0.107073 0.011839 -0.136181 -0.032677 0.022289 -0.059126 0.109380 0.368391 0.119058 -0.049055 -0.000398 -0.196004 -0.039620 0.020098 -0.162369
0.395257 -0.039026 -0.110837 -0.217697 0.286778 -0.306646 0.793186 -0.148961 -0.181888 -0.060666 -0.194415 -0.181407 0.097045 0.196918 -0.129533 -0.365340 -0.061157 0.696469 0.682055 -0.083743 -0.203083 -0.210205 -0.365761 -0.136746 0.009171 -0.241255
0.151053 0.197538 0.071720 0.310003 -0.095137 0.606445 0.210099 -0.400615 0.248102 0.212202 0.121004 0.010083 -0.242609 -0.387855 0.223506 0.131077 0.067748 0.154367 0.117801 0.179445 -0.012279 0.108427 0.030997 -0.224011 0.008388 -0.178650
0.164759 -0.070746 0.418279 0.257794 -0.002912 -0.124727 -0.106437 0.001142 0.164387 -0.114978 0.362916 0.442669 0.072110 0.253537 0.138115 0.138790 0.247752 0.082104 -0.276314 0.159230 -0.171839 0.056400 -0.358739 0.405695 0.017425 -0.141512
0.190451 -0.311561 0.511537 0.040963 -0.393796 0.225687 0.107474 0.513326 0.213347 -0.208620 -0.512007 0.425984 -0.540920 -0.673533 0.169779 -0.645361 -0.296528 -0.025209 0.676571 -0.901414 -0.152835 -0.204019 0.143048 0.304821 0.011437 0.209723
0.632441 0.392812 0.020994 0.053838 0.355447 -0.064301 -0.167881 0.098513 -0.096746 -0.016471 -0.101818 -0.087285 -0.011203 -0.225542 -0.216594 -0.049137 0.004943 0.443792 0.506116 -0.050062 -0.129089 -0.114029 -0.223823 -0.014596 0.015186 -0.391832
0.394836 0.286535 -0.023495 0.076726 0.177503 0.152737 -0.126217 0.136033 0.008888 0.124420 -0.179478 0.067578 0.047067 -0.243614 -0.146208 -0.216974 -0.024198 0.180631 0.388308 -0.010225 -0.028529 -0.032736 -0.052830 -0.017242 0.004283 -0.282004
0.135674 -0.074696 0.006276 -0.469414 -0.290082 -0.199667 0.355919 0.153560 -0.025953 -0.180259 0.145802 -0.443153 -0.608343 0.176387 -0.203408 -0.292783 -0.476370 -0.334950 0.048382 -0.392597 -0.026528 0.019232 0.103212 -0.379988 -0.000567 0.297041
0.276084 0.047131 0.091793 0.414719 0.039564 -0.271853 -0.272612 0.870952 0.160894 0.248007 0.267254 0.065220 0.538693 -0.103468 0.146653 0.160357 -0.015164 0.666648 -0.059001 0.266358 0.211037 0.166883 0.117844 0.596067 0.032914 -0.409693
0.027201 -0.184001 -0.155518 -0.132952 -0.071213 -0.108832 0.631334 -0.126698 0.026477 0.006278 -0.173574 -0.169859 -0.017420 0.125239 0.309899 -0.020833 -0.142991 0.115156 0.341464 0.043752 -0.152175 0.004585 -0.178234 -0.108508 0.000865 0.009511
-0.289592 -0.225134 0.161711 -0.040169 -0.215519 -0.306912 0.682067 -0.148667 0.069296 -0.164214 0.047293 -0.123718 -0.155141 -0.076019 0.125951 0.172297 -0.247543 0.134599 0.361256 -0.081617 -0.090678 -0.091970 0.002949 -0.203869 -0.010305 0.197630
0.292613 -0.002701 -0.090863 0.120148 -0.369078 0.445242 0.102544 -0.381005 0.223239 0.202235 0.248134 -0.065289 0.028799 -0.111516 -0.280092 0.190636 -0.242861 0.148618 0.293377 -0.154442 0.010508 -0.001992 0.102104 -0.183536 0.014885 0.009638
-0.199938 -0.114869 -0.039186 -0.012516 0.018871 0.052056 0.689860 -0.334945 0.138563 -0.070302 0.134853 -0.055196 -0.230340 0.293238 0.219268 0.012019 -0.360173 0.218996 0.621731 -0.044407 -0.017763 0.043004 0.019572 -0.438583 -0.003227 -0.021639
0.315947 -0.050757 0.199096 0.039200 -0.123605 0.335729 -0.696572 -0.043044 0.146849 0.179967 0.092263 0.278855 0.217351 -0.125789 -0.118835 -0.059107 0.191963 0.310518 0.128340 -0.030254 0.067148 0.049685 0.055765 0.215059 0.018850 -0.086204
0.008143 0.730935 0.145439 -0.305088 0.031757 0.014025 -0.049697 -0.164267 -0.100820 -0.203724 -0.397932 -0.098082 -0.172730 0.067014 -0.339938 -0.518154 -0.613946 0.980718 1.356337 -0.524343 -0.183209 -0.310437 -0.266570 -0.636131 0.033913 -0.103938
-0.329970 0.097976 0.160364 0.463664 -0.362656 0.391622 -0.421998 -0.011255 0.168486 0.443897 0.199560 0.219198 -0.108557 -0.096840 0.025721 -0.081822 0.022677 -0.056527 0.283065 -0.426859 0.094449 0.059148 0.173918 -0.042877 0.008195 0.088721
0.399363 -0.141734 0.040121 0.489390 -0.037205 -0.113511 -0.347438 0.421161 -0.229402 -0.023156 -0.152465 -0.188175 0.099689 -0.059796 0.195578 0.041900 -0.050751 0.343162 0.276972 -0.108053 -0.005592 -0.050022 -0.151805 -0.041085 0.008399 -0.121667
-0.335401 0.077709 0.002040 0.245324 -0.330234 0.092672 -0.437566 0.580607 -0.025039 -0.237406 -0.481166 -0.000412 -0.013034 -0.360023 -0.008428 0.234716 0.045308 0.126280 0.079762 -0.197106 0.085927 -0.094095 0.027210 -0.033627 0.016572 0.214729
-0.111942 -0.151461 -0.181989 -0.412591 -0.015040 -0.435913 0.795875 -0.405070 -0.000515 -0.200050 0.114963 -0.205906 -0.203193 -0.039920 0.236388 0.087841 -0.261179 0.069847 0.401014 -0.129124 -0.211458 -0.039221 -0.239524 -0.211744 0.001540 0.153784
0.085013 -0.089608 -0.148697 -0.125159 -0.142581 -0.139825 0.390431 -0.035795 -0.046484 0.068694 1.034290 0.101184 -0.311406 -0.040992 0.197690 -0.160606 -0.109423 0.069709 0.097705 0.078577 0.077838 0.031707 -0.233697 -0.054805 0.010319 -0.052834
-0.100850 0.248916 0.068557 0.020242 -0.058788 -0.277221 -0.164459 0.059103 0.156545 -0.349801 0.219041 -0.000885 0.087204 0.405746 0.006464 0.129549 -0.529785 0.393602 0.648723 -0.079014 -0.033494 -0.107077 -0.191009 -0.271143 0.033158 -0.045085
0.359696 0.106304 0.184922 0.051438 0.176294 -0.046926 -0.033129 -0.094653 0.034486 -0.042279 0.060529 -0.039647 0.072221 0.033134 -0.057592 -0.111907 -0.139983 0.133328 0.173842 0.207621 -0.037092 0.064464 -0.115921 0.025807 0.010117 -0.209480
0.110514 0.073123 -0.031086 -0.161381 0.000200 -0.295639 0.219111 -0.039515 -0.002771 -0.284397 -0.120416 -0.082337 -0.229193 0.154868 -0.165900 -0.180888 -0.365462 0.624137 0.871347 -0.049111 -0.105897 -0.191399 -0.199945 -0.255691 0.024438 -0.020490
-0.271247 0.022859 0.136886 0.044931 -0.113778 -0.338339 0.364699 -0.047492 -0.089883 -0.191625 0.009809 -0.191365 -0.364454 0.183970 0.198981 0.019026 -0.142539 0.232190 0.526210 -0.348330 -0.066527 -0.095180 -0.177097 -0.292432 0.004488 0.134434
-0.235653 0.040774 0.027801 0.164738 -0.034373 0.220090 -0.364872 0.103902 -0.015849 0.036395 -0.285397 0.164487 -0.182289 -0.068154 0.011231 0.157126 -0.360674 0.132805 0.252902 0.130508 -0.031048 -0.036635 0.074509 0.112638 0.012923 0.036890
0.043875 -0.014614 -0.017105 -0.033393 -0.034996 -0.268959 0.726276 -0.246457 0.054884 -0.166600 -0.071982 -0.223993 -0.086073 0.119712 0.244121 0.122446 -0.072085 0.139540 0.334532 -0.155212 -0.064575 -0.011314 -0.060569 -0.152429 -0.006352 -0.006336
-0.155221 0.110357 -0.083666 0.215059 -0.054902 -0.038328 -0.407984 0.317220 0.005129 -0.069985 0.147538 0.291780 0.204479 0.176301 -0.152320 -0.042442 0.071769 -0.038140 0.009981 -0.008650 -0.021314 0.028233 -0.009318 0.000514 0.018929 -0.022137
-0.077805 -0.084455 -0.022128 -0.232050 0.002834 -0.174474 0.610138 -0.385994 0.133214 0.009594 -0.071779 0.064846 -0.156133 0.035118 0.152380 -0.062784 -0.034158 0.184535 0.302084 -0.204209 -0.026165 -0.002991 0.003310 -0.354431 -0.001764 0.058296
0.187544 0.082285 -0.153785 -0.349184 0.027743 -0.401472 0.410248 -0.207991 -0.176733 -0.010991 -0.118917 -0.227109 -0.196113 0.010286 0.174151 -0.138338 -0.038259 0.283367 0.323350 0.046277 -0.039572 -0.058799 -0.080414 -0.076960 0.001427 -0.016102
0.491531 0.394068 -0.274765 0.232107 0.040153 -0.441620 0.268571 0.251715 -0.506371 -0.112677 -0.612660 -0.407522 -0.246838 -0.024697 -0.212939 -0.347684 -0.342264 0.625294 1.927642 -0.254160 -0.059627 -0.438636 -0.620880 -0.567198 0.049718 -0.237338
0.324348 -0.052925 -0.366540 -0.290888 0.170906 -0.529414 0.984478 -0.410352 -0.041326 -0.076300 -0.227362 -0.336711 -0.199894 0.397415 0.152178 -0.341425 -0.193137 0.441578 0.758985 -0.116211 -0.240999 0.017421 -0.159213 -0.133056 0.001250 -0.109732
0.956533 0.100617 0.158943 0.495645 0.091255 -0.210675 -0.336130 0.515020 -0.094624 -0.145997 -0.011759 0.402635 0.176959 0.226323 -0.062935 -0.059454 -0.209375 0.406024 0.163417 0.158046 0.018634 0.068358 -0.237700 0.449448 0.033300 -0.455218
0.371115 -0.016408 -0.038257 0.502368 0.271104 0.222391 -0.088304 -0.080647 -0.098310 0.043005 -0.250030 0.272875 -0.048301 -0.201172 -0.091139 0.077316 -0.110972 0.351349 0.337846 -0.221502 -0.046382 -0.068203 -0.161320 0.092281 0.016272 -0.248262
-0.317340 -0.056490 -0.066033 -0.042489 -0.134060 0.465277 -0.046040 0.018657 -0.036341 -0.055134 0.011167 0.072700 -0.295731 0.487607 0.049858 -0.334434 -0.082019 0.028584 0.054133 -0.247247 -0.000932 -0.040097 0.192358 -0.183630 0.008199 0.127530
-0.038146 0.058426 0.142358 -0.173544 -0.245054 -0.274702 0.303887 -0.136119 0.052123 -0.104096 0.089967 -0.362563 -0.138246 0.225841 0.172959 -0.223782 -0.251920 0.267288 0.490422 0.051359 0.029639 0.053949 0.029601 -0.071208 0.008794 0.077845
0.661447 0.033670 0.161361 0.373005 -0.303451 -0.303165 0.076547 0.151129 -0.074536 0.131900 0.229945 -0.192322 -0.442591 0.131519 0.316515 0.058355 -0.076730 0.130980 0.147432 -0.105955 0.077314 -0.078736 -0.178638 -0.129708 0.011694 -0.114335
-0.082765 0.441607 0.194717 -0.049332 0.002320 0.066473 -0.055780 -0.192196 -0.067692 -0.026721 -0.183237 -0.023969 0.036271 -0.208550 -0.167056 -0.186148 -0.096291 0.494535 0.284780 -0.118047 -0.079992 -0.170382 -0.191668 -0.103858 0.006636 -0.049698
-0.329195 0.272266 -0.158060 -0.335433 0.124909 -0.374579 0.878581 -0.308482 0.052204 0.033748 -0.208969 -0.044052 -0.325471 0.368802 -0.119318 -0.245110 -0.361098 0.387426 0.786087 -0.511269 -0.164759 -0.202807 -0.247173 -0.591675 0.011277 0.027649
-0.876622 0.083030 -0.254870 0.001433 0.013518 0.291687 -0.223927 0.097883 0.303135 -0.168905 0.493303 -0.125729 -0.419174 0.355535 0.561595 -0.396854 -0.000906 0.074977 0.138591 -0.183157 -0.059772 0.095900 0.087961 -0.405575 0.000155 0.145966
-0.176429 0.480222 0.138488 -0.204777 0.055137 -0.032104 0.203553 -0.051452 -0.042808 -0.313926 0.034584 -0.256247 -0.076059 0.117347 -0.305719 -0.122322 -0.451141 0.653831 0.720532 -0.186615 -0.111760 -0.184988 -0.142062 -0.491485 0.026590 -0.063005
0.398571 0.115463 -0.132954 0.034097 0.082097 -0.056497 0.166065 0.130056 -0.248136 -0.030527 -0.436482 0.000098 -0.157551 0.069786 -0.098836 0.067135 -0.210883 0.472954 0.695532 0.049198 -0.007026 -0.167521 -0.240709 -0.165309 0.019090 -0.199088
0.225660 -0.195343 -0.104684 -0.672230 -0.389072 -0.015480 0.372025 0.096407 0.147446 -0.330389 0.212023 -0.519473 -0.497436 0.582137 -0.293480 -0.011616 -0.214059 -0.696228 0.085959 -0.051320 0.008626 0.105436 0.060249 -0.313572 0.011342 0.302136
0.109998 0.003240 0.042623 0.012513 0.040237 -0.118193 -0.058328 -0.056395 -0.042705 0.037448 -0.053671 0.081137 -0.015647 -0.046335 -0.032770 -0.024498 -0.149379 0.362723 0.279617 -0.091526 -0.040552 -0.085073 -0.142733 0.020814 0.000154 -0.047051
1.132199 0.694507 0.533776 0.065459 0.072762 -0.112354 -0.271880 0.507399 -0.377958 -0.359317 -0.403526 0.535130 0.036957 -0.141184 -0.476610 -0.545406 -0.425771 1.489706 1.806259 -0.796929 -0.024962 -0.391042 -0.490314 -0.112717 0.062963 -0.574403
-0.171178 0.598094 0.350104 -0.396544 0.046261 -0.537897 -0.411666 0.483837 0.171756 -0.222629 -0.084154 0.069258 -0.480391 0.532640 -0.078493 -0.157317 -0.082989 0.487275 0.560610 -0.342706 -0.091291 -0.074967 -0.211160 -0.211151 0.032336 -0.043263
0.052534 -0.064020 -0.029315 -0.063109 -0.038620 -0.021187 0.687468 -0.389573 0.021418 -0.010191 -0.052317 -0.233817 -0.103256 -0.081053 0.451476 0.019891 -0.118088 -0.038246 0.401271 0.004443 -0.083650 -0.042006 -0.147355 -0.103319 0.002269 -0.021282
-0.285001 0.177816 -0.012114 -0.265678 0.048077 -0.307396 0.602131 -0.288451 0.105019 -0.060397 -0.142699 0.044682 -0.306282 0.103933 0.006735 0.007282 -0.436477 0.176409 0.466399 -0.253246 -0.122077 -0.122983 -0.117896 -0.419917 0.009180 0.081620
0.600921 0.063749 0.253191 0.084759 -0.019201 -0.155057 -0.170340 -0.071422 0.102984 0.114853 0.172960 0.146845 -0.000228 0.072191 -0.117053 0.079556 0.042000 0.264907 0.276954 0.048631 -0.048775 0.060315 -0.112442 0.331038 0.011504 -0.227636
0.324312 0.036666 0.005682 0.288718 -0.164073 0.259357 -0.237291 -0.026473 -0.029523 0.323544 -0.092625 -0.089494 0.036655 -0.041142 -0.084575 0.007405 -0.198612 0.330439 0.397169 0.162227 -0.042954 -0.082165 -0.253792 0.008122 0.024173 -0.132248
-0.021998 0.272954 -0.033412 -0.051575 0.119304 -0.293634 -0.472922 0.146454 -0.162531 -0.092748 -0.488226 -0.495080 -0.043542 -0.037800 0.055869 -0.015191 -0.040035 0.240702 0.222391 -0.125158 0.027706 -0.143396 -0.130831 -0.026767 0.004266 0.044062
-0.320131 -0.023929 -0.108750 -0.190863 -0.096998 -0.011468 0.392410 -0.439825 0.061717 -0.034129 0.044804 -0.043772 -0.302246 -0.009290 0.046193 0.266278 -0.164572 0.218055 0.428205 -0.154231 -0.089476 -0.106599 0.080308 -0.296894 0.001444 0.157387
-0.016605 0.143919 0.080938 -0.106200 -0.074358 -0.130763 0.074716 -0.097807 -0.128075 -0.265172 0.041216 -0.306389 -0.127453 -0.300395 -0.084685 -0.211308 -0.118577 0.463976 0.735131 -0.452648 -0.060963 -0.177776 -0.224259 -0.304897 -0.003497 0.087083
-0.335636 0.287468 0.094965 -0.221720 -0.184524 -0.188099 0.037114 -0.187351 0.096109 -0.156543 0.049895 -0.217633 -0.255415 -0.052208 0.000666 -0.323870 -0.157364 0.630784 0.805858 -0.624512 -0.080377 -0.138279 -0.142926 -0.427437 0.002974 0.173871
1.068277 0.136865 0.264227 0.332079 -0.312229 -0.710897 0.272359 0.424365 -0.209110 0.297237 0.915199 -0.225441 -0.437379 -0.184341 0.525957 0.085074 0.062887 0.445432 0.874321 -0.435446 0.290659 -0.161083 -0.573937 0.023273 0.023961 -0.383740
0.119046 0.546419 0.280064 -0.362783 0.011907 -0.168914 -0.044540 -0.055018 -0.117417 -0.425290 -0.289375 -0.118420 -0.253427 0.032726 -0.248513 -0.465564 -0.613384 0.879803 1.348632 -0.510170 -0.093675 -0.340784 -0.311149 -0.401965 0.036046 -0.055056
0.499716 0.345247 0.101409 0.085404 0.243186 0.145198 0.068548 0.100650 0.032980 -0.206465 -0.117157 0.079204 0.071457 -0.253423 -0.145736 0.005028 -0.209083 0.189621 0.434540 0.058230 -0.031314 -0.038837 -0.016187 0.046223 0.007273 -0.354273
0.148860 0.020897 0.030267 0.018378 -0.082143 -0.088150 0.199010 0.236232 0.089671 -0.222482 0.168240 -0.222260 -0.202420 0.131683 0.133367 -0.139337 -0.059868 0.300858 0.067336 0.123609 -0.040156 0.082116 -0.097725 0.075153 0.014713 -0.069331
0.213395 -0.098965 0.248059 -0.010370 -0.275928 -0.134231 -0.383910 0.048776 0.005728 -0.034419 0.033989 0.208678 -0.247848 -0.057146 -0.250552 -0.003231 -0.097175 0.174571 0.161630 0.063237 -0.070381 -0.081442 -0.193763 0.283763 0.017705 0.119360
0.317314 -0.158025 -0.193514 0.086794 -0.221437 0.293571 -0.132566 -0.041091 0.103563 0.116192 0.129698 -0.077767 0.026111 -0.118762 -0.138505 0.079979 -0.040684 0.011994 0.253971 0.111952 -0.017490 0.043952 0.061904 -0.064628 0.012017 -0.013428
-0.481769 -0.144735 -0.061389 -0.370669 -0.665960 -0.043296 0.584288 -0.271604 0.213396 0.070291 0.283462 -0.333420 -0.788598 0.812541 0.156614 0.094865 -0.431836 -0.491939 -0.003434 -0.608994 0.013835 0.034587 0.322904 -0.810653 0.011897 0.539335
-0.249490 0.153231 -0.180145 -0.267816 0.072265 -0.220112 0.548542 -0.270770 0.039937 -0.058077 -0.132597 -0.045274 -0.214723 0.089949 0.190857 -0.030968 -0.445852 0.021121 0.400721 -0.249663 -0.086262 -0.081667 -0.047902 -0.376784 -0.001234 0.066244
0.721478 -0.026620 0.196855 0.262379 -0.096754 0.299650 -0.229355 -0.029744 0.045899 0.216437 0.109329 0.135039 0.195537 -0.111656 -0.099713 0.203683 0.082842 0.212122 0.239515 0.113415 -0.046273 0.046483 -0.026038 0.137235 0.015407 -0.282731
0.531588 0.330785 0.187770 0.229767 0.055067 -0.196896 -0.113822 0.259586 0.143154 -0.191794 0.058636 -0.237547 -0.230547 0.015111 -0.049025 0.158763 0.101183 0.079633 0.315464 -0.009177 -0.047778 -0.013615 -0.281071 0.091623 0.022151 -0.250489
0.095162 0.296859 -0.006966 0.041707 0.019628 -0.194366 0.121141 0.091363 -0.147853 0.057911 -0.247542 -0.233748 -0.010379 -0.231177 -0.072001 -0.011655 -0.063290 0.322238 0.352564 -0.170988 -0.001725 -0.144083 -0.148316 -0.102080 0.009678 -0.080927
0.134080 -0.007256 0.022632 0.202461 -0.089986 -0.137061 -0.197974 0.058587 -0.100992 0.136499 -0.043051 -0.111477 -0.128759 -0.064103 -0.061635 0.109308 -0.211110 0.366679 0.242872 -0.066803 -0.049512 -0.132642 -0.092921 -0.109734 0.011789 0.003426
0.493537 0.104674 0.298604 -0.064413 0.244216 -0.309064 -0.044928 0.177066 -0.053469 -0.139113 0.030207 -0.132861 0.056590 0.020689 -0.187671 -0.226377 -0.140400 0.407044 0.252564 -0.240456 -0.124371 -0.132400 -0.390325 -0.094686 0.025977 -0.196313
-0.059236 -0.011408 0.165397 0.403818 -0.223270 -0.955501 0.200244 -0.290175 -0.081691 -0.622093 -0.012302 0.147237 -0.017804 0.150519 0.083509 0.199331 -0.556551 0.916297 0.542526 0.176046 0.069724 0.023652 -0.447676 -0.255401 0.026159 0.131540
-0.080975 0.056762 0.005406 0.077953 0.071082 -0.027582 0.695340 -0.260873 0.032315 0.120007 -0.171400 -0.128781 -0.091203 -0.124763 0.231540 0.242855 -0.187562 0.464155 0.459689 -0.131673 -0.045621 -0.083856 -0.125048 -0.282691 -0.007093 -0.107483
0.088278 0.109327 -0.098618 -0.220835 0.115828 -0.205717 0.058339 0.003554 0.022871 -0.215841 0.290819 -0.103736 -0.169495 0.049017 0.058446 -0.180053 -0.095880 0.230714 0.295787 0.023517 -0.047653 -0.066628 -0.055006 -0.184561 0.004522 -0.066679
0.048571 0.205956 -0.103504 0.041187 -0.130020 -0.136871 -0.268901 0.056857 -0.105694 -0.061992 -0.306076 0.024667 -0.166271 -0.055398 -0.338590 -0.037756 -0.316561 0.340209 0.557242 -0.259549 -0.055102 -0.265499 -0.175262 -0.038342 0.021182 0.077316
0.349547 -0.011516 0.019352 0.181818 0.103459 0.097541 -0.096483 0.167819 -0.029724 0.091889 -0.114339 0.085655 0.008006 0.117562 -0.006963 -0.118640 0.198839 0.184558 0.017958 0.092577 0.016414 0.058029 0.091901 0.204675 0.008045 -0.212787
-0.160314 0.092423 0.317666 0.019616 -0.186593 -0.069442 -0.021955 -0.513540 -0.096688 0.001306 0.172034 -0.085939 -0.304351 -0.712827 0.170397 0.202895 0.050901 0.244860 0.495411 -0.342832 -0.083687 -0.237220 -0.314620 -0.093676 -0.015113 0.181226
-0.135138 0.277452 -0.087269 0.259093 -0.227271 -0.121521 -0.320087 0.351395 0.169821 -0.109451 -0.297476 -0.077952 0.085605 -0.003384 -0.239543 0.119193 0.043473 0.353951 0.163712 0.114370 0.054308 0.041941 0.211168 0.121798 0.019060 0.017038
-0.153790 0.144626 0.372085 0.344605 -0.359141 -0.321578 0.014627 -0.336285 -0.018956 -0.530365 0.300395 0.056445 -0.058253 0.242754 0.178959 0.062072 -0.792057 0.701629 0.881954 -0.186622 -0.017841 -0.095191 -0.312060 -0.708350 0.049333 0.123868
-0.384160 -0.020938 -0.023856 -0.100677 -0.252844 -0.032863 0.346200 -0.195587 0.219842 -0.154535 0.363885 -0.255136 -0.216140 0.129602 0.155384 -0.202533 -0.005008 -0.025755 -0.105208 -0.177301 -0.062679 0.071599 0.009571 -0.207585 -0.003801 0.233133
1.291855 -0.173944 -0.100481 0.012729 -0.799174 -0.478896 0.300452 0.517191 -0.121284 0.113065 0.787572 -0.879030 -0.956919 0.841646 0.318597 -0.224732 -0.008339 -0.436997 0.273570 -0.401568 0.186524 -0.045160 -0.231855 -0.546198 0.026226 0.035878
-0.188376 0.009908 -0.086145 0.236439 -0.238336 0.080100 -0.632838 0.442444 0.106312 0.068136 -0.411540 0.278133 -0.058345 0.100910 -0.183188 0.183761 0.155353 0.343850 0.195790 -0.040416 0.038657 -0.058197 0.175963 0.220732 0.025198 0.077937
0.319703 0.079567 -0.053586 0.095508 0.004450 0.253516 -0.169620 -0.062916 0.008413 0.239153 0.045023 -0.224642 0.115130 -0.063065 -0.087896 0.194812 0.021594 0.104538 0.335170 -0.042737 -0.009681 0.040555 -0.071680 -0.016869 0.007345 -0.163742
0.179259 0.333913 0.270833 0.420038 -0.323237 -0.511578 -0.057585 -0.143618 -0.030164 0.134046 0.382956 -0.027204 -0.561608 0.187926 0.097363 -0.208660 -0.347669 0.428783 0.788252 0.141091 0.148369 0.042152 -0.396923 -0.142972 0.020557 -0.072808
1.149133 0.014242 -0.108082 -0.100579 -0.175583 -0.194863 0.062074 0.637225 -0.222497 -0.170584 0.519719 -0.184752 0.328427 0.145662 -0.029983 -0.042058 0.119274 -0.250085 0.282397 -0.356526 0.238384 0.030920 -0.171169 0.275607 0.018514 -0.315685
-0.497577 0.138078 -0.061519 -0.046419 -0.286573 -0.633264 0.466187 -0.371554 -0.076747 -0.298439 -0.362930 -0.674387 -0.529456 -0.125001 0.107754 -0.559668 -0.518307 0.278964 1.282893 -0.619700 -0.042854 -0.307821 -0.279160 -0.809155 0.024267 0.437481
1.421233 0.137623 0.010735 0.152672 -0.547606 -0.795921 0.317529 0.632767 -0.132452 0.238887 0.891944 -0.615007 -0.867373 0.194905 0.371883 0.023860 -0.006498 -0.080653 0.951451 -0.521475 0.257301 -0.092947 -0.464509 -0.215935 0.028042 -0.271440
0.398558 -0.260743 -0.068016 -0.140605 0.247332 0.050547 -0.281357 0.171069 -0.133385 0.020877 0.222707 0.124431 -0.080452 0.294050 0.018341 0.201440 0.313747 0.323529 -0.165514 -0.101454 -0.067019 -0.015624 -0.082230 0.155274 0.000769 -0.165922
0.746053 0.089538 0.326022 -0.172423 -0.095410 -0.446528 -0.365775 0.439985 -0.141049 0.073119 -0.286158 0.293708 0.078693 0.275531 -0.061336 -0.125774 0.020424 0.680594 0.710843 0.268373 0.058425 -0.133779 -0.288205 0.257732 0.023610 -0.285671
0.058202 -0.094522 0.344131 -0.135249 -0.354873 -0.043139 -0.587554 -0.067829 0.050325 -0.064752 0.098098 0.487141 -0.219424 -0.160055 -0.420169 0.006361 0.100919 0.271120 0.280650 0.039906 -0.037739 -0.113942 -0.177525 0.281774 0.023930 0.195857
