0.127491 -0.102157 -0.108705 0.145311 0.010957 -0.156136 0.011744 -0.122787 -0.025428 -0.000241 0.120588 -0.127724 0.118174 0.155570 0.072048 0.005411 -0.066129 -0.056948 0.067765 -0.015829 0.009839 0.014813 -0.004316 -0.073007 0.002586 -0.012563
-0.024293 -0.031219 -0.051365 -0.051324 0.037201 -0.094831 0.108454 -0.104380 -0.000084 0.018747 0.016043 -0.076060 0.029198 0.026283 0.106142 0.004718 -0.013534 0.011593 0.095991 0.015392 -0.005098 -0.010944 -0.002254 0.002262 -0.001273 -0.002362
0.171970 -0.115245 -0.125542 0.014197 0.013884 -0.112805 0.045832 -0.153970 -0.020341 0.094137 0.116989 -0.105494 0.038797 0.153249 0.083027 0.016619 -0.049438 -0.082537 0.084595 -0.042738 0.001223 0.013046 0.000628 -0.069293 0.002532 -0.016451
-0.393075 0.050229 0.111482 0.129786 0.143411 -0.303395 0.094359 -0.188408 0.012784 -0.294956 0.279259 0.142732 0.102642 -0.056338 0.110366 -0.004914 -0.225047 0.133542 -0.024479 0.284525 0.033954 -0.021125 -0.069413 0.029091 0.003003 0.021498
0.009681 -0.072042 -0.096575 0.169220 0.033258 -0.150901 -0.056520 -0.161109 -0.020931 -0.047907 0.099317 -0.098903 0.072953 0.153667 0.011964 -0.017741 -0.085774 -0.049611 0.053995 -0.025702 0.001580 0.009990 -0.011106 -0.066988 0.002134 0.028078
-0.271231 0.000996 0.046675 -0.064997 0.120718 -0.105336 0.152660 -0.198298 0.004386 -0.107221 0.159725 0.065391 0.017810 -0.021349 0.081792 -0.052330 -0.077044 0.053617 0.126100 0.122796 0.012845 0.000159 -0.015397 -0.038280 0.002100 0.014305
0.052889 -0.067427 -0.052473 -0.006316 0.026595 -0.069733 0.045829 -0.021136 0.000627 0.000759 0.164231 0.018398 0.006655 0.036825 0.070481 -0.034996 -0.026582 -0.011285 0.048982 0.024091 0.013494 0.022729 -0.005786 -0.027872 0.001647 -0.027002
-0.154382 -0.046724 0.017422 0.064823 0.102036 -0.169233 0.030819 -0.231130 -0.005383 -0.134953 0.052903 0.024425 0.121737 0.001600 0.054373 -0.017895 -0.042682 0.051186 0.114864 0.073387 0.013444 0.004431 -0.009830 -0.026283 0.000342 0.027406
-0.014648 -0.051180 -0.001848 -0.045026 0.173798 -0.094895 0.118962 -0.080569 -0.016376 -0.082612 -0.011352 -0.057276 -0.020870 0.011611 0.077520 -0.059607 -0.054362 0.057403 0.063255 0.058198 -0.001316 -0.013848 0.000915 -0.010036 -0.002097 -0.036468
-0.074341 -0.065118 0.006343 0.082911 0.095044 -0.101677 -0.013844 -0.067051 -0.009483 -0.110530 0.067536 -0.028312 0.126936 0.087541 0.013297 0.008956 -0.036057 0.024404 0.035846 -0.086228 0.004136 0.005926 0.006398 -0.045025 0.000693 0.009271
-0.022696 -0.099977 -0.086189 0.112084 0.020134 -0.167549 -0.015240 -0.154610 -0.015310 -0.014625 0.131246 -0.072606 0.102406 0.122700 0.029611 -0.038472 -0.065838 -0.031494 0.047043 0.001309 0.009692 0.011290 -0.014855 -0.045763 0.002321 0.034924
-0.445050 -0.116449 0.060895 -0.092944 0.197078 -0.200900 0.106454 -0.109880 -0.032854 -0.263440 0.243644 -0.006319 0.018545 0.024349 0.022149 0.013584 -0.138657 0.136744 0.167818 0.018012 0.008319 -0.014720 -0.044894 -0.056715 0.002691 0.086448
0.106171 -0.009529 -0.080495 0.086018 0.033212 -0.066021 -0.002261 -0.044548 -0.008837 -0.005858 0.088942 -0.023682 -0.049648 0.052576 0.034863 0.080185 -0.040580 -0.050605 0.009788 -0.015000 0.008748 0.007228 -0.003312 -0.031585 0.001789 -0.032505
-0.068544 -0.081497 -0.017843 -0.002429 0.024012 -0.109913 0.055212 -0.151956 -0.011437 -0.042311 0.147458 -0.062792 0.104177 0.114851 0.018938 0.004686 -0.027234 0.048182 0.074320 -0.101254 0.002096 0.005700 -0.002135 -0.042933 0.001122 0.036003
0.002138 -0.011203 0.005654 0.011079 0.065727 0.001440 0.089624 0.074573 -0.012411 -0.100732 0.056147 0.058864 -0.096244 -0.082964 0.084649 0.008968 -0.025816 -0.069903 0.017762 -0.075577 0.000563 0.009558 -0.000653 0.004059 -0.000989 -0.023843
-0.566019 0.155837 0.102349 -0.035569 0.222816 -0.345748 0.275742 -0.019087 0.015604 -0.500364 0.510431 0.191652 -0.190136 -0.141436 0.099720 0.147038 -0.382332 0.161158 0.075304 0.268799 0.027267 -0.029258 -0.071609 0.019265 0.003431 0.011201
-0.204593 -0.045281 0.046551 0.135115 0.123849 -0.178290 0.037141 -0.167646 -0.003539 -0.104172 0.080298 0.019786 0.203551 0.060457 0.085334 -0.020297 -0.087966 0.054868 0.036481 0.049755 0.017973 -0.000707 -0.007987 -0.003355 0.000368 0.005876
0.071152 -0.041931 -0.031858 -0.072665 -0.062118 -0.058638 0.087707 0.043752 -0.021000 0.145947 0.364435 -0.112010 -0.132515 0.039908 0.002640 0.012675 0.027782 -0.093115 -0.038602 -0.236074 -0.014038 0.002675 0.002881 -0.066519 -0.000018 0.016673
-0.283568 0.138325 0.060902 0.026805 0.060564 -0.211264 0.186809 -0.055631 0.006817 -0.243119 0.329545 0.117018 -0.074916 -0.082878 0.080620 0.090759 -0.249617 0.075840 0.016289 0.139953 0.015882 -0.017423 -0.051825 0.004973 0.002178 0.000522
-0.086816 -0.104021 -0.028984 0.024817 -0.000369 -0.116649 -0.116028 0.106171 -0.023843 -0.039997 -0.005777 0.047813 0.082443 0.015169 0.016964 0.008396 0.018058 0.021138 -0.037417 0.079045 0.004171 -0.011218 -0.008204 0.037867 0.000650 0.043474
-0.149243 -0.093689 -0.011652 0.034146 0.048237 -0.140037 -0.120952 0.047528 -0.033498 -0.039672 -0.027082 0.020399 0.051375 0.030750 -0.020583 -0.011876 0.003368 0.041259 -0.008103 0.005307 -0.004444 -0.012299 -0.005831 0.043885 -0.000507 0.061359
0.012151 -0.044807 -0.026958 -0.051199 -0.101583 -0.040121 0.074500 0.003503 -0.019502 0.119288 0.167521 -0.049496 -0.010865 -0.005294 0.043050 -0.042084 0.032510 -0.058903 0.016835 -0.086300 -0.003220 -0.001611 0.012448 -0.031869 -0.000862 0.032767
-0.179139 0.075215 0.030869 0.060526 0.033735 -0.175523 0.133585 -0.041582 0.002704 -0.179777 0.163690 0.062615 0.009043 -0.045703 0.091138 0.041307 -0.184507 0.075978 0.063548 0.115743 0.010571 -0.004404 -0.043355 0.001319 0.001014 -0.003832
-0.075175 -0.036353 -0.029979 0.017512 0.053886 -0.123296 -0.113008 0.006324 -0.014504 0.029162 0.045463 0.052470 0.116302 -0.007218 -0.021893 0.022860 0.015117 0.047763 -0.068363 0.037844 0.011880 -0.013728 -0.009361 0.054156 0.000794 0.009804
0.079380 -0.014703 -0.048926 0.080005 0.027455 -0.051753 -0.001337 -0.059017 -0.002276 0.001942 0.088691 -0.037462 0.007880 0.054797 0.037156 0.014299 -0.025012 -0.041382 0.021343 -0.036471 0.008421 0.007141 -0.002313 -0.031843 0.001608 -0.026271
0.126234 -0.119862 -0.055115 0.032043 0.091094 -0.148043 0.103890 -0.125928 -0.020971 -0.133564 0.179528 0.013339 -0.091255 0.056642 0.085740 0.077786 -0.135596 0.015073 0.037219 -0.070253 0.002180 0.010377 0.003362 -0.071298 0.001303 -0.012433
0.087600 0.008651 -0.080818 -0.086342 0.161857 -0.094769 0.144827 -0.049500 -0.028403 0.001040 0.227582 -0.105028 -0.147408 -0.114580 0.096951 0.079010 0.010994 -0.122807 0.016547 -0.092664 -0.006155 -0.003230 -0.007103 -0.022922 -0.001578 -0.058816
-0.015522 -0.081759 -0.026246 0.165086 0.238922 -0.102251 -0.046587 -0.046953 -0.020643 -0.208263 -0.002628 0.016221 0.022061 -0.092016 -0.013302 -0.016763 -0.051709 -0.055088 0.033582 -0.061422 0.005490 0.007417 0.004785 0.003309 -0.001518 -0.020829
-0.135629 -0.113590 -0.053597 -0.140106 0.112337 -0.083693 -0.118169 0.053870 -0.009623 -0.072269 0.031474 0.092277 0.086649 -0.040304 0.041357 0.032275 -0.028186 0.129723 0.018115 0.080009 0.003361 -0.021239 -0.008993 0.040239 -0.000414 0.022333
-0.088381 0.096870 0.064785 -0.104428 0.017711 0.060152 0.146639 0.021505 0.019430 0.039787 0.135143 -0.081416 -0.101915 -0.047983 0.032840 0.021117 0.021920 -0.008497 0.018458 -0.114957 -0.002003 0.006581 0.025937 -0.026871 0.000040 -0.019446
0.083067 -0.083251 -0.033599 -0.024485 -0.001819 -0.014133 0.024914 0.096805 -0.018240 0.133231 0.244951 -0.067113 -0.113942 -0.006855 -0.026433 0.032533 0.008778 -0.054355 -0.021953 -0.234897 -0.012944 0.000612 -0.003071 -0.031350 0.001303 -0.000880
0.014128 -0.052511 -0.014376 0.080867 0.015397 -0.112885 -0.092019 0.031353 -0.015929 0.005171 -0.047338 0.049550 0.110324 0.040384 -0.005728 0.018956 0.005652 0.010646 -0.047829 -0.009380 0.011349 -0.010429 0.013216 0.040719 0.000126 0.005601
-0.150184 -0.126938 -0.014712 0.020419 0.002493 -0.114108 -0.097495 0.064892 -0.030937 -0.049815 0.017661 0.015568 0.055685 0.030815 0.001171 -0.018836 0.021387 0.037441 0.006853 0.030035 -0.004061 -0.009804 -0.008559 0.030734 -0.000437 0.072445
-0.145564 -0.075634 -0.028290 0.003896 0.080524 -0.159496 -0.123358 0.028918 -0.021761 -0.006612 0.042504 0.050415 0.119515 -0.002097 -0.018042 0.007640 -0.005854 0.071656 -0.034266 0.047964 0.007616 -0.016073 -0.010133 0.059546 0.000161 0.030374
-0.117905 -0.109252 -0.033694 -0.138372 0.033615 -0.106328 -0.149533 0.228568 -0.026317 -0.067192 0.108050 0.078744 0.013762 -0.059714 -0.001520 0.089136 -0.029690 0.037567 -0.132839 0.211151 0.014768 -0.026053 -0.054064 0.094260 -0.000418 0.038339
0.028923 -0.100038 -0.054701 0.077998 0.043802 0.049616 0.010775 -0.075854 -0.018832 0.016841 -0.063889 -0.009723 0.077932 0.014814 0.048334 0.014775 0.062625 -0.006289 0.008765 -0.056680 0.009907 0.017587 0.034146 -0.033611 -0.000309 -0.005585
-0.030587 0.014362 -0.020593 0.015787 0.020220 -0.082058 -0.005864 -0.026993 -0.014035 -0.044019 0.031624 -0.052505 0.042212 0.031324 0.042184 0.003417 0.028391 -0.015614 0.037844 -0.020895 0.004371 -0.009248 0.004177 0.031789 -0.001411 0.003459
-0.063029 -0.113193 -0.042824 0.085322 0.228428 -0.047191 -0.005772 0.011820 -0.014416 -0.203858 0.072692 -0.004676 -0.023012 -0.145605 0.012520 -0.002272 -0.062897 -0.073549 0.087803 -0.136869 -0.006964 0.013531 0.010410 -0.012533 -0.001502 -0.004056
-0.099858 -0.142825 0.005140 0.102680 0.033883 -0.183755 -0.221545 0.026520 -0.037081 -0.013089 -0.014930 0.067157 0.066349 -0.005008 -0.103536 -0.101221 -0.005951 0.049095 -0.053786 0.012569 -0.000828 -0.020860 -0.017863 0.064692 -0.002268 0.084235
0.025970 0.005481 -0.011301 0.060498 0.066289 0.003923 0.038035 0.010757 -0.013201 -0.093792 0.018743 0.052067 -0.061130 -0.076529 0.040926 0.008871 -0.014553 -0.057943 0.023265 -0.083815 -0.005690 0.002281 -0.002315 -0.002092 -0.001010 -0.022049
-0.054708 -0.165884 -0.062558 -0.133531 0.176173 -0.057847 -0.084214 0.023721 -0.023489 0.007095 0.071853 0.058195 0.060436 -0.041743 0.039915 0.009662 -0.018372 0.130751 -0.006683 0.060038 0.005400 -0.017018 -0.008384 0.032492 -0.000150 -0.014183
-0.096471 -0.070679 -0.023158 0.001240 0.030655 -0.104182 -0.089998 0.007427 -0.015628 0.014954 0.049820 0.046318 0.070029 -0.011466 -0.017986 0.003219 0.005285 0.048121 -0.038690 0.040040 0.001893 -0.010439 -0.012307 0.036302 0.000235 0.033857
-0.108986 0.062243 0.011665 -0.024392 0.086577 -0.137999 0.167791 -0.039581 -0.010940 -0.158263 0.293378 0.054021 -0.102628 -0.039775 0.058910 0.113699 -0.179857 0.023903 -0.005462 -0.016552 0.009382 -0.011652 -0.016492 -0.020316 0.002592 -0.017871
-0.182380 -0.006474 -0.001024 0.023884 0.072137 -0.116369 0.131260 -0.105748 -0.003416 -0.119185 0.182873 0.065914 0.009948 -0.001556 0.097644 0.028486 -0.108833 0.075715 0.052984 0.105076 0.013614 -0.000009 -0.007011 -0.002893 0.001822 -0.002831
-0.033646 -0.052415 -0.004828 0.033769 0.002756 -0.093166 -0.087199 -0.006793 -0.009497 0.031541 0.031601 0.019693 0.137861 0.016704 -0.027594 -0.011615 0.019753 0.030423 -0.041387 -0.020656 0.012100 -0.008595 0.002801 0.045464 -0.000344 0.021114
-0.053759 -0.000184 -0.007070 0.021169 0.013989 -0.122057 -0.023528 -0.009627 -0.013144 -0.051356 0.039381 -0.041725 0.069380 0.030911 0.040698 0.007865 0.034907 -0.005066 0.049572 -0.011037 0.004925 -0.007847 0.005672 0.044580 -0.001103 0.012014
-0.052518 0.007048 -0.034787 -0.064852 0.003538 0.007854 0.013457 0.009351 0.005976 -0.074950 0.053823 0.018294 -0.037720 -0.025735 0.048649 -0.003202 -0.018860 -0.040682 0.006571 0.117891 -0.007608 -0.003362 -0.019380 -0.017929 0.000480 0.009708
-0.090026 -0.019806 -0.009766 0.009492 -0.001884 -0.010771 0.053556 0.068503 -0.018826 -0.126358 0.029386 0.102342 0.063450 -0.016658 0.058576 -0.028730 0.002785 -0.016432 -0.025290 0.049402 0.005793 -0.007321 -0.003038 -0.002027 0.000229 0.008360
-0.446503 0.063161 0.106963 -0.124707 0.080871 -0.185982 0.147340 -0.010585 0.014388 -0.215963 0.372086 0.015957 -0.030295 -0.041803 0.050174 0.039628 -0.192180 0.144459 0.081276 0.103958 0.001180 -0.011887 -0.038866 -0.001969 0.001325 0.051122
0.044132 -0.086013 0.004281 -0.097484 0.129374 -0.069483 0.026913 0.188527 -0.029709 -0.200449 0.104154 0.043258 -0.157695 -0.074755 -0.015269 0.066508 -0.028111 -0.056130 0.009476 -0.160884 -0.010817 0.002605 -0.005753 -0.037684 0.000956 0.001419
-0.194378 -0.100500 -0.009485 0.058921 0.031443 -0.152145 -0.169981 0.077719 -0.033472 -0.076519 -0.038256 0.047636 0.096028 0.028355 -0.018733 -0.010075 0.007043 0.019577 -0.028834 0.035098 -0.000566 -0.015312 -0.010967 0.051807 -0.000488 0.080155
0.045112 0.030870 0.011267 -0.013820 0.107759 -0.103631 0.071988 0.047820 -0.015090 -0.129737 0.178159 0.036224 -0.171005 -0.060407 0.029381 0.076228 -0.101275 -0.062950 0.003879 -0.101610 -0.006716 -0.001911 -0.018753 -0.058339 0.001546 -0.030777
-0.216768 -0.125817 0.069059 0.022434 0.031258 -0.066775 0.032596 0.077177 -0.031551 0.075257 0.098736 -0.055447 0.086273 -0.008094 -0.002972 -0.074839 0.000169 0.020782 -0.025260 0.031843 -0.004288 -0.004938 0.007577 -0.006492 -0.001801 0.045352
-0.066047 -0.055732 0.038915 -0.041784 0.034645 -0.030906 0.007383 0.072387 -0.032001 -0.037975 0.083856 0.037791 -0.040886 -0.083272 0.002260 -0.028959 0.036502 -0.045514 0.010078 -0.143841 -0.005481 -0.012379 0.013315 0.027469 -0.001618 0.031822
-0.083618 -0.024586 -0.011076 0.021427 0.075149 -0.073847 -0.060589 0.020641 0.004113 -0.008167 0.061877 0.051916 -0.002784 -0.028931 -0.001897 0.061397 -0.008241 -0.027213 -0.055020 0.121303 0.013669 -0.001234 0.001387 0.020444 0.001147 -0.003748
-0.208363 0.023852 -0.048972 -0.020409 0.168578 -0.293941 0.226728 -0.232862 -0.022837 -0.259813 0.348030 0.140398 -0.085362 -0.067885 0.200769 0.065582 -0.241981 0.127123 0.054624 0.343143 0.030845 -0.013871 -0.078613 -0.023093 0.002685 -0.028498
0.051148 -0.022977 -0.027921 0.143742 -0.020437 0.022634 -0.037213 -0.101746 -0.008091 0.059985 0.131847 -0.076049 -0.030128 0.023268 -0.012690 -0.020634 -0.018535 -0.094678 0.010544 0.079897 0.003974 -0.003832 -0.009315 0.031842 0.000161 -0.009822
0.123144 0.025673 -0.060354 0.040585 0.035548 -0.028833 0.025559 -0.015140 -0.001528 -0.020766 0.068701 0.018427 -0.088983 0.018760 0.035434 0.066812 -0.051921 -0.018569 0.018971 0.012284 0.007068 0.007114 -0.006188 -0.046117 0.002362 -0.052145
0.116425 -0.056148 -0.065229 -0.061484 0.013292 0.012278 0.017390 0.044151 0.004563 0.003296 0.113940 -0.014691 -0.065578 0.055521 0.000424 0.018351 0.018597 -0.028863 0.030128 -0.099830 -0.007467 0.015496 0.008931 -0.043392 0.000983 -0.019958
0.007185 -0.001854 -0.018457 -0.072173 0.103525 -0.041194 0.111911 -0.048940 -0.010370 -0.066262 0.023674 -0.039634 -0.054172 0.007573 0.083296 -0.015886 -0.035315 0.039628 0.050768 0.063037 -0.002205 -0.004298 -0.011691 -0.028381 -0.000236 -0.037710
-0.093972 -0.042774 0.010756 -0.104481 0.193856 -0.030819 0.138493 0.217096 -0.013799 -0.249508 0.196150 0.143678 -0.251289 -0.175223 0.084869 0.062432 -0.105572 -0.085218 0.029691 -0.050940 -0.002676 0.009916 -0.001449 -0.003431 -0.000066 -0.032007
0.005677 0.015132 -0.057723 0.176903 0.008107 -0.068409 -0.033138 0.071553 0.005978 -0.141508 0.105353 0.067031 0.017739 0.026712 0.129279 0.017920 0.004037 -0.095224 -0.165567 0.220526 0.024399 0.018427 0.001554 -0.026249 0.000053 -0.035301
-0.020878 -0.020792 -0.033043 -0.023073 -0.005631 -0.063346 -0.061862 -0.059203 -0.008060 0.010974 0.090299 0.068967 0.074159 -0.020248 -0.033087 0.026261 -0.010856 0.016757 -0.016342 -0.051058 0.006431 -0.013166 0.003877 0.038126 -0.001345 0.023852
-0.105690 -0.157436 -0.058521 -0.098023 0.057080 0.023029 -0.003714 -0.110152 -0.035851 0.144302 0.192162 -0.034545 0.124142 0.079325 0.057837 -0.142046 0.103612 0.019341 0.033423 -0.153810 -0.001420 0.012522 0.066106 -0.034508 -0.001659 0.028358
-0.025354 -0.094395 -0.041156 0.059404 0.116068 -0.136394 0.028087 -0.205149 -0.009334 -0.078268 0.016695 0.003207 0.131740 0.041196 0.078218 -0.023591 -0.033666 0.054303 0.129593 0.029969 0.017618 0.018194 -0.005953 -0.030804 0.000107 -0.007497
-0.153855 -0.019672 0.053202 0.088362 0.171893 -0.071637 -0.049573 0.137896 -0.013500 -0.103434 -0.000607 0.124646 -0.111351 -0.163863 -0.045886 -0.014394 -0.086574 -0.016939 -0.024409 0.157774 0.002920 0.001595 -0.018867 0.008675 -0.000334 -0.015870
0.079335 -0.177758 -0.089453 -0.018059 0.008303 0.015618 -0.107651 0.081878 -0.003584 0.084337 0.199037 -0.195449 -0.029649 0.164062 -0.042857 0.072760 0.058193 -0.167458 -0.025281 -0.325064 -0.029801 0.009055 0.010686 -0.043347 0.000162 0.049829
-0.089289 -0.030433 -0.027225 -0.047889 0.057398 -0.097208 -0.057816 0.006781 -0.006767 0.020967 0.077743 0.066496 0.051560 -0.014888 -0.003976 0.007081 -0.027977 0.062989 -0.013549 0.038544 0.006613 -0.012069 -0.004312 0.041506 0.000036 0.005860
-0.073263 -0.084156 -0.053436 0.059885 0.117455 -0.092996 -0.050423 0.078771 -0.020057 -0.062194 0.008873 0.052650 0.006760 -0.015432 -0.018413 0.014479 -0.018953 -0.019077 -0.006156 0.158537 0.012542 0.001681 -0.009397 0.019303 0.000716 -0.011219
-0.176215 0.118220 -0.014503 -0.047038 -0.060301 -0.213730 0.011708 -0.063631 -0.003688 -0.084089 0.058924 0.019932 0.094346 0.024077 0.060886 0.090288 -0.032213 0.006472 0.055428 0.154226 0.005640 -0.022943 0.004273 -0.010093 -0.002735 0.039847
-0.070213 0.074960 0.023530 -0.007020 -0.041828 -0.097367 -0.002612 -0.005138 -0.004972 -0.052203 0.024405 -0.011897 0.041455 0.042887 0.024677 -0.018682 0.025928 -0.003820 0.020795 0.021421 0.006900 -0.006512 0.006044 0.031842 -0.001806 0.017359
-0.138589 0.013887 0.006631 0.026388 -0.074380 -0.202789 -0.094369 0.015177 -0.033431 -0.067772 0.108703 -0.100522 0.182185 0.030874 0.035679 -0.033021 0.060935 0.092440 0.090257 0.095684 0.011704 -0.009054 -0.001024 0.023468 -0.002538 0.047056
0.004390 -0.003030 -0.032369 0.030600 0.046144 0.017932 0.032355 0.045881 -0.014056 -0.074277 0.108548 0.045790 -0.075133 -0.041648 0.036793 0.010462 -0.010405 -0.094861 0.004176 -0.121749 -0.010916 0.004374 -0.001037 -0.016324 -0.000602 -0.011378
0.044590 -0.073489 0.004461 -0.035894 0.066934 -0.106323 0.095142 -0.136070 -0.024878 -0.041226 0.201804 -0.057808 -0.077107 0.102187 0.040065 0.042414 -0.081832 -0.000481 0.020503 -0.137018 -0.007336 -0.000385 0.027988 -0.071289 0.000857 0.008678
0.001238 -0.102976 -0.029706 -0.065382 -0.056373 -0.041238 0.056364 0.050036 -0.024287 0.204306 0.284177 -0.074468 -0.069771 0.009822 0.000910 -0.016416 0.030972 -0.060751 0.001298 -0.192093 -0.016699 -0.004349 -0.004345 -0.029781 -0.000315 0.031807
-0.075554 -0.025205 0.009350 -0.033231 0.132571 -0.018290 0.049265 0.146230 -0.008269 -0.117272 0.059301 0.113287 -0.102609 -0.110203 0.044772 0.013404 -0.015239 -0.028350 -0.017698 0.002660 0.004799 0.007883 0.000569 0.018060 -0.000145 -0.029094
-0.181255 -0.092412 0.048134 0.105404 0.213536 -0.081278 -0.079331 0.113451 -0.035548 -0.354406 -0.025587 0.276075 -0.067000 -0.208446 -0.012964 -0.013828 0.015488 -0.011917 0.011707 -0.011465 0.015651 -0.022265 -0.022958 0.030314 -0.001635 0.023933
-0.020655 -0.074523 -0.006864 0.014906 0.137153 -0.095599 0.061788 -0.032386 -0.003032 -0.153562 0.086900 0.025375 -0.034188 -0.004285 0.068539 0.025682 -0.069915 0.042278 0.048274 0.034113 0.015369 0.009773 -0.022931 -0.011896 0.002106 -0.023198
-0.034979 -0.051747 -0.031674 -0.025254 0.022903 -0.079113 0.031137 -0.048919 -0.003369 0.015225 0.017960 -0.031789 0.046321 0.006137 0.069906 -0.006889 -0.023971 0.018798 0.062392 0.053028 0.002382 -0.006380 -0.001082 0.007535 -0.000843 0.006321
-0.080206 0.037956 0.028818 -0.069732 0.088328 -0.161716 0.132335 0.069139 -0.017457 -0.213081 0.246489 0.100462 -0.189758 -0.083315 0.098292 0.081837 -0.127516 -0.023623 -0.011905 0.018391 0.006973 -0.008020 -0.023233 -0.039760 0.001557 -0.008343
-0.429891 -0.008946 0.065413 -0.058242 0.127241 -0.146121 0.129699 0.017418 -0.012419 -0.180139 0.294892 0.057109 -0.029333 -0.003716 0.060163 0.002562 -0.160357 0.130209 0.088889 0.126189 0.011204 -0.003968 0.000644 -0.007702 0.001477 0.031544
-0.037034 -0.026812 -0.015043 -0.044044 -0.013384 -0.087340 -0.026099 -0.011059 -0.001160 0.070386 0.154449 0.058756 0.044126 -0.040326 -0.019893 0.006824 -0.059506 0.016319 -0.066538 0.117830 0.001977 0.000425 -0.010695 0.019004 -0.000549 0.008994
-0.100910 0.033423 -0.021124 -0.093665 -0.036983 0.044865 0.059012 0.044186 0.013150 -0.097443 0.027091 0.027906 -0.031924 -0.050449 0.144729 0.054418 -0.045613 -0.010981 -0.031539 0.361040 0.003185 -0.010269 -0.023307 0.008959 -0.001077 -0.007375
-0.006380 -0.029506 -0.014147 0.156005 0.034862 -0.041454 -0.029211 -0.047010 -0.010366 -0.042423 0.121867 -0.020012 0.062196 0.005372 0.032787 0.015089 -0.000372 0.005706 -0.055673 0.028066 0.004554 0.008679 -0.021450 0.006900 -0.000310 -0.016835
0.003923 -0.110324 0.019459 0.106079 -0.038149 -0.132079 -0.151049 0.022304 -0.052676 0.026141 0.034929 0.008328 0.056861 0.046031 -0.093854 -0.066948 0.007875 0.044117 -0.014961 -0.078221 -0.006191 -0.015470 0.001030 0.034238 -0.002367 0.060343
-0.032966 -0.009398 -0.002233 0.048041 -0.013236 -0.091247 -0.004747 -0.058824 -0.002479 -0.085040 0.053445 -0.018100 0.038666 0.016731 0.018832 0.001665 0.037534 0.008342 0.054382 -0.082720 -0.002169 -0.008037 0.014157 0.011397 -0.001301 0.029943
0.076832 0.002834 -0.068963 0.058935 0.042315 -0.043627 0.025130 -0.056757 0.000975 -0.015525 0.076184 -0.012475 -0.045941 0.035992 0.039526 0.046669 -0.045843 -0.037996 0.034454 0.010635 0.005075 0.008865 -0.001525 -0.046061 0.002234 -0.035560
0.000021 -0.022829 -0.038957 -0.057204 0.220142 -0.073425 0.130407 -0.155250 -0.014565 -0.041403 -0.015544 -0.061427 -0.027858 0.035459 0.083217 -0.034007 -0.013508 0.044314 0.062563 0.032016 -0.000125 -0.004712 -0.000583 -0.020349 -0.000973 -0.060022
-0.063477 -0.061334 -0.025779 0.006532 0.056515 -0.069759 -0.059283 -0.016359 -0.013916 -0.001072 0.050406 0.049026 0.077176 -0.023366 -0.002629 0.015911 0.002946 0.043883 -0.028409 0.043661 0.004636 -0.010299 -0.010808 0.037890 0.000621 0.007792
0.174422 -0.060821 -0.097842 0.010783 0.063742 -0.073228 0.036186 -0.043087 -0.017117 0.012314 0.075958 -0.027748 -0.048696 0.074326 0.056865 0.045545 -0.051015 -0.036023 0.049251 -0.000478 0.002499 0.010348 -0.008740 -0.059251 0.002367 -0.050723
0.102747 -0.050996 -0.031568 -0.059982 0.076807 -0.060121 0.120500 -0.057518 -0.027314 -0.023870 0.165239 -0.054235 -0.082135 0.043253 0.043949 0.085788 -0.066572 -0.026598 0.001909 -0.177381 -0.004555 0.001925 0.028727 -0.057140 0.001503 -0.020770
-0.018656 -0.016599 0.022527 -0.066663 0.063825 0.019531 0.049775 -0.050192 -0.005510 0.134052 0.046238 -0.087999 0.001818 -0.000080 0.018985 -0.049130 0.097866 0.017136 0.007779 -0.172139 0.003035 0.009669 0.051536 -0.034640 -0.002375 -0.011913
0.011035 0.011403 -0.056172 0.072801 0.065201 -0.049400 -0.019491 0.000097 0.005006 0.005586 0.125351 -0.175199 -0.068289 0.001469 -0.005829 0.037146 0.023681 -0.069473 -0.035854 -0.059327 -0.016997 0.001191 -0.014542 -0.016220 -0.000419 -0.008131
-0.061824 -0.012326 -0.025424 0.029235 -0.007591 -0.081533 -0.027873 -0.036958 -0.011944 0.007243 0.008367 -0.023337 0.065438 0.032150 0.017167 -0.018217 0.038232 0.019544 0.057663 0.049754 0.008408 0.002585 0.029619 0.020702 -0.002789 0.014529
0.181940 -0.053950 -0.105655 0.072309 0.047894 -0.095627 0.001887 -0.121650 -0.003984 0.069529 0.090851 -0.114139 0.050096 0.120489 0.059889 0.029130 -0.041213 -0.053524 0.025212 -0.048457 0.008852 0.009904 0.007823 -0.038708 0.001725 -0.044840
-0.112660 -0.070679 -0.013566 0.011378 0.019972 -0.121208 -0.110403 0.012354 -0.018594 0.005488 0.011668 0.049060 0.082568 0.001114 -0.033799 -0.008911 -0.000364 0.050387 -0.017012 0.013177 0.001533 -0.011965 -0.002152 0.042147 -0.000773 0.048733
-0.382893 0.269917 0.134300 -0.090076 -0.144810 -0.265805 0.005152 0.088680 0.051420 -0.050986 0.530306 0.119873 -0.314704 -0.017227 -0.175903 0.141780 -0.220367 -0.164703 -0.298580 0.037971 -0.020410 -0.058589 -0.071540 0.074602 0.000154 0.133867
0.076824 -0.055016 -0.084278 0.133569 0.034996 -0.088625 -0.006748 -0.049369 -0.008188 -0.013592 0.099344 -0.042240 0.013235 0.061931 0.037749 0.062140 -0.030874 -0.033865 0.008071 -0.018274 0.009493 0.009099 0.002635 -0.027850 0.001195 -0.021248
-0.110699 -0.152362 0.024829 0.052190 0.067266 -0.256827 -0.279887 0.038623 -0.043238 -0.000016 0.007517 0.042445 0.077370 -0.003873 -0.125008 -0.094507 -0.008585 0.076729 -0.040230 -0.026134 -0.000924 -0.023573 -0.014678 0.085119 -0.003155 0.093389
-0.039020 -0.022960 -0.007934 -0.029879 -0.029502 -0.102127 -0.032501 -0.031653 -0.014063 -0.019999 0.064805 0.002532 0.058284 0.051630 0.047258 -0.009049 0.011059 0.027403 0.002638 0.040617 0.008176 -0.008994 -0.002621 0.037248 -0.000792 0.025901
0.061798 -0.007724 -0.034363 0.007701 -0.034947 -0.085398 0.028793 -0.025342 -0.006520 0.102528 0.125207 -0.022246 -0.023483 0.024981 0.036314 0.012547 0.011367 -0.068186 -0.000130 -0.077272 0.005008 0.000299 0.009014 -0.008433 -0.000161 -0.002919
0.052035 -0.061331 -0.030570 0.019782 0.057308 -0.078708 0.078998 -0.079636 -0.013999 -0.019197 0.145261 -0.005705 -0.080482 0.063818 0.052851 0.057722 -0.093365 -0.016305 0.013668 -0.114198 -0.006143 0.002162 0.027539 -0.048568 0.000451 -0.007292
0.001014 0.031614 -0.037824 0.039621 0.073429 0.024575 0.078540 -0.004678 -0.003334 -0.016128 0.060816 0.031675 0.016872 0.013264 0.086155 0.011601 -0.014715 -0.021161 -0.052862 0.123514 0.004058 -0.003839 -0.044304 -0.020315 0.000083 -0.068869
-0.088613 -0.144371 -0.027467 0.068434 0.021122 -0.095591 -0.094391 -0.014570 -0.030134 -0.077700 0.109340 -0.109324 0.080522 0.188752 -0.025240 -0.022342 -0.026645 -0.013948 0.000791 -0.082652 -0.015227 -0.003520 -0.014998 -0.046703 0.001145 0.071418
-0.009149 -0.036365 -0.022737 0.043630 0.030698 -0.036503 -0.006616 0.000622 -0.007716 -0.022772 0.072895 -0.014252 0.047707 -0.008534 0.035015 -0.011819 0.000141 -0.011531 -0.017991 0.031567 -0.000204 0.002944 -0.007150 0.007135 -0.000254 -0.008930
-0.073269 -0.007549 0.006713 0.042766 0.074769 -0.069668 -0.011487 -0.048466 -0.012276 0.063524 0.090026 -0.008064 -0.014541 -0.008353 -0.007383 -0.021533 -0.012455 0.008782 -0.046144 0.085989 0.009670 -0.004732 -0.010033 0.003830 -0.000674 -0.011603
-0.258487 -0.133459 0.080056 0.175993 0.504371 -0.197201 -0.164423 0.230348 -0.030697 -0.240847 -0.014561 0.167725 -0.170306 -0.334843 -0.089625 0.016407 -0.051687 -0.046561 -0.082893 0.218129 0.038839 -0.004565 -0.035078 0.059015 -0.001676 -0.048042
-0.072202 -0.053459 -0.008982 0.048184 0.032046 -0.070557 -0.064041 0.006838 -0.003813 -0.007102 0.053028 0.044357 0.059034 -0.036113 0.009669 -0.012907 -0.012566 0.022016 -0.025025 0.081604 0.017363 -0.003302 0.010896 0.024151 0.000038 0.010914
-0.304207 -0.034144 0.081000 -0.140919 0.301765 -0.089570 0.103767 0.353761 -0.017734 -0.366562 0.243421 0.237733 -0.273505 -0.232386 0.045684 0.028579 -0.095737 -0.013482 -0.036762 0.085668 0.013382 -0.001369 -0.009428 0.021055 0.000474 -0.028273
0.041871 0.021632 -0.006341 0.149336 -0.083285 0.066520 0.017940 0.039025 0.009172 -0.046031 0.096888 -0.039695 -0.023955 -0.033668 0.044668 -0.021764 -0.019026 -0.054321 -0.030596 0.107878 0.006868 0.018823 0.001631 -0.030622 0.000453 -0.016449
-0.017422 -0.015697 -0.004372 0.178387 0.014809 -0.038107 -0.018122 0.002757 -0.014040 -0.022295 0.056731 0.027612 0.052952 0.008372 0.046683 -0.037864 0.003837 -0.021047 -0.023011 0.016823 0.009877 0.009163 -0.004387 -0.016122 -0.000939 -0.018940
-0.326449 0.029675 0.035811 -0.183176 0.181119 -0.262987 0.184841 0.129614 -0.026951 -0.363925 0.384718 0.103144 -0.282549 -0.112939 0.120303 0.108359 -0.161609 0.003949 0.056048 0.063772 0.009470 -0.013777 -0.045576 -0.044644 0.001488 0.031676
0.115441 0.028170 -0.058080 0.035149 -0.016390 -0.052362 0.049218 -0.066311 0.003119 0.047382 0.127184 -0.038681 -0.048650 0.033985 0.024658 0.067596 -0.038869 -0.046480 0.017814 -0.042738 0.004932 0.004884 0.004177 -0.036558 0.001581 -0.030648
-0.068468 -0.004799 -0.067446 -0.018051 -0.019445 -0.005407 -0.047502 0.091600 -0.007467 -0.067329 0.116958 -0.021142 -0.001264 -0.044067 0.057497 0.011963 0.002657 -0.061684 -0.026163 0.132131 -0.000940 0.002319 0.004967 -0.011690 -0.001397 0.013606
0.028719 -0.070966 -0.022886 -0.039737 -0.133805 0.029720 0.001458 -0.153317 -0.016545 0.168373 0.097251 -0.129098 0.144354 0.113002 -0.035943 -0.075542 0.041543 0.001317 0.051202 -0.167702 -0.013452 0.003390 0.027116 -0.041053 -0.000173 0.060036
-0.163103 0.049598 -0.048909 -0.054722 -0.078292 0.087878 0.023528 -0.023623 -0.004777 -0.202948 -0.047924 0.145933 0.071040 0.027291 0.133307 -0.007068 0.018836 -0.061240 -0.018418 0.154069 -0.017924 -0.009398 -0.012512 -0.071007 -0.001847 0.045953
-0.366330 0.028096 0.000311 -0.248676 0.330376 -0.271057 0.182881 0.035549 -0.037601 -0.339258 0.348224 0.127001 -0.241957 -0.141730 0.145774 0.090093 -0.150808 0.010106 0.101005 0.089876 0.016917 -0.017879 -0.059955 -0.010198 0.001091 -0.005134
-0.870804 0.054212 0.137840 -0.043105 0.318421 -0.318496 0.242003 0.146454 -0.005488 -0.458123 0.587311 0.160747 -0.255495 -0.158147 0.042236 0.098581 -0.356222 0.155444 0.072418 0.332025 0.017480 -0.036235 -0.047254 0.030959 0.001815 0.054687
0.176640 -0.036640 -0.102276 0.094564 0.050726 -0.094616 0.016816 -0.078671 -0.010386 0.001080 0.018818 -0.060271 0.033364 0.116530 0.067903 0.068797 -0.075170 -0.026667 0.046968 0.020721 0.007631 0.013627 -0.002393 -0.061300 0.002283 -0.056313
-0.043406 -0.046296 -0.010214 0.146717 0.140607 -0.098370 0.006827 -0.105693 -0.006808 -0.124524 0.154819 -0.042323 0.004890 -0.089133 0.035283 -0.039765 -0.062086 -0.045719 0.006414 -0.126841 0.009109 0.008819 0.000226 0.026439 -0.001335 0.002027
-0.128291 -0.119833 0.045463 0.079092 -0.000688 -0.197377 -0.237365 0.072085 -0.021398 0.025118 0.034357 -0.005596 0.047872 -0.033940 -0.145424 -0.062074 0.053721 0.025318 -0.036904 -0.124738 0.003198 -0.008252 0.013297 0.078912 -0.002687 0.108495
-0.013254 -0.028853 -0.019981 0.026423 0.001886 -0.058459 -0.032535 -0.061881 -0.004065 0.003195 -0.029176 -0.015689 0.103819 0.007903 0.027972 -0.008365 0.051427 -0.020588 0.032787 0.000464 0.011093 0.003103 0.025146 -0.022582 -0.001670 0.014592
-0.141155 -0.067141 -0.036915 -0.067858 0.082741 -0.167035 -0.097338 0.016846 -0.013438 -0.033610 0.101381 0.115691 0.100608 -0.016314 0.001680 0.025746 -0.041417 0.085647 -0.012225 0.078417 0.011884 -0.019516 -0.011592 0.075533 -0.000160 0.021050
-0.047564 -0.019729 -0.043699 -0.022064 -0.004136 0.042638 0.031755 0.046102 -0.013288 -0.037232 0.071793 0.046200 0.021711 0.014480 0.069461 -0.024095 -0.012539 -0.039181 -0.034191 0.105671 -0.009342 -0.000228 -0.011869 -0.044465 -0.000408 -0.007865
0.116982 -0.191948 -0.091625 -0.004271 0.037253 -0.033688 -0.094734 0.078346 -0.001153 0.087149 0.192216 -0.193107 -0.009261 0.168762 -0.010421 0.071005 0.037704 -0.119437 -0.019008 -0.281831 -0.023206 0.016695 0.010753 -0.031857 -0.000305 0.023887
-0.038524 0.022182 -0.003689 0.108690 -0.004629 -0.051674 -0.009994 -0.036568 -0.010225 0.008107 0.112759 0.019220 0.011546 0.015984 0.008197 -0.003548 0.005624 0.010014 -0.054886 0.042133 0.003425 0.001773 -0.021643 -0.001593 -0.000358 -0.007486
-0.008980 -0.086487 -0.062312 -0.018162 0.160028 -0.177555 0.089786 -0.046439 -0.028838 -0.180930 0.284382 0.043843 -0.125985 0.020807 0.056134 0.089959 -0.165599 -0.027186 0.035047 -0.083662 0.007054 0.004093 0.011190 -0.068965 0.001954 -0.006503
-0.192511 -0.001243 0.025498 0.012704 0.115181 -0.235635 0.064870 -0.032301 -0.009865 -0.125288 0.335466 -0.003276 0.070256 0.045160 0.036127 0.001607 -0.166065 0.079275 0.025735 0.000650 0.006468 0.000560 -0.029864 -0.025909 0.001249 -0.001430
-0.269337 0.019924 0.025981 -0.194480 0.207270 -0.106818 0.152274 0.140707 0.019037 -0.219026 0.236974 0.094355 -0.267387 -0.207370 0.169988 0.082037 -0.145526 0.021387 0.004621 0.368163 0.010373 -0.017480 -0.060672 0.057901 0.000105 -0.035798
-0.020439 -0.110365 -0.086317 -0.223983 -0.160020 0.299311 0.028929 0.041735 -0.016158 -0.218606 0.157357 0.215227 -0.099606 0.093065 0.273269 -0.053895 -0.047829 -0.083728 -0.021325 0.574800 -0.018491 0.001304 -0.056013 -0.099102 0.000041 0.011421
0.038438 -0.071668 -0.021790 -0.014431 0.009309 -0.009109 0.006488 0.069008 -0.011427 0.054249 0.225680 -0.053575 -0.062893 -0.003594 -0.031641 0.016808 0.007306 -0.017959 -0.014872 -0.174218 -0.007381 0.002615 0.003811 -0.037403 0.000741 0.003800
-0.018162 0.000631 -0.015300 0.133498 0.012648 -0.035045 -0.021451 -0.060285 -0.003814 -0.025754 0.118484 -0.012910 0.044235 0.017963 0.037355 0.007602 0.010107 0.008271 -0.045892 0.033827 0.004638 0.006709 -0.019139 0.006219 -0.000283 -0.014272
-0.131322 0.049887 0.080466 -0.101252 0.077875 -0.030362 0.140988 -0.044385 0.015298 -0.025572 0.260121 0.019635 -0.146643 -0.077685 0.068092 0.038312 -0.073160 0.064817 -0.032556 0.089743 0.016851 0.000045 -0.022171 -0.008284 0.001947 -0.025576
0.142704 -0.156943 -0.088365 0.063849 -0.008331 0.033198 0.053727 -0.047724 -0.028000 0.058567 0.034380 0.001523 0.092602 0.034246 0.077566 0.037497 0.007499 -0.013768 0.042330 -0.059994 0.007734 0.023332 0.038285 -0.037924 -0.001291 -0.024825
0.014243 0.016893 -0.018815 -0.009499 0.066162 -0.081270 -0.001735 0.009923 -0.003856 -0.043775 0.043593 0.037437 0.000112 -0.013167 0.009143 -0.001451 -0.027657 0.006565 -0.008947 0.041392 0.010385 -0.003671 -0.005501 0.000542 0.000040 -0.027235
0.038495 -0.062452 -0.034211 0.051258 -0.037573 -0.025378 0.070813 -0.045708 -0.018617 0.020040 0.099934 0.004962 0.068221 0.034411 0.062289 0.033055 -0.032476 0.003274 0.029278 -0.048125 -0.000512 0.010223 0.008100 -0.029300 -0.000669 -0.005173
-0.093972 -0.030462 0.047174 0.047490 0.130739 -0.066364 -0.029997 0.056402 -0.009262 -0.097905 -0.023714 0.112394 -0.020409 -0.116886 -0.010602 -0.026760 -0.033034 -0.017861 0.005930 0.033067 0.005718 -0.000963 -0.004151 0.026922 -0.001176 -0.006130
-0.109037 0.322497 -0.026267 0.037439 0.088639 -0.263119 0.050238 0.037922 0.027812 -0.052271 -0.043303 0.031237 -0.057060 0.033668 0.067195 -0.016643 -0.091593 -0.064155 -0.002360 -0.020326 -0.014480 0.000106 0.002039 -0.054574 -0.000953 -0.054722
-0.057586 -0.005764 -0.020431 -0.026371 -0.000041 -0.016906 -0.011600 0.028468 -0.002084 -0.070024 0.030162 0.026008 0.022037 0.017632 0.056100 -0.022468 -0.051150 -0.046162 -0.046284 0.183178 0.002943 -0.008865 -0.014713 0.008734 -0.000145 0.006476
0.046442 -0.006625 -0.035802 0.003783 -0.032482 -0.020806 0.011506 0.044658 -0.001970 -0.047985 0.137098 -0.027462 -0.025279 -0.017566 0.040223 0.007108 0.017985 -0.032334 -0.022127 0.054858 0.002765 -0.003559 -0.016631 -0.011825 -0.000343 -0.008384
-0.056842 -0.013904 -0.029986 -0.021786 0.027234 -0.071336 -0.058711 -0.030061 0.002124 0.042156 0.057765 0.062188 0.065425 -0.035060 -0.014899 0.011815 -0.012471 0.044207 -0.047949 0.034688 0.003486 -0.006648 -0.006513 0.033721 0.000174 0.008902
0.019283 -0.107878 -0.058369 0.012021 0.098000 0.004989 0.021074 0.067926 -0.013149 -0.151160 0.086317 -0.013754 -0.079216 -0.089969 0.019085 0.036930 -0.058468 -0.077104 0.099932 -0.171755 -0.016126 0.017445 0.006468 -0.041701 -0.000917 0.010761
-0.080142 0.014032 -0.048830 0.012849 0.024231 -0.098887 0.070536 -0.093575 0.003211 -0.059625 0.023578 0.014808 -0.016321 0.014963 0.079918 -0.010677 -0.026167 -0.025144 0.058624 0.100070 -0.000453 0.002782 0.005711 -0.011565 -0.001352 0.009376
-0.043961 0.029166 0.009788 0.021285 -0.031160 -0.042124 -0.042292 0.003826 0.007301 -0.002531 -0.004848 0.031193 0.035535 0.003875 0.026430 0.005934 -0.012244 -0.001458 -0.016812 0.067708 0.014074 -0.001294 -0.000526 0.021694 -0.000406 0.008894
0.013236 -0.010975 -0.011371 0.005787 0.091653 -0.003145 0.030361 -0.002988 -0.000829 -0.045582 0.018905 0.053661 -0.030992 -0.052244 0.035045 -0.023555 0.015432 -0.038881 0.015374 -0.036201 0.002612 0.007962 0.007540 0.021182 -0.000870 -0.031209
-0.008036 -0.042553 -0.007496 0.120395 -0.069623 0.025592 -0.031565 -0.038874 0.009897 0.021375 0.115836 -0.016254 0.018302 0.015733 0.033515 0.014172 -0.011336 -0.061756 -0.035877 0.160851 0.010093 0.006139 -0.000628 0.040483 0.000530 0.005982
0.055830 -0.114125 -0.070332 0.019088 0.042006 -0.081576 0.019144 -0.054236 -0.011878 0.026351 0.096084 -0.012438 0.069198 0.077492 0.059177 -0.028292 -0.020171 -0.012386 0.053780 -0.004232 0.011962 0.014372 0.001589 -0.021879 0.001561 -0.014604
0.004406 0.060519 -0.005581 0.105452 0.080861 0.023144 -0.020172 0.090818 -0.011423 -0.124319 0.051337 0.107990 -0.131475 -0.121103 0.006939 0.038927 -0.031807 -0.091331 -0.004635 -0.079526 -0.000311 0.002292 -0.026561 -0.003105 -0.001929 -0.034094
-0.163407 -0.072136 -0.073906 -0.082244 0.272968 -0.194970 0.105075 0.041918 -0.030109 -0.255133 0.148048 -0.009354 -0.104611 -0.038853 0.130610 0.065998 -0.086978 0.013274 0.036054 0.345560 0.001690 -0.029225 -0.055973 0.054089 0.001054 -0.045548
0.023534 -0.038659 0.003265 0.119968 -0.050424 -0.054445 -0.081771 -0.006926 -0.032342 0.020011 -0.058789 -0.001398 0.160616 -0.003264 0.007696 -0.004904 0.065948 0.037504 -0.021651 0.009168 0.019460 -0.007395 0.008059 0.025371 -0.002025 0.011084
0.003805 -0.036612 -0.022831 0.048782 -0.025557 -0.004931 -0.008984 -0.025496 -0.007561 0.022439 0.090726 0.003503 0.045748 0.002157 0.018567 -0.022191 0.024671 -0.002046 -0.020113 -0.044846 0.000591 0.001186 -0.010653 -0.004862 -0.000381 0.008044
-0.049437 -0.082433 -0.056426 0.064614 0.066918 -0.088762 -0.047011 0.033905 -0.015484 -0.058239 0.036559 0.059229 0.021678 -0.004895 -0.010473 0.008315 -0.024412 -0.009672 -0.008811 0.101666 0.012522 0.005736 -0.004113 0.008212 0.001280 0.005044
-0.057558 -0.061273 -0.041535 -0.123101 0.085433 -0.000729 -0.005364 0.018469 -0.003901 -0.101993 0.099523 0.001204 -0.075843 -0.002325 0.071179 0.020074 -0.022563 -0.016253 -0.036928 0.158400 -0.010029 -0.008536 -0.029944 -0.010691 -0.000253 0.003869
0.062392 0.005428 -0.063201 0.045457 0.023401 -0.026747 0.017206 -0.069088 0.003312 0.003782 0.111939 -0.016019 -0.051369 0.026526 0.018192 0.044421 -0.030454 -0.050315 0.019748 -0.023651 0.002859 0.007039 0.005542 -0.038437 0.001892 -0.021580
-0.310604 0.020608 0.037441 -0.251022 0.191968 -0.179942 0.158800 0.054233 -0.018624 -0.138974 0.302492 0.070721 -0.220526 -0.102196 0.091720 -0.000861 -0.025293 0.000925 0.075914 -0.061432 0.000992 -0.013387 -0.028088 0.011965 -0.000473 0.023102
-0.127352 -0.050025 -0.071304 -0.061414 0.145082 -0.010999 0.018167 0.031580 -0.024854 -0.049616 0.098329 -0.039023 -0.044885 -0.016663 0.104920 0.095404 0.003143 -0.056866 -0.059815 0.370400 0.004118 -0.023629 -0.020853 0.020263 0.002441 -0.038294
-0.141604 -0.062338 0.035521 0.022677 -0.091799 -0.096924 -0.173940 0.054830 -0.015526 0.011975 0.069289 0.069406 0.036554 -0.006398 -0.067572 -0.042621 0.032911 -0.019432 -0.058523 -0.081487 -0.008695 0.003143 0.006812 0.014903 -0.000921 0.109645
-0.059982 -0.014212 -0.003931 -0.023106 0.057530 -0.065482 0.024063 0.030337 -0.009034 -0.087741 -0.048754 0.044953 0.028514 -0.015425 0.027763 0.003194 -0.043367 -0.011674 0.018571 -0.033512 -0.004132 -0.012325 0.016788 -0.008343 -0.001023 0.011473
-0.382823 0.002237 0.141855 -0.180018 0.358922 -0.186570 0.132351 0.458782 -0.020127 -0.568016 0.363516 0.322535 -0.402007 -0.298203 0.028209 0.077563 -0.169459 -0.032118 -0.072713 0.110614 0.016293 -0.013101 -0.030274 0.012577 0.001538 -0.016131
-0.097586 -0.046223 0.002913 0.054484 -0.087801 -0.058470 -0.176254 0.063017 -0.013404 0.021010 0.086421 0.104858 0.085835 -0.021034 -0.027360 -0.020208 0.007248 -0.023580 -0.089571 -0.012065 0.007904 0.001186 0.018833 0.022425 -0.000283 0.069253
-0.127622 -0.053514 0.006612 -0.178495 0.398482 -0.142884 0.160390 0.336362 -0.013011 -0.481009 0.352408 0.245633 -0.456662 -0.262980 0.064246 0.149236 -0.195242 -0.110049 0.032181 -0.038884 -0.002731 0.000945 -0.025440 -0.008000 0.001428 -0.063511
-0.036462 0.007135 -0.019152 -0.005292 -0.009445 -0.010293 0.007754 -0.016433 0.004390 -0.054911 0.031371 0.035516 0.019752 0.006695 0.047996 -0.013360 -0.005608 -0.017608 -0.005843 0.066599 -0.005377 0.007098 -0.004142 -0.017098 -0.000250 0.005362
-0.048973 -0.023139 -0.020107 -0.020219 0.045077 -0.074345 -0.035074 0.030867 0.001638 -0.018344 0.093458 0.049659 0.026487 -0.043529 0.034547 0.024008 -0.024649 0.040201 -0.020138 0.127814 0.015887 -0.001436 -0.008567 0.027836 0.000864 -0.014581
0.008420 -0.019416 -0.013136 0.092829 0.027029 -0.027997 -0.029973 -0.060804 -0.002356 0.071329 0.022451 -0.008593 -0.010975 -0.002457 -0.011507 -0.014781 0.016493 -0.029677 -0.003835 -0.104275 -0.002534 0.004845 0.022146 0.011947 -0.001680 0.002449
-0.259809 -0.127334 0.071180 0.047243 0.347290 -0.164723 -0.070307 0.202628 -0.013658 -0.276962 0.130406 0.259307 -0.117407 -0.255719 -0.067020 -0.000452 -0.140330 0.074652 -0.051427 0.235641 0.029763 -0.009220 -0.047281 0.067163 0.001823 -0.025413
-0.011247 -0.136734 -0.035416 0.241806 -0.017386 -0.183920 -0.083192 0.017997 -0.035198 -0.039047 -0.083065 0.083941 0.174976 -0.022586 0.025308 0.033033 0.021192 0.035362 -0.040472 0.090586 0.020113 -0.012876 -0.004582 0.029543 0.000708 0.028762
0.024407 -0.115998 -0.007321 -0.061961 0.401556 -0.187447 0.037337 0.336368 -0.035479 -0.476221 0.224936 0.082009 -0.357092 -0.167228 0.005021 0.140257 -0.111730 -0.107629 0.069482 -0.175134 -0.006980 -0.002878 -0.043499 -0.039651 0.000194 -0.057581
-0.108704 -0.008771 -0.004881 -0.052310 -0.034795 -0.037588 -0.086539 0.033035 -0.014917 0.006868 0.047028 0.034478 -0.028521 0.004454 -0.038205 -0.036910 0.029416 -0.012970 -0.045194 -0.044297 -0.019073 -0.002815 -0.001704 0.005126 0.000085 0.065055
-0.065352 -0.038996 0.004264 0.092478 0.141526 -0.096785 0.062903 -0.069887 -0.023468 -0.024852 -0.082130 -0.138022 -0.030769 0.017107 -0.016394 -0.070349 -0.039757 0.045915 0.155252 -0.139316 -0.006249 -0.004320 0.023144 -0.003706 -0.003925 0.001709
-0.042892 -0.011703 -0.001174 0.022963 0.069325 -0.042288 -0.021569 0.039162 -0.004171 -0.040450 0.037558 -0.002102 0.024378 -0.019721 -0.014243 0.015282 0.005397 0.015856 0.021457 -0.013392 0.003727 -0.000702 0.011724 0.004378 -0.000377 -0.013498
-0.023371 -0.007978 -0.008749 0.023322 0.039658 -0.039958 -0.027786 0.027779 -0.001328 -0.036048 0.025290 -0.023476 0.014350 -0.009317 -0.016863 0.017343 0.014416 0.021148 0.023148 -0.018455 0.003235 -0.000203 0.008347 0.002925 0.000052 -0.003894
0.138669 0.039962 -0.038449 -0.045960 -0.013829 -0.003243 0.082856 -0.016168 -0.006528 0.097478 0.191996 -0.040497 -0.096887 -0.025132 0.005888 0.064131 -0.003251 -0.022449 -0.018529 -0.129907 0.000155 -0.000847 -0.010662 -0.038821 0.001049 -0.041349
-0.098478 -0.042458 -0.017348 0.054352 -0.044669 -0.051534 -0.166308 -0.012260 -0.007983 0.038756 0.140124 0.109305 0.093975 -0.047362 -0.029123 -0.002275 0.021622 -0.027133 -0.085472 -0.053119 0.010859 -0.004062 0.004264 0.058849 0.001735 0.056338
-0.056604 0.016550 -0.007774 -0.020267 -0.018600 -0.038171 0.007663 -0.002139 -0.006095 0.012261 0.027179 0.009039 -0.007824 0.012903 0.039207 -0.000625 -0.002284 -0.016081 -0.013826 0.013717 0.000836 -0.002139 -0.007446 -0.005729 -0.000863 0.016714
-0.100552 -0.167403 -0.060033 0.019812 0.012386 -0.149677 -0.013524 -0.010050 -0.030131 -0.049384 0.185512 -0.096551 0.087932 0.153945 0.018990 -0.061557 -0.020384 -0.015792 0.047109 -0.028989 -0.001480 0.007324 -0.023577 -0.044314 0.002715 0.064219
-0.040624 -0.014345 -0.004118 -0.042630 0.024501 -0.050355 -0.066444 -0.021965 -0.003365 0.020160 0.019243 0.027890 0.074490 -0.031761 -0.023794 -0.018230 0.004560 0.047227 -0.004592 0.000550 0.008919 -0.006528 -0.012268 0.040658 -0.000246 0.012378
-0.070237 -0.055473 -0.009504 0.070533 0.029603 -0.095267 -0.024248 0.006137 -0.025653 -0.048544 -0.003374 0.038428 0.042563 0.012914 0.015361 0.013568 -0.007905 0.031401 0.011450 0.017719 0.002860 -0.015347 -0.013871 0.012706 -0.001253 0.019479
-0.150448 -0.066876 -0.034920 -0.205580 0.172434 -0.130579 0.193233 -0.005222 -0.044787 -0.042249 0.341738 -0.040729 -0.153665 -0.160693 0.095852 -0.002865 0.059446 -0.103932 0.040636 -0.089783 -0.006220 -0.012585 0.014332 -0.008327 -0.002663 0.009909
-0.097040 -0.123066 0.001000 -0.068681 0.028925 -0.015905 0.001317 0.118498 -0.039033 0.023885 0.061420 -0.008018 -0.031833 -0.080797 0.005787 -0.039559 0.053328 -0.007448 0.045251 -0.082440 -0.008518 0.004566 0.013090 0.006227 -0.000941 0.041758
0.080188 -0.070843 -0.044358 0.112666 0.124417 -0.185970 -0.108883 -0.121113 -0.028106 0.180629 0.017588 -0.076859 0.057280 0.010868 -0.053508 0.029146 0.031859 0.055648 0.054235 0.014528 0.018988 -0.015688 -0.012790 0.047706 -0.001725 -0.039328
0.045341 -0.019006 -0.031868 0.028346 -0.065656 -0.089244 -0.002068 -0.029022 -0.015233 0.066280 0.113826 -0.002601 -0.004146 0.047232 -0.001428 0.005883 -0.003689 -0.040948 -0.013846 -0.042228 0.000535 0.000818 -0.000202 -0.012218 0.000184 0.018960
-0.036635 -0.039742 -0.023850 0.036448 0.016700 -0.076222 0.012414 -0.050847 -0.000885 -0.014179 0.023756 -0.022888 0.006543 0.033400 0.044547 0.011173 0.022810 -0.034130 0.045019 -0.015621 0.002097 -0.001217 0.004491 0.006526 -0.000944 0.017228
-0.117148 0.366664 -0.046058 -0.001082 0.037512 -0.247897 0.052944 -0.033454 0.030143 -0.057071 -0.028174 0.016958 -0.058834 0.065136 0.077006 0.015490 -0.065581 -0.073824 0.014634 -0.105578 -0.020076 -0.003869 -0.000542 -0.056928 -0.000287 -0.030074
0.055451 -0.104871 -0.116332 0.122023 0.097179 -0.139814 0.090169 -0.194876 -0.034468 -0.018892 -0.134574 -0.003983 0.167924 0.074432 0.109776 -0.031342 0.030691 0.004072 0.185051 -0.015953 0.011068 0.006950 0.032337 -0.047797 -0.002975 -0.028522
-0.173785 0.059824 0.019288 -0.003643 -0.126664 -0.152816 -0.112932 -0.010971 -0.014629 -0.101498 0.064513 -0.027580 0.158904 0.039279 0.005616 -0.034857 0.073992 0.019178 0.106213 0.014809 0.005642 -0.010426 0.026184 0.038554 -0.004417 0.082158
0.099072 0.010138 0.008798 0.035938 0.029500 -0.031692 -0.021584 -0.129859 0.005948 0.023386 -0.053203 -0.020368 0.100545 0.013290 0.004850 -0.043445 0.025039 -0.012115 0.035665 -0.070920 0.003586 0.004747 0.019987 -0.009661 -0.001034 -0.021507
-0.031786 -0.069858 -0.021835 0.041484 -0.067426 -0.020160 -0.039362 -0.015025 -0.015305 0.003813 0.097238 -0.088734 -0.021682 -0.004130 0.016025 0.019125 0.046086 -0.051370 0.010251 0.060788 -0.011432 -0.002730 -0.014920 0.002150 -0.000778 0.049724
-0.069230 -0.017963 -0.018174 0.008737 0.072586 -0.044102 -0.035370 0.000671 -0.002603 0.000165 0.049355 0.064667 -0.001748 -0.032933 0.015513 0.031205 -0.013916 -0.016004 -0.038046 0.091526 0.011472 -0.004904 -0.004321 0.014296 0.001176 -0.010006
-0.189959 0.021350 0.033097 -0.038976 0.061780 -0.088266 0.067690 -0.047687 -0.014027 -0.104352 0.110502 0.062388 -0.022642 -0.037329 0.020678 -0.011976 -0.041473 0.018567 0.020292 0.065032 0.001799 -0.004210 -0.012571 -0.013914 0.001229 0.024766
-0.019451 0.052028 0.001571 -0.001680 -0.021710 -0.040052 -0.027148 0.003906 0.004927 -0.005000 0.000374 0.025117 0.042270 0.028128 0.048551 -0.016416 -0.010072 0.013989 -0.034980 0.074029 0.014565 -0.000007 -0.001149 0.014548 0.000033 -0.008944
-0.064467 -0.062936 0.034205 0.040641 0.138315 -0.016697 0.000061 0.063667 -0.016584 -0.171804 -0.048811 0.149312 -0.060384 -0.131403 0.044969 -0.004824 -0.069071 0.025957 0.030407 0.103785 0.010001 -0.009121 -0.022382 0.006611 -0.000332 -0.019232
-0.015347 -0.298891 0.024057 0.059386 0.072499 -0.058073 -0.112970 0.076337 -0.041844 0.005109 -0.128862 0.016024 0.224975 -0.012795 -0.058534 0.035262 0.091105 0.065811 -0.038262 -0.080359 0.016656 -0.008869 0.020468 0.055384 -0.000315 0.051170
-0.125366 0.027441 0.050455 0.056623 0.084793 -0.127301 -0.024596 -0.091610 0.009957 -0.040907 -0.000530 -0.050344 0.064471 -0.029473 -0.051356 -0.028088 0.001776 -0.011140 0.054018 -0.092295 -0.007383 -0.007093 0.015944 0.060777 -0.004683 0.026794
-0.115973 -0.038119 -0.021474 -0.042285 -0.001017 -0.092178 -0.093154 -0.021449 -0.003832 0.014474 0.048799 0.085646 0.074524 -0.008406 -0.023372 0.005269 -0.010311 0.044991 -0.023585 0.039939 0.003859 -0.013487 -0.005062 0.045278 -0.000827 0.045057
-0.035149 -0.010141 0.004943 0.131659 -0.002324 -0.017656 -0.024170 0.032796 -0.017799 -0.015482 0.025251 0.020225 0.048935 0.017180 0.039008 -0.054085 0.014368 -0.011271 -0.017213 0.030600 0.011748 0.005718 -0.002708 -0.021817 -0.000995 -0.009631
0.030487 -0.054430 -0.030277 -0.032758 0.031897 0.003398 -0.012191 0.075517 0.002341 -0.034596 0.129761 -0.029600 -0.065669 0.026992 0.001242 0.054451 -0.028880 -0.015889 0.004787 -0.045268 -0.005621 0.003422 -0.005618 -0.023504 0.001668 -0.007241
-0.055280 -0.022156 0.022885 0.144413 0.198672 -0.108359 -0.050917 0.197819 -0.000403 -0.185936 0.000554 0.167699 -0.195660 -0.278536 -0.019801 0.081735 -0.098797 -0.063528 -0.055416 0.210138 0.020411 0.005139 -0.045613 0.052308 0.001460 -0.043139
-0.026192 -0.024754 -0.034278 0.044776 0.036764 -0.074537 -0.076089 -0.004963 -0.014662 0.000611 0.027205 0.047889 0.108807 -0.016007 -0.002633 0.010128 0.017695 0.024785 -0.049361 0.032328 0.010595 -0.010138 -0.006885 0.042964 0.000415 -0.003949
-0.217797 -0.098384 -0.014717 -0.141971 -0.003905 0.038432 0.027831 0.360774 -0.042301 -0.219318 0.195758 0.150176 -0.150026 -0.228861 0.112559 0.027402 -0.113223 0.002868 -0.036051 0.456365 0.009272 0.005625 -0.029904 -0.057230 0.001298 0.021598
-0.157285 0.023687 -0.077585 0.009016 0.044980 0.083071 0.045589 0.002812 -0.018057 -0.123124 -0.052062 0.071976 0.051639 0.001196 0.107741 0.013862 0.025165 -0.036896 -0.000701 0.188352 -0.010723 -0.004896 -0.037637 -0.062199 -0.000708 -0.010123
0.020372 -0.040811 -0.013240 0.108140 0.023086 -0.035544 -0.033982 -0.035672 -0.013280 -0.032602 0.086015 -0.012953 0.046404 -0.018259 0.000021 -0.001264 -0.012283 -0.004315 -0.008742 -0.036722 0.001207 0.007750 -0.007899 -0.008912 -0.000451 -0.001927
-0.005163 -0.070899 -0.045824 0.047388 0.014725 -0.129824 0.022415 -0.094148 -0.015775 0.014349 -0.002808 -0.044081 0.095746 0.063088 0.059175 -0.021581 0.002296 -0.001437 0.079031 -0.057640 -0.001545 -0.011262 0.007403 0.004444 -0.001526 0.018684
-0.240441 -0.012760 0.107196 -0.079132 0.219711 -0.125618 0.101753 0.236617 -0.007358 -0.377345 0.226135 0.167587 -0.228372 -0.160518 0.035357 0.050953 -0.112930 0.021568 -0.045582 0.095319 0.015987 -0.007838 -0.029717 0.005582 0.002708 -0.007941
-0.163593 -0.024522 0.034200 -0.055729 0.173255 -0.126292 0.084626 -0.121625 -0.003943 -0.001578 0.102384 0.013513 -0.020037 -0.075970 0.037976 -0.041576 -0.013696 -0.000171 0.052038 0.025628 -0.000285 -0.012658 -0.002906 0.047731 -0.002339 -0.004948
-0.049749 0.021772 -0.003037 0.118313 -0.003190 -0.048395 -0.020464 -0.037684 -0.006981 -0.017040 0.112093 0.024006 0.041782 -0.001357 0.009438 0.034398 -0.005643 -0.005679 -0.061156 0.038927 0.003465 0.002967 -0.019386 -0.000356 -0.000369 -0.003513
-0.124772 -0.030342 0.000885 -0.098966 -0.007203 -0.080043 -0.031896 0.137295 -0.017717 -0.093840 0.066435 0.035747 0.048017 -0.000758 0.027486 0.052383 -0.019571 0.019999 -0.080710 0.205212 0.006495 -0.024958 -0.050498 0.074058 -0.000120 0.025740
-0.240398 -0.008714 0.053548 -0.099859 0.099288 -0.085203 0.103855 -0.033941 -0.002907 -0.019937 0.210648 0.021310 -0.087488 -0.079324 0.042341 -0.022641 0.028119 -0.011669 0.026446 -0.091817 -0.000042 -0.009109 0.002234 0.018579 -0.001501 0.033859
-0.021286 -0.053350 -0.027086 -0.011380 0.173955 -0.184224 -0.013013 -0.140971 -0.025200 -0.036279 -0.084031 -0.017824 0.063255 0.109499 0.049187 -0.003134 0.003328 -0.021156 0.038995 -0.173938 0.013878 -0.021425 0.033045 0.063314 -0.002659 0.005467
0.080831 -0.241931 -0.088108 -0.054906 0.018597 -0.075610 0.020435 0.087758 -0.050658 0.250497 0.331562 -0.169978 -0.033422 0.069430 -0.001613 -0.012870 0.064988 -0.150287 0.012072 -0.320712 -0.022751 -0.000698 0.010816 -0.033074 -0.000945 0.029743
-0.025790 -0.052068 -0.062624 0.113789 0.135887 -0.176239 -0.006622 -0.026524 -0.019597 -0.121447 0.047580 0.009962 0.021902 0.020136 0.030110 0.035178 -0.061303 -0.017602 0.006636 0.129780 0.022757 0.001034 -0.015476 0.011749 0.000771 -0.023738
0.024420 -0.010566 -0.016313 0.107959 -0.020548 0.024614 0.018477 -0.097499 -0.001413 0.032593 0.012740 -0.023887 0.050724 0.017652 0.039259 -0.009461 0.027532 -0.001130 0.014001 -0.019211 0.007077 0.014664 0.015875 0.000206 0.000434 -0.010610
-0.001995 0.011596 -0.056193 0.077636 0.008403 -0.077262 -0.002491 -0.000558 0.002077 -0.061440 0.092762 0.015458 -0.052071 0.021746 0.046860 0.073633 -0.047810 -0.051549 0.007832 0.066047 0.008557 0.008842 -0.000217 -0.025029 0.001669 -0.009124
0.001474 0.021085 -0.032896 0.106872 0.060803 -0.149442 -0.053617 -0.082693 -0.019460 0.139762 0.028717 0.002116 0.115276 -0.010439 -0.070471 0.027627 0.011480 0.028355 -0.056940 -0.190774 0.012563 -0.002939 0.022862 0.043331 0.001370 -0.008398
0.099336 -0.099284 -0.054369 0.121914 0.042142 0.063152 -0.022312 -0.102353 -0.016598 0.030240 -0.077819 -0.008955 0.094332 0.006730 0.021906 0.014609 0.088290 0.007488 0.015105 -0.078569 0.009582 0.025826 0.043903 -0.018069 -0.000759 -0.021865
0.054211 -0.243264 -0.019905 0.271805 -0.022445 0.074587 -0.113019 -0.004860 -0.058130 0.073859 0.114743 -0.102592 0.077457 -0.008062 -0.041063 -0.058190 0.099024 -0.010129 -0.008428 0.245244 0.010856 0.003646 -0.039541 0.043549 -0.001141 -0.001562
-0.085344 -0.002081 -0.035675 -0.054928 -0.034899 -0.014443 -0.040735 -0.028109 0.005521 -0.035639 0.054690 0.043753 0.009672 0.016342 0.015208 -0.010497 -0.013544 -0.008145 0.068675 -0.086616 -0.013985 -0.001548 0.001374 -0.011307 -0.001553 0.047603
-0.019622 -0.056394 -0.035534 -0.000271 0.045406 -0.029988 0.019582 0.112247 -0.025663 -0.084110 0.049676 0.070261 -0.019223 -0.104011 0.065580 0.041607 -0.047811 0.006293 -0.016904 0.214741 0.014263 0.002275 -0.005938 -0.000897 0.000535 -0.025862
-0.003057 -0.050232 0.006499 0.051058 -0.043711 -0.065260 -0.071458 -0.033460 -0.026420 0.022677 0.054472 0.007511 0.043818 0.028691 -0.054850 -0.036122 0.007183 0.007712 -0.021552 -0.107472 0.001073 -0.005643 0.013928 0.022115 -0.001368 0.047284
-0.022609 0.000806 -0.046182 0.066918 0.082611 0.003277 0.004182 0.056530 -0.024554 -0.041999 -0.009742 0.019985 0.049040 0.007995 0.047750 0.004984 0.007633 -0.028519 -0.034410 0.107947 0.009727 -0.001030 -0.012719 -0.027171 0.000376 -0.047528
0.069185 -0.063952 -0.004603 0.121441 0.001247 -0.007498 -0.048898 -0.094136 -0.011896 0.103773 0.088399 -0.082243 -0.019553 -0.009562 -0.017957 -0.003652 -0.004345 -0.047149 0.033867 0.064470 0.012800 0.003170 -0.014210 0.037788 -0.001770 -0.010858
-0.023247 -0.024840 -0.003646 0.066035 0.003323 -0.028069 0.017208 0.038781 -0.002927 -0.018414 0.047554 0.037646 0.024308 0.039350 0.058194 -0.022011 -0.013763 -0.024890 -0.040265 0.087104 0.009952 0.004165 0.000259 -0.010296 0.000137 -0.015453
-0.077643 -0.153849 -0.097108 0.156916 0.188720 -0.190460 -0.049905 -0.047510 -0.030272 -0.080528 0.034961 0.012668 0.080994 0.001419 -0.018623 -0.013516 -0.063781 -0.021528 0.029126 0.178352 0.023395 -0.000329 -0.020010 0.030006 0.000934 -0.007286
0.159388 0.273435 -0.116113 -0.176751 0.193566 0.148361 0.187247 0.162314 0.032364 -0.227300 0.147728 0.286380 -0.222191 -0.323062 0.280373 0.261218 -0.218385 0.062892 -0.061673 0.674079 0.044450 0.019089 -0.048299 -0.046008 0.005882 -0.274491
-0.106085 -0.176885 -0.028037 0.054334 -0.008093 -0.081199 -0.031617 0.002850 -0.027712 0.057935 0.031929 -0.019446 0.076522 0.021685 -0.018130 -0.050969 0.026516 -0.011255 0.030612 -0.043546 -0.001137 0.001741 0.010848 0.005421 -0.000326 0.070870
-0.125337 0.032394 0.005458 -0.030716 -0.071089 -0.130046 0.006170 0.062438 -0.016240 -0.088991 0.093168 0.018488 0.017049 0.052777 0.090526 -0.007139 0.028040 -0.011794 0.022416 0.159047 0.007013 -0.014369 -0.016017 0.018576 -0.001678 0.029675
-0.034573 -0.025863 -0.034285 0.025456 0.023842 -0.079511 -0.045432 -0.041596 -0.009154 -0.035436 0.007267 -0.042760 0.080101 0.022209 -0.001096 -0.018962 0.048692 0.039712 0.092177 0.017739 0.007777 0.005137 0.021286 0.027124 -0.002233 0.007439
-0.017405 0.017009 -0.016256 0.072254 -0.069619 -0.083680 -0.065573 -0.042680 -0.000932 0.077186 0.156687 -0.018745 -0.020941 -0.020487 -0.041870 0.006588 0.004098 -0.043992 -0.024801 0.066670 0.012450 -0.005379 -0.010386 0.023096 -0.001693 0.024935
-0.025323 0.047048 -0.009386 -0.030758 -0.048454 -0.072547 -0.061063 -0.004338 0.008399 0.055980 0.057968 0.031516 0.043905 -0.005588 -0.010368 0.001836 -0.004749 0.012454 -0.022944 0.016817 0.009278 -0.005594 0.000648 0.042179 -0.000620 0.012510
-0.034766 0.009328 -0.062070 0.075722 0.029887 0.003053 -0.016845 -0.010253 0.013975 -0.170778 0.024719 0.015356 0.082706 0.012156 0.051822 0.025213 0.016161 -0.046234 -0.005461 0.006985 -0.001611 0.020320 0.038289 -0.026489 -0.000433 -0.003543
0.083417 -0.064791 -0.024969 0.064423 0.082896 -0.033181 -0.055529 -0.030688 -0.016688 -0.026450 -0.041935 0.023339 -0.016165 -0.081881 -0.023813 -0.017476 0.023747 -0.012619 0.026326 -0.031406 0.001063 0.009402 -0.003149 -0.006716 -0.001000 -0.011693
-0.064737 0.097012 -0.025135 -0.017240 0.085473 -0.094659 0.055524 0.061554 0.014277 -0.050941 0.212059 0.091261 -0.083709 -0.041489 0.084602 0.049371 -0.046997 0.015237 -0.080464 0.174424 0.011909 -0.003086 -0.038842 0.011002 0.001586 -0.069080
-0.025071 -0.023746 -0.012684 0.013306 0.033176 -0.052019 -0.007019 -0.011402 -0.003190 -0.021025 0.061192 0.011808 0.027666 -0.027078 0.030876 -0.001871 -0.014885 0.027261 -0.008155 0.080274 0.010125 -0.003682 0.006397 0.007557 -0.000126 -0.008888
-0.022218 -0.033732 -0.002460 -0.027802 -0.047441 -0.034957 -0.040384 -0.018745 -0.013590 0.005026 0.076045 -0.022689 0.027171 0.044400 -0.019244 -0.029431 0.036205 -0.001718 0.007401 -0.076496 -0.009038 -0.001978 0.001643 -0.008951 -0.000399 0.043217
-0.013372 -0.019224 0.002841 0.073482 0.182802 -0.088711 -0.009825 -0.074221 -0.004517 -0.096855 0.062747 0.003445 -0.036265 -0.057642 0.000891 -0.010694 -0.030597 -0.026908 -0.024515 -0.053864 0.006137 0.001838 0.000513 0.031725 -0.001095 -0.025342
-0.040180 0.011627 -0.013357 0.014898 0.024985 0.036616 0.025350 0.259277 -0.019658 -0.149972 0.056741 0.142224 -0.102019 -0.228181 0.100095 0.089567 -0.114146 0.028283 -0.042456 0.477325 0.027526 -0.000407 -0.046156 -0.001861 0.002137 -0.068794
-0.141351 -0.104341 0.030244 0.083129 -0.010859 -0.162200 -0.155632 0.000519 -0.024176 0.015707 0.036321 0.010313 0.076082 -0.020717 -0.072840 -0.056377 0.055740 -0.013289 -0.052129 -0.031784 0.007521 -0.010612 0.011398 0.071297 -0.002100 0.093668
-0.064278 0.002822 0.000951 -0.031521 0.006093 -0.040638 -0.018124 0.006887 0.002502 0.026068 0.115431 0.064234 0.004133 -0.050297 0.007363 0.015915 -0.039790 -0.000253 -0.027467 0.100805 0.008432 -0.001387 -0.000320 0.020233 -0.001208 -0.001073
-0.014738 0.035984 0.010146 0.093208 0.124638 -0.084292 -0.065833 -0.054047 0.004074 0.039435 0.059523 -0.002989 0.006772 0.028922 -0.037637 -0.017407 -0.005453 -0.025396 -0.060359 -0.061142 0.009430 0.002153 -0.004261 0.009139 0.000346 -0.033230
-0.002535 0.033937 -0.027900 0.068251 0.002345 -0.077747 -0.038886 -0.115903 -0.004906 -0.008087 -0.077919 0.040367 0.106515 0.011762 0.059728 0.004936 0.036801 0.001062 0.047234 0.072019 0.012364 0.011799 0.028723 -0.034702 -0.002029 -0.008652
0.054736 -0.085412 -0.077003 0.030433 0.038902 -0.018831 -0.055156 0.047844 -0.016325 0.064349 0.080771 -0.039414 0.024022 0.058394 -0.002572 0.030050 0.039275 -0.090501 -0.009237 -0.155423 0.001130 0.004699 0.014704 -0.024660 0.000272 -0.002670
-0.074242 -0.110014 -0.023233 0.114821 -0.003287 -0.093100 0.020505 -0.018256 -0.024360 -0.086268 0.188603 -0.091257 0.081056 0.019811 0.035273 -0.053553 -0.029450 -0.047770 0.039789 -0.006321 0.006223 0.008322 -0.005797 -0.039689 0.001533 0.040357
-0.037308 -0.024007 -0.010540 0.149769 0.038815 -0.025532 0.000488 0.028298 -0.012006 -0.046613 0.087431 0.021562 0.028151 0.016796 0.066532 -0.059464 0.000550 -0.027557 -0.042957 0.079422 0.009383 0.007609 -0.006582 -0.019383 -0.000533 -0.026976
-0.056283 0.011037 -0.030747 0.018628 -0.004010 0.073166 0.053057 -0.010765 -0.001643 -0.059226 0.048192 0.088819 -0.006307 0.005263 0.067765 -0.023298 -0.008642 -0.055977 -0.005424 0.128725 -0.006716 -0.002039 -0.017727 -0.040890 -0.000284 -0.015405
0.175773 0.033265 -0.043981 0.036372 0.105427 -0.135322 0.047969 0.012857 -0.019902 0.046343 0.172551 -0.079321 -0.159095 -0.041357 0.061442 0.054183 -0.021306 -0.108659 -0.033196 -0.029290 -0.004830 -0.010840 -0.061975 -0.028984 -0.001015 -0.074229
-0.122299 0.169085 -0.007582 -0.014514 -0.013248 -0.080018 0.079902 0.125215 0.013729 -0.066675 0.031446 0.065285 0.006014 0.017781 0.053621 0.000007 -0.002622 -0.029438 -0.030347 -0.136158 -0.004170 -0.010460 0.016421 -0.043894 -0.001231 -0.009801
0.079066 -0.072297 -0.086354 -0.024832 -0.043860 -0.007732 -0.039389 -0.019265 -0.008957 0.164287 0.258460 -0.093793 0.017404 0.119354 -0.018437 -0.031992 0.064333 -0.096327 -0.002359 -0.255360 -0.015647 0.020994 0.027227 -0.039875 0.001402 0.015307
-0.037577 -0.022665 -0.007273 0.064431 0.018790 -0.116328 -0.012760 -0.082699 -0.006462 -0.036805 0.126117 -0.041166 0.044594 0.044936 -0.034970 -0.019218 -0.022551 0.006430 0.016809 -0.085522 -0.006341 0.000837 -0.004750 -0.015751 0.000546 0.027671
-0.037287 -0.046321 -0.001870 -0.014891 -0.012319 -0.109143 -0.066021 -0.006290 -0.015364 -0.016598 -0.000944 0.032631 0.088868 0.021027 0.010696 0.015144 0.000351 0.051134 0.010504 -0.028313 0.009782 -0.008258 0.002172 0.037782 -0.001381 0.033716
-0.103263 0.037477 -0.029985 -0.052724 0.009163 0.058848 0.009803 0.057937 -0.012795 -0.120580 -0.029482 0.065046 0.039988 0.005218 0.062262 -0.029370 -0.005794 -0.032676 0.002535 0.110654 -0.008562 -0.002873 -0.006892 -0.045848 -0.001364 0.000856
-0.007652 0.007315 -0.052657 0.057782 0.075666 -0.017110 0.015587 -0.021187 0.003508 -0.047151 0.047139 0.032796 0.021288 -0.011460 0.068442 -0.021414 -0.017646 -0.025269 -0.031486 0.099976 -0.000041 0.009359 -0.011648 -0.032021 0.000521 -0.040429
-0.057404 0.085663 0.049629 0.060772 0.188910 -0.182756 0.093962 0.161321 -0.002183 -0.267878 0.277177 0.042577 -0.332108 -0.097868 -0.003102 0.092441 -0.184590 -0.076795 0.027212 -0.093593 -0.010109 -0.005699 -0.050470 -0.068002 0.001846 -0.038919
-0.023857 -0.007447 0.026957 0.091381 0.132159 -0.035022 -0.035529 0.038775 -0.002742 -0.065361 -0.043824 0.110494 -0.059849 -0.118019 0.013398 0.023920 -0.074503 -0.002819 -0.006915 0.093022 0.015922 0.004675 -0.017374 0.024465 -0.000133 -0.040256
0.080354 0.119216 -0.016649 0.010200 0.087627 -0.044158 0.071282 0.043689 0.011025 -0.041635 0.031412 0.066861 -0.114231 -0.106655 0.068132 0.088021 -0.077717 -0.033267 -0.018511 0.108613 0.015407 -0.002814 -0.016871 0.008110 0.001388 -0.090963
0.051377 -0.005975 -0.007218 -0.047295 0.020570 0.022348 -0.000509 -0.014878 -0.007332 -0.018384 0.045353 -0.002951 0.020326 0.001194 0.031921 -0.012304 -0.010200 0.008102 -0.017054 0.075144 0.005138 -0.004138 -0.010617 -0.006052 0.000506 -0.026079
-0.037037 0.022569 0.011863 0.115943 0.117273 -0.079097 -0.074372 -0.061770 0.002425 0.004647 0.048071 0.001006 -0.001327 0.031638 -0.035200 -0.006297 -0.000625 -0.025044 -0.058195 -0.048347 0.004363 -0.001600 -0.017844 0.003174 -0.000376 -0.018649
-0.201563 -0.000601 0.020295 0.017007 0.021491 -0.060526 0.080657 -0.038868 -0.006728 -0.086081 0.176684 0.030090 0.015150 -0.002508 0.063202 -0.003798 -0.050743 0.026704 0.042390 0.066122 0.011962 -0.000791 0.012533 0.012055 0.000097 0.018101
-0.235104 -0.085297 0.010245 0.120550 0.157835 -0.132522 0.005434 0.068892 -0.034649 -0.193437 0.138116 0.070867 0.011488 -0.038757 -0.057577 -0.054189 -0.034682 -0.050800 0.043388 -0.017822 0.006825 -0.017931 0.000694 0.030527 -0.001808 0.029751
-0.111369 0.023500 -0.000053 0.030609 -0.002004 -0.126852 0.005385 -0.079581 -0.024414 -0.008263 0.128788 0.014290 0.029732 0.037973 -0.009345 0.000452 0.019021 -0.002575 -0.028547 -0.021831 -0.006572 -0.006887 0.011693 -0.002552 -0.002375 0.032984
0.074519 0.065847 0.008565 0.062644 -0.024707 0.007990 -0.148589 -0.033298 -0.004964 0.082293 0.010093 -0.040026 0.023121 -0.016716 -0.037646 0.033792 0.019538 -0.012474 -0.094359 0.057364 0.008124 -0.007958 -0.006518 0.038893 0.000361 -0.016890
-0.008309 -0.012353 -0.011869 0.191860 0.054526 -0.044482 -0.015091 0.004493 -0.016904 -0.041276 0.050108 0.002075 0.056971 0.019621 0.061214 -0.050845 0.010791 -0.027566 -0.041920 0.042915 0.012490 0.008391 -0.004082 -0.014380 -0.000910 -0.035734
-0.120921 -0.205969 -0.063234 -0.102361 -0.256426 0.086269 -0.027017 0.316993 -0.034785 -0.162107 0.135115 0.097468 -0.093171 -0.026358 0.128531 -0.023215 -0.015675 -0.064361 -0.011352 0.363114 -0.018985 -0.006388 -0.020653 -0.038014 -0.003114 0.115160
-0.166382 0.019361 0.029280 -0.095837 -0.077516 -0.058567 -0.060008 0.135934 -0.004495 -0.120172 0.030247 0.034016 0.101477 -0.007548 0.041885 0.031273 -0.000478 0.055111 -0.053324 0.193959 0.008204 -0.012967 -0.022715 0.049146 -0.001044 0.046247
-0.059516 0.005106 -0.045755 -0.016630 0.080295 -0.042403 0.040937 -0.036054 0.009737 -0.039085 0.168738 0.012674 -0.040898 -0.027919 0.050464 -0.004328 -0.070096 -0.035438 -0.026030 0.117063 0.002099 -0.007246 -0.021050 0.021973 0.000492 -0.023466
-0.004797 -0.035306 -0.003913 0.020266 -0.054617 0.000202 0.015298 0.008579 -0.012982 0.014997 0.083171 -0.041531 0.045903 0.022831 0.010830 0.012071 0.016595 0.010065 0.014388 -0.014784 -0.002182 0.006954 0.005339 -0.013601 0.000043 0.012239
-0.266845 0.150073 0.010221 -0.186534 0.384050 -0.234009 0.217023 -0.056915 -0.016251 -0.352909 0.224536 0.292745 -0.234196 -0.247967 0.222608 0.050659 -0.232069 0.039342 0.018351 0.317880 0.035123 -0.031181 -0.089738 0.073892 0.003224 -0.098620
0.045230 -0.003607 -0.046425 0.049071 0.005142 -0.078500 0.012003 -0.044469 -0.001122 0.025775 0.058246 -0.017955 -0.008765 0.044663 0.034466 0.041601 -0.027670 -0.035985 0.008444 0.013885 0.004459 0.002863 0.000123 -0.007565 0.000714 -0.013938
-0.021218 -0.025390 0.007139 -0.001228 0.019474 -0.013650 -0.019674 -0.005789 0.000569 0.009999 0.060886 -0.018688 -0.004106 0.014641 0.002853 -0.004817 -0.015006 -0.015444 0.002297 -0.027447 -0.000625 0.000705 0.001820 0.010048 -0.000814 0.006509
-0.050963 -0.118195 -0.032776 0.067878 0.002333 0.038822 0.033584 0.089089 -0.030662 -0.076819 0.065705 0.021234 0.096385 -0.024970 0.088486 -0.015640 0.041151 0.028572 -0.015777 0.146062 0.002659 -0.006264 -0.011200 -0.027590 0.000756 -0.010580
0.155632 -0.081258 -0.095285 0.048176 0.016825 -0.014069 0.029494 -0.156056 -0.025378 0.063720 -0.153304 -0.031016 0.095439 0.018861 0.090087 -0.030775 0.055748 0.007878 0.050802 -0.028307 0.007463 0.003609 0.007901 -0.017606 -0.001084 -0.018778
-0.051652 0.046529 0.021248 0.040953 0.054683 -0.036628 -0.044287 -0.012309 -0.011740 -0.016933 -0.003391 0.024617 -0.026074 0.014926 0.023159 0.004852 0.007324 -0.055811 -0.046981 0.077325 0.003026 -0.008349 -0.023630 0.004629 0.001101 -0.012120
-0.025423 0.028002 -0.002141 0.073817 0.043368 -0.035386 0.023650 -0.006498 -0.008573 -0.024787 0.043277 -0.014235 0.009460 0.015803 0.024219 -0.002679 -0.000144 -0.008704 -0.022935 0.028400 0.001937 0.000182 -0.019211 -0.004933 -0.000426 -0.025025
-0.108266 -0.051678 -0.022869 0.035407 -0.044324 0.099176 -0.039715 0.138804 0.016547 -0.123594 0.091616 0.010326 -0.077235 0.009784 0.048003 -0.011757 -0.032470 -0.049567 -0.021565 0.124470 -0.010924 0.012493 -0.029302 -0.047810 -0.001002 0.032693
-0.048554 -0.084074 -0.027211 -0.070413 0.018519 -0.119486 -0.123709 0.125758 -0.023107 -0.025233 0.035563 0.047221 0.038169 -0.023211 -0.006023 0.032494 0.002413 0.034832 -0.068753 0.063320 0.012844 -0.014755 -0.020394 0.059243 -0.000338 0.035049
0.025772 -0.062679 -0.053582 -0.073317 0.029511 0.038327 0.026056 0.123660 0.001149 -0.122229 0.157887 0.010753 -0.124488 -0.012345 0.013640 0.067502 -0.058191 -0.016474 0.028268 -0.000758 -0.005737 0.009083 0.000146 -0.041202 0.002798 -0.007003
0.081354 0.015537 -0.065423 0.051952 -0.056128 0.002770 -0.032586 -0.089766 -0.006308 -0.003534 -0.069652 -0.062237 0.094535 0.020441 0.022442 0.046849 0.077283 -0.018386 0.107055 -0.164134 0.004823 0.008462 0.060786 -0.051291 -0.002058 0.011599
-0.096694 0.066804 0.050728 -0.066910 0.005774 -0.031173 0.093792 0.038874 -0.005669 -0.047371 0.222104 -0.000726 -0.108779 -0.021127 -0.007562 0.062814 -0.086415 -0.002371 -0.029794 -0.097048 -0.010235 -0.014779 -0.002755 -0.003145 0.001140 0.009072
-0.064410 -0.037758 -0.033035 0.041062 0.013901 -0.065670 0.008427 -0.024957 -0.022302 -0.029009 0.056828 0.030575 0.028611 0.007759 0.085501 -0.010812 -0.073508 0.028129 -0.095604 0.237504 0.010110 -0.016507 -0.054310 0.021987 0.000916 0.000806
0.100068 -0.108244 -0.057675 -0.007245 0.023362 -0.023638 -0.005803 0.032338 0.004744 0.068118 0.153124 -0.028380 -0.022850 0.028608 0.004549 0.009129 -0.005012 -0.024022 0.002170 -0.109441 -0.002446 0.014586 -0.000532 -0.024882 0.001281 -0.012694
0.006653 -0.048518 -0.031682 0.055530 -0.011033 0.029619 0.035435 -0.036005 -0.013716 0.012399 0.043937 -0.032161 0.093879 0.012376 0.027231 -0.005838 0.011628 0.015361 -0.021929 -0.088526 -0.000977 0.006395 0.005952 -0.016976 0.000380 0.002538
0.028752 -0.139174 0.043379 0.246915 0.087519 -0.103454 -0.083637 -0.088201 -0.051324 0.231719 0.136477 -0.080643 0.030540 -0.055185 -0.119264 -0.001788 0.006359 0.029530 -0.026734 0.024455 0.019148 -0.004612 -0.035664 0.011221 0.001157 -0.019395
-0.113305 0.108332 0.003144 0.064332 -0.013291 -0.065486 0.003173 0.082609 0.015011 -0.120748 -0.012461 0.066600 0.030708 0.028638 0.058360 -0.036601 0.022418 -0.030603 -0.025897 -0.039344 0.010365 0.005461 0.039348 -0.050963 -0.001237 0.004763
0.112318 -0.051447 0.006195 -0.048941 -0.047233 0.019954 -0.035193 0.034914 -0.026043 0.123406 0.062332 -0.000082 -0.026286 0.075536 -0.028932 -0.037426 0.030417 0.014299 -0.020263 -0.019753 0.006836 -0.007575 -0.007048 0.042396 0.000631 -0.012960
-0.086553 0.036169 -0.028737 0.033727 -0.036229 -0.044236 -0.029553 -0.006621 -0.003003 -0.032824 0.095013 0.023801 0.006226 -0.005068 0.019161 -0.027348 -0.023216 -0.010249 -0.016649 0.041625 0.000601 -0.002511 0.003541 0.002791 -0.001412 0.023991
0.012395 -0.010395 -0.039836 0.011063 -0.015245 -0.051643 0.014460 0.008884 0.017413 -0.126630 0.112985 -0.021223 0.017822 0.039452 0.034968 0.011193 0.021254 -0.044105 -0.017771 -0.119318 -0.013563 0.011117 0.032137 -0.052628 0.000033 0.021881
0.034699 -0.032725 -0.027309 0.046919 0.115610 -0.095305 0.110532 0.013779 -0.016185 -0.060277 0.072033 0.016069 0.030939 -0.085317 0.081160 0.030020 -0.028684 0.037371 0.055326 0.160429 0.020181 -0.006837 -0.009271 -0.014105 0.000883 -0.077480
0.016073 -0.015503 -0.027570 0.056008 0.132608 -0.090341 0.074722 -0.068542 -0.017291 -0.035896 -0.009011 -0.098600 -0.000823 0.028524 0.004961 -0.020947 -0.024314 0.068845 0.097117 -0.115395 0.000278 0.000248 0.016290 -0.004245 -0.001304 -0.033830
-0.047349 0.014116 -0.048959 -0.018465 0.029070 -0.101598 0.037031 -0.045340 0.002564 -0.081808 0.123093 0.027361 0.004657 0.004023 0.035063 -0.015895 -0.058819 0.018022 0.074823 0.022633 0.010941 -0.004133 -0.003715 0.003805 -0.000869 -0.001318
-0.498057 0.101290 -0.015336 0.063785 0.493079 -0.391201 0.218783 0.038623 0.005596 -0.557690 0.474786 0.247966 -0.343298 -0.256926 0.076712 0.229264 -0.416286 0.118890 0.005953 0.387013 0.044952 -0.033429 -0.083712 0.034547 0.003866 -0.070430
-0.260371 0.282301 -0.003960 -0.154378 0.105102 0.006226 0.027844 0.106963 0.008937 -0.125822 -0.064640 0.157323 -0.092640 -0.073646 -0.078019 0.059225 0.004671 -0.110115 0.062866 -0.197662 -0.020001 -0.003848 0.016024 -0.080799 0.001511 0.001588
-0.049145 0.039786 -0.012468 0.100149 0.063989 -0.064627 -0.020654 -0.020676 -0.007529 -0.043447 0.090348 -0.009033 0.021480 -0.006778 0.025078 -0.016168 -0.016651 -0.009587 -0.035595 0.000553 0.007039 0.000990 -0.000982 -0.007530 -0.000981 -0.019973
0.062644 0.101330 -0.027592 -0.008670 0.031167 0.054780 -0.110656 -0.040166 -0.005705 0.097217 -0.089076 0.012870 0.080333 0.001759 -0.019997 0.029860 0.004633 -0.004539 -0.121086 0.139957 0.011485 -0.011374 -0.010132 0.044890 0.000692 -0.054091
0.099833 -0.132789 -0.073426 -0.022976 0.008402 -0.087257 0.001840 0.017670 -0.014193 0.049078 0.185396 -0.016847 0.018546 0.059438 0.039747 -0.047832 0.004262 -0.021481 0.019454 -0.044594 0.000214 0.023738 0.002902 -0.041226 0.000228 -0.006233
-0.044968 -0.044182 -0.044802 0.030227 0.017074 -0.074576 -0.028968 -0.002665 -0.012394 0.014584 0.146477 -0.097144 -0.071302 0.011337 0.008083 0.005947 0.029089 -0.064915 0.014157 0.037778 -0.017858 -0.001234 -0.026739 0.006593 -0.000817 0.023117
-0.115675 0.146108 -0.012488 0.068044 0.036334 -0.185975 0.059002 0.092120 0.000599 -0.040897 -0.069892 0.093768 0.030019 -0.004921 0.081046 -0.024632 -0.078786 0.008445 -0.005585 0.128150 -0.008805 0.004848 -0.019477 -0.048111 -0.001221 -0.037169
-0.299004 0.145390 0.103996 -0.066532 -0.039604 -0.149586 -0.011553 0.160523 0.021962 0.066226 0.299110 0.051444 -0.156818 -0.035823 -0.082617 0.049642 -0.098071 -0.075704 -0.198792 0.166876 0.005302 -0.027827 -0.030781 0.075579 -0.001985 0.045665
-0.016484 -0.024868 -0.013073 0.042715 -0.021499 -0.072349 0.015957 0.014112 -0.010699 0.031523 0.154860 -0.082036 -0.061603 0.020454 0.015876 0.011237 0.003462 -0.038365 -0.018907 0.027827 -0.009396 -0.001247 -0.030214 -0.000702 -0.000801 0.012888
-0.308667 0.085320 0.054104 -0.066283 0.273532 -0.223268 0.119179 0.132012 0.004772 -0.407353 0.432520 0.185861 -0.265392 -0.137617 0.030054 0.099393 -0.288386 0.022566 -0.006689 0.127768 0.029135 -0.010015 -0.042686 -0.007387 0.003759 -0.028661
0.109521 -0.038137 -0.078433 0.102100 0.120650 -0.105055 0.030564 -0.096605 -0.009076 -0.039351 0.041960 -0.013673 0.031857 0.096228 0.059116 0.067650 -0.116730 -0.013814 0.009305 -0.020122 0.012819 0.008563 0.001676 -0.053306 0.001949 -0.056039
-0.102649 -0.095894 0.035293 0.020966 0.144199 0.003127 -0.008004 -0.006348 -0.022588 -0.136769 -0.116522 -0.075210 0.105547 -0.004211 0.031644 -0.042318 0.089315 0.012854 0.099066 0.010782 0.008530 -0.001212 0.039638 0.009394 -0.004059 0.001350
0.093525 -0.056388 -0.057257 0.158875 0.038062 -0.036845 -0.083770 -0.132241 -0.001826 -0.031611 0.006499 -0.014451 0.063465 0.007324 0.021379 -0.007414 -0.049729 0.005724 -0.032136 -0.046566 0.000386 0.007205 -0.007799 0.017205 0.000765 -0.002681
0.010633 -0.053361 -0.024506 -0.006685 0.004076 -0.110526 -0.100305 0.001896 -0.014285 0.065234 0.069373 0.022497 0.035897 0.013955 -0.040229 -0.028463 -0.018188 0.040956 -0.011696 0.023299 0.009691 -0.007857 -0.012386 0.075734 -0.000160 0.013528
-0.022922 0.041194 0.004392 -0.075295 0.005055 -0.011409 0.085724 0.048440 0.014266 -0.100481 0.143280 0.050628 -0.109554 0.012598 0.068952 -0.007080 -0.064068 -0.095310 -0.014323 0.120281 0.001871 -0.007259 -0.030396 0.000473 0.002432 -0.016880
-0.320785 0.141784 0.025172 -0.312661 0.298254 -0.115898 0.212659 0.116280 -0.009553 -0.266583 0.232808 0.214255 -0.358926 -0.232807 0.143460 0.066401 -0.149166 -0.006662 0.047466 0.114041 0.005408 -0.026729 -0.071146 0.044993 0.002109 -0.044983
-0.016751 0.027945 -0.009773 -0.021629 0.030888 -0.021224 -0.010829 0.010580 0.002191 -0.135009 -0.002846 -0.000070 0.024978 0.039068 0.021638 0.002566 0.023020 -0.053692 -0.021425 -0.044737 -0.011968 -0.001569 0.010472 -0.015132 -0.000219 0.008272
-0.012503 -0.004480 -0.053116 -0.035785 0.074743 -0.048123 0.032955 -0.030460 0.025216 0.064355 0.096260 -0.016940 0.017969 -0.029999 0.009049 0.055982 -0.038962 -0.005582 -0.005564 -0.079000 -0.004150 0.009025 0.023725 0.003169 -0.000600 -0.021743
-0.132793 -0.117023 -0.037559 -0.075887 0.102684 -0.111842 -0.167030 0.153997 -0.046540 -0.116050 0.054226 0.186446 0.023124 -0.080264 0.030076 -0.008369 -0.089759 0.096001 -0.063037 0.390819 0.020586 -0.021287 -0.047995 0.035740 0.000760 0.005636
0.041166 -0.200120 0.010913 0.198497 0.036299 0.025573 -0.041444 0.021367 -0.052801 0.075104 0.019418 -0.047451 0.036861 -0.016240 -0.009685 -0.027782 0.037077 0.008062 0.004577 0.231497 0.020303 -0.000611 -0.040258 0.031631 -0.000693 -0.024162
-0.039718 -0.030630 -0.036216 0.047544 0.029802 -0.054261 0.031956 -0.039148 -0.010618 0.002601 0.056460 0.011820 0.031085 0.005996 0.047690 -0.020178 0.003404 -0.024097 0.011277 0.016978 -0.000868 0.001405 0.008122 0.008902 -0.000296 -0.003377
0.055260 0.009719 -0.025007 0.021536 -0.031329 -0.067906 -0.037566 -0.045918 0.001340 0.045046 -0.007367 0.037012 0.027218 -0.006597 0.002425 0.012014 -0.002688 0.011399 0.002992 0.023715 0.010121 -0.011039 0.006983 0.018781 -0.000508 -0.001961
-0.081450 -0.022611 -0.000358 0.105901 -0.026637 0.007179 0.017985 0.043082 0.004566 -0.075038 0.122873 0.057513 0.070225 0.072217 0.099143 0.007981 0.042437 -0.071144 -0.126356 0.111197 0.016977 0.000900 0.005842 -0.029316 0.000098 -0.004728
-0.063669 -0.192169 -0.001201 0.330830 -0.067570 0.147624 -0.040982 -0.046644 -0.059918 0.112724 0.001054 0.059977 0.059007 -0.135287 0.065491 -0.072880 0.023176 0.002942 0.017677 0.422902 0.022031 0.005152 -0.060449 0.029984 -0.000512 -0.006370
0.177739 -0.063794 -0.109334 0.070819 0.144795 -0.090057 -0.033566 -0.023911 -0.008905 -0.080141 0.030946 -0.090369 0.026521 0.044956 0.046692 0.072626 -0.038195 -0.025028 0.028789 0.027186 0.016571 0.010452 -0.002230 -0.022097 0.002133 -0.069518
-0.036491 -0.012086 -0.046947 0.095734 0.076252 -0.010715 -0.020438 -0.037560 0.000085 0.020607 0.130105 -0.109978 -0.049973 -0.084952 0.021858 0.040190 -0.017918 -0.056847 -0.025710 0.064700 -0.003130 -0.009444 -0.037106 0.015766 -0.000216 -0.014367
0.067720 -0.092323 -0.067623 0.005234 0.029917 -0.004509 0.006306 -0.114729 -0.012141 0.021095 0.071052 -0.085945 0.076470 0.071277 0.045673 -0.010332 0.045319 -0.023964 0.060829 -0.092299 -0.001320 0.009413 0.020793 -0.024016 -0.000519 -0.001990
-0.030425 -0.001002 -0.000711 -0.012541 0.007609 -0.077904 -0.044655 -0.019165 -0.005247 0.062805 0.079840 0.051085 0.052112 -0.015275 -0.012922 -0.016429 -0.025643 0.022324 -0.056639 0.049512 0.007905 -0.007867 0.000927 0.024681 -0.000585 0.001280
-0.034256 -0.067920 -0.006806 -0.010784 0.048104 -0.046971 -0.017914 -0.026855 -0.015299 -0.024239 0.085669 0.026281 0.016702 0.017475 0.004912 -0.006536 0.009259 0.005028 -0.023250 -0.001469 0.000738 -0.001960 -0.002438 0.018549 0.000690 0.011553
-0.055598 -0.033302 -0.007368 0.069944 -0.003796 -0.030101 0.005167 0.056807 -0.011729 -0.032711 0.018506 0.009819 0.051990 -0.005390 0.055132 -0.020778 0.015975 -0.012938 -0.048252 0.099590 0.010272 0.001168 -0.014739 -0.013204 -0.000036 0.001453
0.031009 -0.006418 -0.051702 0.062539 0.038153 -0.030620 -0.003305 -0.017486 0.001905 -0.044638 0.078066 -0.017100 -0.015995 0.019843 0.029850 0.038733 -0.041765 -0.042638 0.032359 -0.009546 0.004814 0.009176 0.001936 -0.038670 0.001693 -0.019889
0.121910 -0.169944 -0.117440 0.069577 0.230338 -0.172876 -0.026720 -0.190743 -0.054784 -0.134515 0.066267 -0.048761 0.053845 0.157796 0.024131 0.034934 -0.097853 0.035186 0.139083 -0.162871 0.005684 0.006470 0.023758 -0.094678 0.001322 -0.026097
-0.017433 -0.028194 -0.022686 0.020933 0.001018 -0.016451 0.035839 -0.000599 -0.002248 0.020819 0.075271 -0.030503 0.039169 0.037453 0.041022 -0.005200 -0.025676 -0.011833 -0.043266 0.077099 -0.000532 -0.002270 -0.027084 0.018354 0.000522 -0.010322
0.142755 -0.056821 -0.155565 -0.154730 0.168974 0.087170 0.092093 0.068670 -0.028828 -0.144301 0.193977 0.095325 -0.060922 -0.025631 0.252127 0.000115 -0.076024 0.086146 -0.096047 0.572765 0.020380 0.013667 -0.069631 -0.065360 0.004604 -0.161534
0.038015 0.021999 -0.039129 0.041457 0.010152 -0.041592 0.008355 -0.016413 0.003820 -0.016862 0.071852 0.011722 -0.052152 0.023684 0.027677 0.048041 -0.033575 -0.026012 0.004395 0.021707 0.003930 0.004827 -0.001719 -0.024275 0.001528 -0.020807
-0.152921 -0.040358 -0.003273 0.123289 0.052659 -0.023324 0.003887 0.161390 -0.011681 -0.121794 -0.021094 0.112604 0.071160 -0.008925 0.078482 -0.010404 -0.016350 -0.028062 -0.080485 0.067461 0.013927 -0.000074 0.016009 -0.042667 -0.001173 -0.002482
-0.073596 -0.035468 -0.031965 -0.091883 0.154454 -0.077731 0.127766 -0.023515 -0.011114 -0.026327 0.042511 -0.007849 -0.076751 -0.019635 0.045717 -0.019450 -0.013525 -0.004616 0.061408 0.017159 -0.006688 -0.003927 0.006261 -0.009292 -0.000533 -0.023147
-0.020993 -0.122916 0.006910 0.064914 0.103172 -0.018855 -0.100839 -0.034535 -0.040661 0.004093 -0.175947 -0.032029 0.158566 -0.017011 -0.040258 -0.011057 0.109993 0.009282 0.031342 -0.067857 0.014138 -0.003736 0.044565 0.019622 -0.003176 0.016343
-0.072500 -0.028864 -0.015943 -0.014387 0.055135 -0.098906 -0.023087 0.049674 -0.000618 -0.070437 0.044912 0.030851 -0.009742 0.033545 0.021526 0.020093 -0.021387 -0.018672 -0.014493 0.055005 0.002189 -0.004198 -0.004076 0.023550 0.000645 0.009426
0.005802 0.020300 -0.037406 0.026388 0.003821 -0.026782 -0.002446 -0.064501 0.011724 0.044871 0.091157 0.001248 0.010037 -0.020511 0.040357 0.015343 -0.028113 -0.020364 -0.003314 -0.026044 0.005114 0.003265 -0.009137 0.016417 0.000222 -0.010699
-0.290174 -0.062909 0.033387 -0.218782 0.141443 -0.180296 0.163046 0.028579 -0.031686 -0.079924 0.352999 0.014206 -0.162283 -0.106135 0.081771 -0.043062 0.039801 -0.033412 0.059447 -0.087543 -0.002225 -0.013933 0.003619 0.004548 -0.002231 0.051965
-0.068302 0.134201 -0.006119 -0.024749 0.089903 -0.120801 -0.031511 -0.011965 0.016098 -0.131491 -0.049655 0.026185 0.022617 0.029531 0.015652 -0.003357 -0.040936 -0.065403 -0.010167 -0.041953 -0.003564 -0.009936 0.017593 -0.008261 -0.001408 -0.006513
0.039461 0.168712 -0.046285 -0.181220 -0.085130 0.028582 0.025167 0.049274 0.062677 0.035855 0.355865 -0.222422 -0.041085 0.111778 0.062215 -0.062125 0.008167 -0.030461 -0.101475 -0.001376 -0.027371 0.027652 0.013239 -0.056440 0.001436 -0.030845
0.066699 -0.114332 0.010108 0.332337 0.022829 -0.035440 -0.037988 -0.011042 -0.054118 0.068163 0.105027 0.007726 0.088666 0.011939 -0.003927 -0.057211 0.057404 -0.004078 -0.084823 0.193831 0.040313 0.007766 -0.039513 0.019933 0.000321 -0.055254
-0.015200 0.036634 -0.025838 -0.018309 0.055587 -0.042461 0.015533 -0.025488 0.010882 -0.018861 0.090315 0.039834 0.033652 -0.056223 0.061202 0.020088 -0.037891 0.037296 -0.001898 0.144182 0.018661 0.000443 0.003789 0.021049 0.000858 -0.047732
-0.136046 -0.036536 -0.033975 -0.123536 0.064059 0.016243 0.026340 0.008117 -0.011301 -0.107734 0.069432 0.004854 -0.066612 -0.023382 0.084488 -0.035414 0.004138 -0.025084 -0.002190 0.202615 -0.013518 -0.015285 -0.026851 -0.026630 -0.000623 0.018703
-0.207858 -0.040276 0.020482 -0.053181 0.084446 -0.143275 0.023971 0.032142 -0.020011 -0.118361 0.176475 0.019678 -0.058442 -0.079877 0.006290 0.026464 0.002621 0.018294 0.057154 0.093092 0.000373 -0.011990 0.001695 0.083568 -0.002303 0.032642
-0.140374 -0.009700 -0.033287 -0.135165 -0.059284 0.056364 -0.068277 0.064021 -0.000841 -0.057886 0.059631 0.135448 0.004181 -0.014656 0.079310 0.004798 -0.028509 -0.045741 -0.067496 0.162982 -0.006292 -0.007032 0.000624 -0.016170 -0.000594 0.047019
0.013545 -0.020483 -0.011748 0.019895 -0.080390 0.005778 0.016086 -0.041497 -0.004537 0.039172 0.134906 0.021848 0.025414 -0.025605 0.026554 0.011530 0.001454 -0.008209 -0.038211 -0.011591 0.007588 0.004609 0.010146 0.020256 -0.000444 0.015476
-0.080169 0.012957 -0.009643 0.032674 0.096854 -0.072375 0.063673 0.063012 -0.020063 -0.200584 -0.023210 0.066020 0.069608 0.058976 0.127699 -0.034345 0.010629 0.048366 -0.032984 0.128156 0.004124 -0.006872 -0.009339 -0.016326 -0.000938 -0.040808
-0.048490 -0.001513 -0.043627 -0.025921 0.101044 -0.089724 0.038845 0.080817 -0.026951 -0.154818 -0.015852 0.094383 0.029092 0.000328 0.050969 -0.018158 -0.030023 0.038451 -0.048686 0.094197 0.007639 -0.009197 -0.010872 -0.011876 0.000991 -0.025417
-0.102739 0.018768 -0.019614 -0.043658 0.054003 -0.059945 -0.038114 0.053854 -0.012560 -0.069185 -0.068760 0.053818 0.081709 -0.025803 0.047339 0.069647 -0.011789 0.044486 -0.014406 0.104949 0.007354 -0.014517 -0.004121 0.021302 -0.000060 -0.003706
0.042726 0.039838 -0.069648 0.035239 -0.016013 0.070983 0.002339 0.046653 -0.002724 -0.090808 -0.016838 0.003057 0.075958 -0.017452 0.059503 0.018993 0.010007 -0.028604 0.006122 0.101299 0.008630 0.007107 0.000580 -0.014817 0.001612 -0.039090
0.073829 0.080847 -0.036284 -0.136184 0.055569 0.090058 0.031014 -0.005433 0.022180 -0.054224 0.237854 0.127837 -0.049837 -0.271807 0.150598 0.132322 -0.043990 0.091662 -0.022222 0.442283 0.038775 0.012746 -0.031891 0.012132 0.005259 -0.124443
-0.010291 -0.083493 -0.033058 0.002873 0.007258 0.064883 0.084282 0.072630 -0.018874 -0.006188 -0.038091 0.015601 0.097614 -0.005159 0.108235 0.003257 -0.002975 0.061740 -0.023121 0.127985 0.003449 -0.007365 -0.005497 -0.019785 0.002210 -0.032243
-0.030240 0.024797 -0.020156 -0.040871 -0.035298 0.007826 0.008269 0.010850 0.010645 -0.015821 0.029174 0.035506 0.001474 0.027192 0.051804 0.011150 -0.009550 -0.010912 -0.021479 0.071193 -0.001770 0.003908 -0.005867 -0.005077 0.000121 0.001965
-0.164916 0.081366 0.062406 -0.012035 -0.046159 -0.153295 -0.005539 0.136085 0.001489 0.060382 0.077527 0.072095 0.013414 -0.094533 -0.049367 0.030766 -0.024047 0.012948 -0.077691 0.167369 0.009151 -0.013408 -0.006151 0.023113 -0.001898 0.016892
-0.014139 -0.016837 -0.007296 -0.046615 0.010819 -0.002255 -0.000156 0.042868 -0.005840 -0.020952 0.026571 0.011293 0.019633 0.029674 0.025736 0.025017 -0.024979 0.012464 -0.011237 0.087606 -0.008755 -0.002449 -0.022643 -0.009540 -0.000258 -0.010454
0.018540 0.000764 -0.004074 0.044955 -0.018005 -0.049176 0.002903 -0.036302 -0.004642 0.010523 -0.004227 0.027731 0.008364 -0.025071 0.017437 0.015017 0.008657 0.022523 0.005950 0.048910 0.008194 -0.009634 -0.011828 0.001308 -0.000723 -0.002981
-0.064329 -0.012044 -0.003430 0.163587 0.060185 -0.130288 -0.068726 0.059273 -0.013662 0.104042 0.122916 -0.079133 0.051580 0.020234 -0.089413 -0.040840 0.009632 0.024124 0.000199 -0.215375 0.018441 0.006872 0.022377 0.035377 -0.001705 -0.002220
-0.036059 -0.007863 -0.038410 0.123245 0.132409 -0.128314 0.018193 0.038430 -0.016067 -0.132820 0.032230 0.012131 -0.052417 -0.041584 0.061580 -0.037895 -0.087994 -0.005100 -0.038187 0.185951 0.008089 -0.005846 -0.025772 -0.019129 0.000253 -0.036600
-0.328183 -0.148478 0.089928 0.046946 0.372843 -0.181598 -0.117718 0.191935 -0.015324 -0.255505 0.127769 0.258866 -0.151571 -0.285275 -0.105157 -0.023085 -0.097235 0.040780 -0.068834 0.159252 0.028240 -0.007916 -0.025743 0.059862 0.001110 0.011965
-0.012036 -0.035451 -0.000080 0.024346 -0.070531 -0.041308 -0.029065 0.004388 -0.000374 0.035817 -0.016895 0.010319 0.064998 0.033124 0.004384 0.002498 0.007461 -0.020057 -0.009801 -0.023879 0.001053 -0.000470 0.017383 0.014511 -0.001556 0.034925
-0.079492 -0.121693 -0.063538 -0.158845 0.132136 -0.126532 0.155322 -0.013646 -0.047284 -0.039924 0.303196 0.007603 -0.096058 -0.127019 0.075285 -0.032602 0.115072 -0.062394 -0.006289 -0.049177 -0.002858 0.000142 0.012486 -0.006058 -0.001095 0.012399
-0.003962 0.051793 0.010605 0.043360 -0.011366 -0.037448 -0.052006 -0.043237 0.010832 0.007878 0.036067 -0.021185 -0.026654 -0.020935 -0.049921 -0.016870 -0.022033 -0.052507 0.023589 0.041783 -0.001145 -0.006625 -0.004129 0.021495 -0.000836 0.006652
-0.256784 0.018671 0.068342 -0.172166 0.071498 -0.030250 0.037317 0.223911 0.026179 -0.127472 0.219268 0.081229 -0.203064 -0.060058 0.037526 0.013344 -0.131683 -0.013756 -0.089369 0.251052 -0.010054 -0.024688 -0.063982 0.036183 0.000205 0.014447
-0.019925 0.094232 -0.010727 -0.006423 0.035971 -0.064276 0.005712 0.014751 0.010010 -0.111030 0.046214 -0.015438 0.022089 0.032836 0.039104 -0.000201 -0.019223 0.004207 -0.035529 -0.042593 -0.008129 -0.001290 0.005710 -0.014042 -0.000542 -0.017160
-0.063824 -0.069313 -0.042515 -0.035078 0.076445 -0.079643 -0.098504 -0.001827 0.004187 0.044936 0.092325 0.027556 0.025110 -0.017624 0.007232 0.000980 -0.009902 0.060058 -0.032997 0.013730 0.009040 -0.006659 0.006192 0.038606 -0.000175 0.008672
-0.055866 -0.156157 -0.064914 0.103119 0.058051 -0.178481 -0.032929 -0.055125 -0.028913 -0.018336 0.047025 -0.051961 0.105472 0.101379 -0.003504 -0.034240 0.000042 -0.031255 0.062912 -0.108469 0.009188 0.001348 0.017427 -0.004402 -0.001561 0.049200
-0.080677 -0.047136 -0.007012 -0.065211 0.038897 0.015753 0.038826 0.049802 0.005789 -0.074652 0.115729 0.033282 -0.072743 -0.022308 0.096199 -0.022082 -0.044267 -0.022237 -0.029971 0.192633 0.000861 -0.005966 -0.027108 0.009594 0.000660 -0.004737
-0.011618 -0.002846 -0.003452 0.104128 0.020215 -0.097357 -0.089400 -0.099603 -0.009219 -0.028273 -0.064686 -0.021138 0.126828 0.104917 -0.049763 -0.063160 0.058409 -0.037078 0.015206 -0.164539 0.001336 -0.010972 0.023682 0.044791 -0.002431 0.031702
-0.034386 0.062807 -0.069603 0.023458 -0.016483 0.036181 -0.004759 0.032003 0.003056 -0.197804 -0.024450 0.037481 0.121883 0.022459 0.083894 0.046703 0.019539 -0.048867 -0.006387 0.115986 0.004064 0.012487 0.017500 -0.002503 0.001157 -0.017089
0.163885 -0.078513 -0.063570 -0.025152 0.025531 0.010893 0.025447 -0.001006 -0.006687 0.073840 0.175799 -0.014103 -0.124334 0.028254 0.023921 0.053234 -0.043023 -0.060334 -0.000328 -0.124419 -0.006701 0.007066 0.005266 -0.019581 0.001227 -0.029867
-0.270098 -0.101398 -0.111183 -0.071235 -0.141021 0.096894 -0.091099 0.131044 -0.025147 -0.305492 0.134653 0.042823 0.007358 0.061916 0.130583 -0.038918 0.024860 -0.123190 0.060897 0.288675 -0.035518 0.034887 0.032822 -0.076212 -0.002370 0.120712
0.003819 0.002155 -0.008366 -0.076202 -0.000350 -0.016139 -0.000899 -0.033772 0.006346 0.017394 0.074464 0.032197 0.009779 -0.003355 0.022971 -0.004255 -0.038368 0.002444 -0.012029 0.001059 -0.004001 -0.005407 -0.000403 0.018694 -0.000646 0.000394
-0.097294 -0.005919 -0.034963 -0.054597 0.230423 -0.129502 0.169510 -0.153264 -0.011981 0.020991 0.171769 0.013581 -0.045758 -0.156285 0.114755 0.008125 -0.056711 0.018994 0.026177 0.126316 0.013087 -0.007049 0.003563 0.032209 -0.001176 -0.066921
-0.195531 -0.144284 -0.014122 0.012980 0.047930 -0.169902 -0.134858 0.083186 -0.027141 -0.075193 0.040845 0.047031 0.126168 0.003544 0.000248 -0.017987 -0.022264 0.072902 0.011422 0.062886 0.003973 -0.013867 -0.013777 0.058709 -0.001106 0.068201
-0.038816 -0.117747 -0.015984 0.059231 0.083123 -0.107040 -0.119857 -0.003225 -0.018429 0.021041 0.000419 0.013275 0.067054 -0.032210 -0.059994 -0.020982 -0.024521 0.041655 -0.016095 -0.016185 0.008717 -0.015413 0.008963 0.058752 -0.001099 0.026583
-0.138785 -0.018502 0.017292 -0.089713 0.114671 -0.072598 0.128775 -0.063014 -0.006585 -0.005895 0.144296 0.081519 -0.078084 -0.107696 0.077850 -0.005089 -0.040909 0.001858 0.017800 0.141880 0.007755 -0.009395 -0.006931 0.027338 0.000448 -0.017635
-0.065690 0.040009 -0.004646 -0.043176 -0.039047 -0.105209 -0.111887 0.078273 -0.010457 -0.018880 -0.008299 0.028036 0.068945 0.015439 0.016766 0.024617 0.007902 0.063667 -0.036572 0.062733 0.008458 -0.018060 0.000998 0.039649 -0.001889 0.022333
-0.296183 0.056857 0.015566 0.000876 0.008465 -0.108776 0.029361 0.143911 0.002655 -0.130797 0.120879 0.048451 -0.077490 -0.096060 0.153718 -0.010306 -0.041161 -0.031521 -0.081079 0.464621 0.010513 0.001025 -0.026885 -0.018409 -0.003216 0.015189
0.076543 -0.079205 -0.030825 0.149056 -0.056688 0.068541 -0.028543 -0.080261 -0.010320 0.090761 0.171218 -0.084735 0.000821 0.023038 -0.005770 -0.018910 0.045501 0.005637 0.010406 0.071348 0.007958 0.009003 -0.006501 0.000080 0.000611 -0.015121
-0.082780 -0.046282 -0.021733 0.012691 0.020778 -0.059379 0.037372 -0.061964 0.003321 -0.056605 0.050412 -0.019601 0.008558 0.005935 0.064893 0.017129 0.001469 -0.026270 0.066746 0.029683 0.001947 -0.007865 0.000589 0.014135 -0.001347 0.023524
-0.035705 -0.125901 -0.051943 -0.025942 -0.163367 0.173303 -0.052434 0.054599 -0.008902 -0.233286 0.113365 0.196641 -0.000052 0.087278 0.169589 -0.083033 -0.012065 -0.099564 -0.040693 0.322384 -0.005612 0.003910 -0.005202 -0.068669 -0.002080 0.052238
-0.040115 -0.043383 -0.003657 0.168313 0.022512 -0.067175 -0.033357 0.012903 -0.020037 -0.010086 0.043998 0.018266 0.075253 0.006435 0.045367 -0.040927 0.002703 -0.018655 -0.025243 0.015643 0.009238 0.009944 0.002079 -0.016138 -0.001179 -0.005461
-0.048515 0.057853 -0.025277 0.056854 -0.072467 -0.071505 0.009192 0.055311 0.003589 -0.043483 0.132383 0.023137 0.022927 0.038619 0.051451 -0.009841 0.038793 -0.068026 -0.028556 -0.057074 -0.007346 -0.000922 0.004413 -0.026239 -0.000738 0.013886
-0.018046 -0.008292 -0.009037 0.058737 0.059073 -0.042457 0.034831 -0.023991 -0.014499 -0.055995 0.108734 0.026455 -0.077565 -0.057836 0.021434 0.016791 -0.062558 -0.019521 0.010657 -0.046495 -0.004240 -0.003320 -0.004095 0.006668 -0.000259 -0.006740
-0.016499 0.026227 -0.042425 -0.013927 0.037315 -0.072114 0.064328 -0.083991 -0.000444 -0.056807 0.086407 0.003984 0.005199 0.023785 0.068232 -0.029374 -0.034447 -0.002416 0.063464 0.015280 0.009520 -0.004811 0.000218 -0.000099 -0.001000 -0.016091
-0.106100 -0.031611 0.011364 -0.013488 0.135489 -0.037502 0.079941 -0.013547 -0.001594 -0.064249 0.140938 0.097198 -0.095110 -0.062459 0.053215 0.035935 -0.061672 0.015399 0.045417 0.101136 0.012649 0.004383 -0.013976 0.015826 0.001700 -0.036124
0.028427 -0.121623 -0.050037 -0.005553 0.073968 -0.039389 -0.037150 0.085108 -0.005168 0.049411 0.188080 -0.039827 -0.046037 0.021144 -0.040791 0.000049 -0.035302 -0.040945 -0.010304 -0.146332 -0.005474 0.006399 -0.010091 -0.028813 0.000550 0.001769
0.157153 -0.064414 -0.094706 0.069034 0.035992 -0.020249 0.038360 -0.118794 -0.010419 -0.052241 -0.160798 0.017881 0.044391 0.029844 0.085963 -0.020251 0.013092 -0.010469 0.105410 -0.041843 0.004868 0.007357 0.004290 -0.025766 -0.001143 -0.024651
0.084502 -0.075188 -0.090587 0.015456 -0.021712 0.031556 0.003955 -0.107670 -0.007935 0.064888 0.016938 -0.040594 0.123712 0.043862 0.067446 -0.027929 0.080953 -0.002540 0.027826 -0.064158 0.006913 0.016881 0.031165 -0.027090 0.000910 -0.006582
-0.044393 -0.041794 -0.007705 0.012113 -0.037272 -0.076207 0.000710 -0.031079 -0.013423 0.098220 0.101788 -0.047315 0.074019 0.055753 -0.035207 -0.047675 0.029664 -0.014450 0.004569 -0.180474 -0.009257 0.005365 0.024382 -0.013006 -0.001761 0.041678
0.053514 0.045355 -0.042346 0.215263 0.075511 -0.045663 0.003521 0.021685 -0.001176 -0.092725 0.053567 0.053063 0.066405 0.013045 0.132058 0.032995 0.019925 -0.063672 -0.151929 0.150754 0.031923 0.012428 -0.006585 -0.016993 0.001508 -0.085797
0.102940 -0.133332 -0.082993 0.034256 0.041944 -0.097317 -0.062213 0.050793 -0.024161 0.111267 0.138902 -0.092540 0.040787 0.120773 -0.019457 0.006512 0.052669 -0.104982 -0.028699 -0.198860 -0.005201 0.009226 0.009877 -0.028423 0.000187 0.002165
0.029981 0.162286 -0.011495 0.035698 0.208843 -0.113895 0.072617 0.161420 0.008034 -0.158084 0.061249 0.144275 -0.210543 -0.193655 0.078350 0.134801 -0.153742 -0.040827 -0.055333 0.233913 0.022792 -0.012997 -0.047689 0.024746 0.002226 -0.133525
-0.057840 -0.107262 -0.064389 0.072075 0.303784 -0.161196 0.004910 0.157123 -0.019807 -0.253946 0.121438 0.093186 -0.134395 -0.156383 0.040836 0.055303 -0.108056 -0.118817 -0.020937 0.106903 0.010182 -0.001170 -0.036499 0.040905 -0.000824 -0.049206
-0.145142 -0.085437 0.016321 -0.097087 -0.054380 0.044516 -0.025118 -0.007372 -0.022035 0.122059 -0.010760 -0.053378 0.074763 0.061459 -0.017203 -0.043868 0.113768 -0.011000 0.020495 -0.062672 -0.009316 0.009264 0.060095 -0.022232 -0.002853 0.071144
-0.140576 -0.078296 -0.007287 -0.088105 0.084902 -0.081080 0.071721 0.044048 -0.005129 -0.073813 0.105474 0.032088 -0.054729 -0.095754 0.053232 0.014374 -0.040971 0.000587 0.074377 0.117097 0.001121 0.000294 0.006911 0.035329 -0.000670 0.012880
0.009123 -0.241030 -0.183661 -0.045120 0.086217 -0.038139 0.030792 -0.155422 -0.053676 0.241327 0.133687 -0.157131 0.140329 0.152088 0.068132 -0.086150 0.074127 0.032658 0.114466 -0.123941 -0.013498 0.039085 0.056114 -0.078610 0.000798 0.004406
-0.021362 -0.084818 -0.006371 0.074563 0.126866 -0.012627 -0.043473 0.005182 -0.024913 -0.147581 -0.109254 -0.035198 0.099228 -0.007529 0.013046 -0.028761 0.074709 -0.002124 0.053586 -0.026382 0.016475 -0.003900 0.025087 0.016672 -0.002754 -0.006922
-0.065071 0.006820 -0.022800 -0.037110 -0.031358 -0.009771 -0.013107 0.007212 -0.003444 -0.042419 0.046777 0.029853 0.002278 -0.001601 0.027739 -0.017446 0.057142 -0.046475 -0.038847 0.013070 -0.006063 -0.000337 0.008215 -0.003829 -0.000921 0.032139
-0.094899 -0.037897 -0.010518 0.107325 0.002623 -0.041371 0.009014 0.115543 -0.027248 -0.075346 0.033015 0.046467 0.066931 0.013482 0.066386 -0.011881 0.010057 -0.007017 -0.032939 0.112342 0.005079 -0.008125 -0.026593 -0.033948 -0.000620 -0.004465
-0.023817 0.003416 -0.028510 0.018638 -0.007936 -0.020852 0.002103 -0.061947 0.004963 0.016535 0.102298 -0.023416 0.105379 0.021813 0.031382 -0.023258 0.053073 0.008293 -0.000979 -0.068569 0.007563 0.011024 0.021448 -0.004424 0.000778 -0.001733
-0.042422 0.015272 0.021521 0.000245 0.061438 -0.062118 -0.036432 0.012308 -0.006318 -0.055598 -0.004544 0.075380 0.007614 -0.063150 -0.004858 -0.005595 -0.011064 0.019083 -0.013348 0.011139 0.011119 -0.004633 0.000312 0.015379 -0.000032 -0.003623
0.096159 -0.075835 -0.069884 -0.008519 0.077736 -0.022629 -0.036776 0.013923 -0.003084 0.025970 0.110395 -0.042804 -0.025071 0.070058 0.010212 0.040451 0.003612 -0.041707 0.003864 -0.073403 -0.003125 0.013571 -0.011726 -0.006850 0.000828 -0.030822
0.008639 -0.033206 -0.014531 0.064460 -0.010873 -0.045226 -0.054108 -0.071585 -0.012716 -0.012836 -0.051329 0.010345 0.121052 0.012248 0.037767 0.000338 0.064328 0.004750 0.028961 0.011812 0.009482 0.007419 0.024776 -0.018156 -0.001524 0.009370
-0.002544 -0.067374 -0.011903 -0.007027 0.022906 -0.010009 -0.062180 -0.072011 -0.014697 0.097799 -0.015452 -0.042480 0.051349 0.062136 0.004077 -0.032294 0.039609 -0.004371 0.010677 -0.069522 0.002315 -0.000119 0.014732 0.018241 -0.001694 0.017429
-0.035196 0.041764 -0.042482 0.056061 0.062845 -0.043275 -0.026035 -0.013096 -0.000208 -0.020565 0.034023 0.023187 -0.003075 -0.023222 0.029443 -0.000059 -0.046169 -0.019796 0.009669 0.040567 0.003900 -0.003673 -0.014709 0.003400 -0.000482 -0.024872
-0.323417 0.147604 0.117525 -0.099725 0.011412 -0.194672 -0.020084 0.239703 0.009767 0.091045 0.253122 -0.001358 -0.090944 -0.079075 -0.113301 0.020995 -0.086069 0.005161 -0.113528 0.151510 0.002677 -0.027989 -0.033638 0.046203 -0.002318 0.025610
-0.107021 -0.011960 -0.073395 -0.048512 -0.022600 0.102763 0.017606 -0.079046 -0.019801 -0.177841 -0.088742 0.113349 0.058027 0.057857 0.124337 0.007726 0.026570 -0.066823 0.033809 0.135431 -0.026578 -0.014548 -0.024019 -0.106123 -0.000203 0.035368
0.064250 0.002102 -0.034407 0.043243 0.187532 -0.117478 0.103984 -0.045424 -0.001163 -0.249603 0.115663 0.081808 -0.131627 -0.049913 0.068802 0.100777 -0.155722 0.044936 0.018672 0.028269 0.017675 0.006591 -0.027216 -0.034640 0.002793 -0.065128
0.016159 -0.044457 -0.018426 -0.001294 -0.103279 -0.036700 -0.006537 -0.016493 -0.007726 0.032442 0.066480 -0.009553 0.015968 0.007420 -0.003251 0.009792 -0.000809 -0.038330 0.005940 -0.013651 -0.006137 -0.001724 0.000647 -0.019100 -0.000828 0.046851
