-0.502318 -0.057910 0.115421 -0.414649 0.725926 -0.734738 2.072166 -0.902718 0.084115 -0.335343 0.663892 -0.560089 -1.152466 0.779217 0.026832 0.530865 -0.195832 0.152855 0.842415 0.106451 -0.303926 -0.116809 -0.133983 -0.507444 -0.024418 -0.122958
-0.820109 0.086993 0.024560 -0.202750 0.444268 -0.485624 1.750416 -0.729548 -0.086261 -0.575555 0.209557 -0.551186 -0.993723 0.197603 0.096787 -0.051324 -0.215683 0.045398 0.947355 -0.077307 -0.304189 -0.068734 -0.351635 -0.476767 -0.022550 0.115133
-0.502457 0.200212 0.062383 -0.353149 0.551691 -0.458016 1.869328 -0.890305 -0.001556 -0.311583 0.322061 -0.484954 -0.997734 0.446772 0.228270 0.309836 -0.246997 0.241576 0.722752 -0.044485 -0.309602 -0.094012 -0.208866 -0.379649 -0.027744 -0.100798
-0.952697 0.209764 0.153687 -0.404746 0.328654 -0.512283 1.797978 -0.797062 -0.123046 -0.766846 0.136201 -0.430448 -1.281329 0.058377 -0.073876 -0.038015 -0.488167 0.193751 1.124774 -0.020286 -0.310804 -0.099690 -0.438835 -0.456346 -0.022458 0.233130
-0.747541 0.084920 -0.128152 -0.124295 0.376169 -0.400878 1.700628 -0.730023 -0.066704 -0.609442 0.062603 -0.470638 -1.140162 0.251633 -0.020594 -0.054102 -0.352868 0.219170 1.095946 -0.117895 -0.299569 -0.091984 -0.267682 -0.362765 -0.019350 0.124662
-0.422546 0.032759 -0.100491 -0.226197 0.202242 -0.255454 1.185530 -0.451423 -0.011524 -0.288303 0.326331 -0.285215 -0.551291 0.264243 0.374186 0.313546 0.071001 0.106946 0.524557 -0.085312 -0.148957 -0.032498 -0.106394 -0.369002 -0.014667 -0.007672
-0.440889 -0.019440 0.135199 -0.179187 0.217781 -0.437960 1.029401 -0.529642 -0.020706 -0.244435 0.311460 -0.424036 -0.486958 0.114766 0.226990 0.134833 0.082522 -0.030681 0.411882 0.135996 -0.176791 -0.048707 -0.208170 -0.291261 -0.017592 0.067611
-0.749602 0.068662 0.206610 -0.144733 0.162947 -0.487884 1.082034 -0.519643 -0.114458 -0.425484 0.228199 -0.361120 -0.990987 0.096114 0.099300 0.097431 -0.018318 0.070277 0.754930 0.008693 -0.168727 -0.049019 -0.318026 -0.256355 -0.016665 0.202254
-0.467263 -0.010317 0.009964 -0.201816 0.275882 -0.144427 1.128301 -0.316547 -0.014208 -0.370254 -0.022545 -0.358286 -0.555611 0.154702 0.228099 0.011181 -0.175956 0.115549 0.630166 -0.213297 -0.173041 -0.084713 -0.229658 -0.235658 -0.010982 0.041615
0.477854 0.043666 -0.106950 -0.076483 -0.563799 -0.968132 1.496004 -0.764527 -0.453903 0.906163 2.069654 -0.446798 -0.949534 -0.558511 0.309486 0.137412 -0.258880 -0.211226 0.464721 0.468304 -0.056774 -0.199126 -0.434070 -0.752589 -0.021285 -0.039688
-0.832014 0.100863 0.009906 -0.020631 0.119819 -0.298557 0.795423 -0.727292 -0.122659 -0.727040 0.166318 -0.463094 -0.828608 0.190180 -0.047010 0.144060 -0.510227 0.056742 0.931115 -0.111610 -0.081335 -0.099485 -0.207184 -0.294543 -0.023774 0.311627
-0.654171 0.113874 -0.015300 0.119688 0.243087 -0.175747 1.303348 -0.697503 -0.098228 -0.499300 0.283669 -0.486588 -0.712576 0.224508 0.131870 -0.037521 -0.147649 0.138144 0.802400 -0.094881 -0.217937 -0.092512 -0.227416 -0.261660 -0.021904 0.065148
-1.093653 0.098327 -0.245341 -0.078906 0.210154 -0.215186 1.499884 -1.094126 0.013066 -1.025316 0.179256 -0.606812 -1.040011 0.358507 -0.191489 0.134355 -0.833358 0.286185 1.301474 0.014909 -0.255517 -0.123568 -0.374042 -0.437366 -0.033029 0.340445
-0.551377 -0.040291 -0.013246 -0.131743 0.283842 -0.132193 1.031976 -0.354888 -0.025287 -0.379229 0.098748 -0.383848 -0.564342 0.148428 0.249953 -0.097968 -0.227008 -0.058797 0.537034 -0.135895 -0.211969 -0.060817 -0.290719 -0.246229 -0.012366 0.086465
-0.304523 -0.065286 0.028952 -0.228960 0.349380 -0.529310 1.278835 -0.609117 0.163422 -0.315937 0.446025 -0.249482 -0.718223 0.462306 0.191707 0.381722 0.085963 0.097698 0.522925 -0.061543 -0.195353 -0.042507 -0.109493 -0.325961 -0.012247 -0.031053
-0.768729 0.253566 0.010979 -0.430826 0.298042 -0.139516 1.524622 -0.687032 0.038649 -0.685312 -0.011090 -0.053075 -0.828896 0.202530 -0.174743 -0.087425 -0.734186 0.012948 0.926354 -0.047555 -0.316831 -0.086444 -0.365986 -0.273241 -0.014674 0.130325
-0.599186 0.046065 0.044760 -0.165792 0.355130 -0.134295 1.198291 -0.306881 -0.070371 -0.399069 -0.061490 -0.222449 -0.619662 0.138816 -0.028085 -0.138434 -0.328129 0.067564 0.739857 -0.107352 -0.221027 -0.021418 -0.218818 -0.249293 -0.011949 0.038001
-0.736516 0.033821 -0.074894 -0.318283 0.244096 -0.306621 1.181491 -0.708211 -0.082370 -0.626390 0.040046 -0.073560 -1.040917 0.193081 -0.150910 -0.032705 -0.404816 0.269527 1.081342 0.028020 -0.274387 -0.117505 -0.357363 -0.216862 -0.017133 0.208078
0.073325 0.176244 -0.414166 0.716343 -0.215812 -0.376319 0.371281 -0.431435 0.047348 -0.242388 0.762451 -0.357052 -0.102229 0.241225 -0.147853 0.412300 -1.149300 0.299778 0.629177 0.429085 0.026165 0.181288 0.032681 -0.497095 -0.014791 -0.067552
-0.471740 0.006477 0.040992 -0.072386 0.188911 -0.227388 0.822420 -0.211859 -0.040010 -0.221514 -0.138868 -0.321201 -0.469436 0.054496 0.176219 0.118440 -0.074876 0.070033 0.501964 -0.114888 -0.090662 -0.052746 -0.081141 -0.207358 -0.014012 0.074975
-0.426760 -0.100647 -0.027090 -0.091671 0.013864 -0.156801 0.797032 -0.308616 -0.018524 -0.324361 0.273129 -0.173868 -0.293005 0.127107 0.379413 0.122154 0.201638 0.115229 0.432615 -0.284158 -0.081016 -0.030144 -0.086039 -0.302241 -0.012633 0.103539
-0.581782 0.052008 -0.054350 -0.358842 0.105984 -0.273470 1.165573 -0.419028 0.100182 -0.023035 0.211666 -0.164703 -0.818166 0.660523 -0.044880 0.070578 -0.234050 0.159620 0.585445 -0.253672 -0.221892 0.022428 -0.176737 -0.141816 -0.005104 0.098199
-0.480296 0.050424 -0.056483 -0.246635 0.270970 -0.201624 0.921072 -0.321560 -0.035533 -0.324868 -0.028069 -0.107304 -0.655012 0.138464 -0.027512 0.052587 -0.275265 0.166422 0.762566 0.031538 -0.166762 -0.023309 -0.172471 -0.160803 -0.009285 0.037592
0.547342 0.166522 -0.182731 -0.043131 -0.492598 -0.822545 1.549863 -0.730726 -0.223712 0.384381 1.809364 -0.732140 -0.908915 -0.521368 0.405331 0.027116 -0.348016 -0.385900 0.427388 0.317789 -0.151171 -0.114953 -0.359889 -0.481862 -0.035946 -0.037349
-0.713404 0.082475 -0.302098 -0.020624 0.044355 -0.181948 0.843994 -0.726226 -0.013005 -0.773380 0.130998 -0.244473 -0.821532 0.532718 -0.273397 0.279448 -0.445173 0.267216 1.087248 0.026879 -0.256081 -0.116914 -0.417733 -0.310917 -0.018080 0.250288
-0.275856 0.116057 -0.274045 -0.022179 -0.240270 -0.385926 1.247628 -0.409372 -0.387237 0.420455 1.100411 0.172271 -0.756821 0.051822 0.250010 0.667886 -0.291103 -0.481717 0.083258 0.164782 -0.108510 -0.291683 -0.361169 -0.169674 -0.017578 0.015530
-0.527406 -0.157285 -0.107139 -0.197175 0.259478 -0.304159 1.191710 -0.302704 0.194961 -0.039143 0.229094 -0.129418 -0.600118 0.582762 0.096973 0.360610 -0.437073 0.058157 0.544910 -0.302324 -0.175192 0.006169 -0.192092 -0.034756 -0.002935 0.026954
-0.382519 -0.101949 0.078381 -0.167095 0.224839 -0.370346 0.832010 -0.210097 0.018880 -0.261312 0.337264 -0.119639 -0.304892 -0.033803 0.332148 -0.037767 -0.031833 -0.099100 0.388628 0.014654 -0.145509 -0.027721 -0.240414 -0.224605 -0.009927 0.026948
-0.249686 -0.024225 -0.048938 -0.039124 0.025405 -0.382897 1.119977 -0.277186 -0.390605 0.287745 0.959254 0.337742 -0.861559 -0.541711 0.309934 0.438432 0.066293 -0.556901 0.064581 0.224452 -0.048979 -0.196971 -0.065198 -0.182185 -0.022976 -0.016807
-0.824166 0.015193 0.027958 0.000282 0.127679 -0.340313 1.054176 -0.706895 -0.151762 -0.523176 0.143977 -0.281699 -1.204312 0.095580 -0.016704 -0.069833 -0.169531 0.286103 0.892039 -0.090762 -0.208923 -0.124293 -0.314923 -0.171347 -0.019321 0.284432
-0.689774 0.086162 -0.116299 0.022246 -0.002099 -0.345263 0.585645 -0.693375 -0.134017 -0.654333 0.189335 -0.115759 -0.979161 0.393153 -0.207027 0.327999 -0.359648 0.196945 0.981826 0.058946 -0.144950 -0.132451 -0.347076 -0.204021 -0.018570 0.288071
-0.428848 -0.019110 0.090208 -0.064303 0.208745 -0.023594 0.892884 -0.244985 0.024263 -0.300832 0.150569 -0.112117 -0.379867 0.161183 0.300833 0.004156 -0.109218 0.050886 0.565189 -0.241306 -0.131826 -0.046170 -0.212491 -0.098138 -0.007562 -0.015027
-0.479226 0.001770 0.137588 0.116616 0.203301 -0.274149 0.928616 -0.223150 0.010263 -0.196570 0.200558 -0.023204 -0.333700 0.403735 0.119286 0.231299 -0.168758 0.176246 0.533423 -0.002694 -0.180312 -0.072020 -0.269472 -0.066896 -0.012187 -0.060619
-0.459794 0.160030 0.366072 0.003579 0.008293 -0.061172 1.163046 -0.251504 -0.300137 -0.250445 0.521647 0.281331 -0.677104 -0.767281 0.589045 0.339174 0.254078 -0.207033 0.106419 -0.234698 0.032416 -0.230907 0.006275 0.014919 -0.028352 0.012384
-0.328558 -0.045424 -0.249449 0.137737 -0.219759 -0.629213 1.338451 -0.644918 -0.307798 0.255369 1.126861 -0.198628 -0.665815 0.087711 0.386953 0.642872 -0.330790 -0.071256 0.082207 0.266059 -0.092073 -0.221996 -0.373613 -0.317332 -0.037860 0.081531
0.135037 0.212359 0.378808 -0.447370 -0.280230 -0.216560 0.595814 0.184409 0.135472 -0.079484 0.323234 -0.179211 -0.143269 -0.050017 0.203854 -0.321809 0.196923 -0.556459 0.157110 -0.303265 -0.231178 -0.082669 -0.009090 0.261208 -0.027628 0.021712
-0.652775 0.200217 -0.067366 0.092292 0.136693 -0.058341 1.544452 -0.492055 -0.105490 -0.373621 0.309984 -0.500436 -0.824714 0.515183 0.109275 0.004935 -0.261886 0.141043 0.924098 -0.175364 -0.295241 -0.134299 -0.481156 -0.439501 -0.022673 0.010387
-0.023776 0.057033 -0.155429 -0.301420 -0.602077 -0.611416 1.074788 -0.457433 -0.209878 0.560836 1.672971 0.014901 -0.909763 -0.019702 0.043662 0.096826 -0.255511 -0.136953 0.093636 0.548285 -0.151264 -0.165579 -0.419529 -0.729961 -0.016989 0.126352
-0.362285 -0.277836 -0.035048 0.015399 0.177438 -0.393753 1.029992 -0.626281 -0.064013 -0.342195 0.701037 -0.393723 -0.539288 0.334962 -0.017892 0.515515 -0.096732 -0.166577 0.576063 0.294989 -0.072822 -0.007380 -0.071533 -0.404771 -0.007143 0.083423
0.089543 0.249700 -0.350630 0.633419 -0.063956 -0.339498 0.161608 -0.583250 0.144731 -0.220264 0.927549 -0.528280 -0.209923 0.427524 -0.009692 0.120315 -0.844670 0.245356 0.628328 0.184780 0.075291 0.221875 -0.012709 -0.292707 -0.008272 -0.105672
-0.275218 -0.138244 -0.031709 -0.157278 0.083102 -0.388020 0.781699 -0.462367 0.026591 -0.347861 0.310812 -0.029570 -0.420694 0.265343 0.278250 0.199347 0.094751 0.099863 0.463250 -0.174611 -0.077224 -0.053294 -0.081262 -0.279210 -0.006582 0.091965
-0.128834 0.012627 0.082696 -0.120489 0.291995 -0.223388 1.184543 -0.434829 0.102348 -0.260326 0.324615 -0.195932 -0.796412 0.377568 0.064965 0.236141 0.153579 -0.001856 0.396629 -0.054401 -0.157857 -0.086045 -0.210872 -0.239534 -0.006688 -0.088782
-0.851527 0.597857 -0.403253 0.186479 -0.200950 -0.052931 0.846432 -0.830325 0.099093 -1.114873 1.091150 -0.127153 -0.592352 0.906693 -0.239837 0.796219 -1.046109 -0.398294 0.213349 0.332820 -0.063216 0.192524 -0.148347 -0.748867 0.010935 0.221376
-0.029863 -0.612569 -0.084059 0.045311 -0.167311 -0.576040 -0.470188 -0.003394 0.078999 -0.006340 0.445106 0.567995 -0.052242 0.247099 0.096915 0.412243 0.386492 -0.506709 0.108339 0.206743 0.176044 0.124871 0.300970 0.073927 0.016387 0.206912
-0.383988 0.176945 -0.147516 -0.068585 0.216376 -0.170013 0.890520 -0.292762 0.060991 0.000970 0.177049 0.201211 -0.590155 0.308548 -0.101472 -0.001356 0.082116 -0.287860 0.586726 0.354376 -0.015910 -0.004064 -0.247732 -0.149693 0.001225 -0.103485
-0.507210 -0.051607 0.138264 0.002358 0.142957 -0.122263 0.914327 -0.208025 0.095422 -0.171684 0.024889 -0.161570 -0.201493 0.274527 0.213256 0.221499 -0.044490 0.084289 0.456694 -0.119358 -0.178050 -0.004491 -0.142103 -0.131710 -0.011226 0.003133
-0.908899 -0.067875 0.152011 -0.150012 0.133818 -0.157178 -0.522765 -0.253234 -0.003141 -0.401651 0.101933 0.659864 -0.280919 0.443854 0.083806 0.070498 0.069817 -0.007519 0.072933 -0.156093 0.074814 -0.061084 -0.050815 0.145980 0.011291 0.295014
-0.321177 0.055152 -0.061296 -0.232920 0.141589 -0.078684 0.969944 -0.300754 -0.064866 -0.279113 0.111602 -0.366516 -0.291546 0.193989 0.366637 0.229846 0.021492 0.158112 0.389326 -0.193217 -0.107428 -0.009323 -0.147713 -0.256484 -0.019161 -0.007300
-0.664389 0.117579 -0.033751 0.270896 -0.042358 -0.286761 1.287886 -0.389840 -0.228603 -0.317698 0.376479 -0.389718 -0.774209 0.269736 0.054213 0.216287 -0.320070 0.075657 1.046821 -0.051602 -0.233694 -0.100953 -0.390500 -0.247890 -0.022607 0.090424
0.006885 0.323019 0.355299 -0.343327 -0.283624 -0.477036 0.586272 0.006012 0.080359 -0.020623 0.813785 -0.251800 -0.465383 -0.241776 0.233386 0.101891 -0.045627 -0.461886 0.156039 -0.152852 -0.242566 -0.018515 0.148770 0.168758 -0.041513 0.041641
-0.478315 -0.051916 0.051789 -0.062131 0.145145 -0.317080 0.582129 -0.158974 -0.024165 -0.121661 -0.030077 -0.207995 -0.402337 0.207325 0.203982 0.244921 0.004502 0.082735 0.410371 -0.168811 -0.093432 -0.035776 -0.150149 -0.149158 -0.013432 0.092782
-0.368662 -0.068271 0.019094 -0.083283 0.084757 -0.086508 0.473015 -0.285325 0.044018 -0.113717 0.325327 0.013603 -0.216887 0.189035 0.226082 0.081645 0.169338 0.029577 0.369387 -0.250563 -0.050205 -0.030477 -0.086837 -0.221143 -0.009511 0.042462
-0.380278 0.145882 0.251511 -0.158666 0.357518 -0.399074 1.286090 -0.192247 -0.089256 -0.314290 0.330154 -0.441477 -0.620847 0.333361 -0.126794 0.303146 0.203185 0.078790 0.540336 -0.023316 -0.133224 -0.112449 -0.199110 -0.331450 -0.018433 -0.096358
-0.515729 -0.105539 -0.088219 0.003153 0.059835 0.150864 0.939551 -0.309485 0.180913 -0.166588 0.212949 -0.038547 -0.484522 0.542162 0.273818 0.302258 -0.102564 0.076413 0.404192 -0.298349 -0.161102 0.058340 -0.060608 -0.168161 -0.011931 0.030956
-0.449540 0.499876 -0.199261 0.292964 -0.112901 -0.129770 0.891497 -0.776244 0.099762 -0.959009 0.957706 -0.486105 -0.550581 0.594995 -0.037162 0.750127 -0.887888 0.029035 0.236919 0.049645 -0.054838 0.181312 -0.170874 -0.771376 0.001398 0.103291
-0.568902 -0.035225 -0.191681 0.203361 0.097033 -0.449183 0.447240 -0.604609 -0.048732 -0.764991 0.099596 -0.253250 -0.687839 0.411131 -0.246802 0.396007 -0.420280 0.160370 0.659864 0.155524 -0.266510 -0.129061 -0.442953 -0.246181 -0.013538 0.280058
-0.498676 -0.340076 -0.076108 0.121857 -0.020648 -0.418056 1.027810 -0.348806 -0.139421 -0.137794 0.309723 -0.097609 -0.632908 0.226387 -0.121710 0.659020 -0.159492 -0.044228 0.532438 0.074711 -0.088979 -0.064413 -0.098736 -0.077602 -0.009841 0.186042
-0.444873 0.031537 0.107632 -0.220531 0.125452 -0.380921 0.849702 -0.272820 0.012806 -0.125401 -0.034004 -0.082192 -0.267130 0.224616 0.156355 0.282979 0.023339 0.042476 0.502263 -0.054521 -0.147782 -0.043083 -0.234219 -0.166587 -0.006348 0.043437
-0.250546 0.364510 -0.392771 0.586659 -0.220837 -0.439167 0.761714 -0.905345 0.123131 -0.865151 0.803177 -0.722766 -0.401848 0.081257 -0.236873 0.405474 -1.021643 0.353344 0.488238 0.327282 -0.152536 0.230077 -0.301928 -0.433851 -0.024477 0.161415
-0.166213 0.083823 -0.015786 -0.193729 -0.339754 -0.349528 0.826430 -0.438595 -0.148469 -0.872729 0.746585 -0.366875 -0.515491 -0.408411 0.484128 -0.486638 -0.439437 -0.543622 0.559596 -0.272783 -0.273885 0.030976 -0.186607 0.056362 -0.032043 0.312926
-0.422414 0.064888 0.034837 0.072976 0.197958 -0.090928 0.958940 -0.298893 0.102706 -0.166023 0.043913 -0.168300 -0.323095 0.271540 0.169690 0.058479 0.043532 0.188014 0.258478 -0.102678 -0.139261 -0.048856 -0.238682 -0.097447 -0.006127 -0.044680
-0.418339 -0.010248 0.007603 -0.003456 0.175305 0.112694 0.661641 -0.176088 0.006885 -0.226658 -0.138689 -0.350119 -0.406477 0.155779 0.143425 -0.001292 -0.149365 -0.038428 0.326597 -0.134086 -0.112976 -0.001156 -0.130978 -0.079799 -0.010556 0.057908
-0.550651 -0.167970 -0.008749 -0.027484 0.060828 -0.148304 0.666917 -0.152316 0.035122 -0.326642 -0.064913 -0.314562 -0.308990 0.336186 0.101656 0.198904 -0.194343 0.111096 0.297129 -0.155830 -0.174595 -0.018168 -0.144353 -0.128339 -0.008761 0.179743
-0.665237 -0.065742 -0.189305 0.069500 0.099829 0.049997 0.881641 -0.276289 0.117294 0.065408 -0.015430 0.020316 -0.659464 0.370362 0.043431 0.120156 -0.054706 0.027929 0.406556 -0.096844 -0.107063 -0.040980 -0.264208 0.014508 -0.002414 0.078610
-0.432168 0.179810 -0.228030 -0.267178 0.179355 -0.180220 0.763622 -0.482961 0.047427 -0.532357 0.032641 0.247816 -0.536432 0.421922 -0.195733 0.185985 -0.412090 0.079732 0.915737 0.128744 -0.223105 -0.051461 -0.345707 -0.146377 -0.007319 0.032538
-0.427224 0.138248 -0.094905 0.079853 0.183239 0.221326 0.965113 -0.212039 -0.047144 -0.193089 0.151274 -0.448185 -0.510370 0.390699 0.250727 0.063659 -0.061158 0.151458 0.468722 -0.161615 -0.186903 -0.127025 -0.352564 -0.382177 -0.006906 -0.072994
-0.314255 -0.092024 -0.384949 0.478062 -0.472216 -0.474032 -0.201504 -0.419037 -0.096422 -0.408746 0.675572 0.548892 -0.238147 0.415074 -0.178037 0.309428 -0.140471 -0.249489 0.664084 0.346037 0.030437 0.026191 -0.150172 -0.024041 0.005155 0.258109
-0.150464 0.046562 -0.288365 0.444124 -0.331169 -1.045130 -0.042086 -0.771673 -0.146242 0.095643 0.920251 -0.656147 -0.137098 0.295998 0.020730 0.658143 -0.368835 -0.596306 0.162730 0.254503 -0.168868 0.097519 -0.187994 -0.438635 -0.023593 0.305279
-1.142506 0.496751 -0.461533 0.976850 -0.143132 -0.076150 0.285556 -0.553291 0.115477 -0.700555 0.564085 0.234629 -0.263948 0.633704 -0.239428 0.497411 -0.668329 0.090060 0.127901 0.207705 0.127002 0.161322 -0.277919 -0.144232 0.001321 0.172547
-0.428244 0.040721 0.083754 -0.216973 0.153762 -0.133511 0.653742 -0.160290 0.021611 -0.142207 0.047837 -0.028457 -0.205290 0.208421 0.228951 0.158894 0.028575 0.050412 0.468220 -0.138556 -0.120892 -0.039708 -0.218865 -0.086507 -0.007335 -0.005229
-0.236379 0.117960 -0.658570 0.664848 -0.218894 -0.979323 0.163263 -0.780810 -0.025777 -0.720089 1.267098 0.360300 -0.661436 0.705935 -0.277344 0.573281 -0.583487 -0.642901 0.808778 0.718769 -0.134955 0.056527 -0.105097 -0.093241 -0.025826 0.157292
-0.283557 -0.011013 -0.059923 -0.145185 -0.166610 -0.584969 0.737115 -0.343253 0.008160 0.272580 0.861454 0.068173 -0.899996 0.196708 0.159835 0.055518 0.118809 -0.023265 0.448464 0.494710 -0.018312 -0.034373 -0.182130 -0.509932 0.002047 0.058752
-1.013514 -0.001834 -0.237968 0.246781 0.021145 -0.137729 1.401949 -0.943562 0.073632 -0.990558 -0.009101 -0.272472 -1.116139 0.596626 -0.362406 0.002597 -0.752549 0.196669 1.157711 -0.012998 -0.321214 -0.084084 -0.431762 -0.442855 -0.028520 0.384205
-0.317344 -0.082374 0.153788 -0.059868 0.211773 -0.368327 0.939227 -0.490771 -0.034242 -0.368166 0.277116 -0.378907 -0.475480 0.019335 -0.175006 0.300283 -0.108420 0.078875 0.664413 -0.008841 -0.121208 -0.046861 -0.163629 -0.227380 -0.002645 0.074559
-0.085653 0.005324 0.023167 -0.041848 -0.055430 -0.269546 -0.207063 -0.158110 0.035632 -0.139284 0.129387 0.241713 -0.118083 0.197714 -0.128005 0.369129 0.192708 -0.103255 0.015679 0.129324 0.055017 0.070501 0.160758 0.013306 0.000554 0.084820
-0.460354 -0.073330 -0.021835 -0.103126 0.004401 -0.022741 0.727858 -0.218678 -0.002137 -0.236763 0.106773 -0.227200 -0.186876 0.069904 0.325205 0.146209 0.128737 0.103585 0.383549 -0.224378 -0.095609 -0.007274 -0.183314 -0.156428 -0.014110 0.094892
-0.381657 0.333270 -0.328312 -0.038600 -0.553325 0.071114 1.233094 -0.224218 -0.207965 0.081600 1.278560 0.079933 -0.263621 -0.057560 -0.152497 -0.080026 -0.202545 -0.171709 0.293117 0.146419 -0.074543 -0.210948 -0.240149 -0.304765 -0.009333 0.033295
-0.502032 -0.092604 0.033369 -0.037675 0.077452 -0.438933 0.601573 -0.211794 -0.031452 -0.182033 -0.113246 -0.177581 -0.321637 0.271516 0.123591 0.276138 -0.045883 0.082810 0.472189 -0.155720 -0.115056 -0.037608 -0.169354 -0.203928 -0.005765 0.155704
0.122095 0.487818 0.246437 -0.134656 -0.264938 -0.340421 0.825025 -0.303124 -0.144404 -0.321485 0.944953 -0.549988 -0.585339 -0.793733 0.220026 -0.209121 -0.304689 -0.530273 0.249486 -0.363365 -0.349020 -0.123755 0.157212 -0.366515 -0.044371 0.097814
-0.788514 -0.206934 -0.166949 0.474610 -0.209011 0.534476 -0.389744 -0.324931 -0.023755 -0.467238 0.198723 0.469306 -0.216065 0.247971 -0.324440 0.359631 -0.065434 -0.166914 -0.065836 -0.109147 0.034571 -0.005553 0.120614 0.004939 -0.000629 0.362099
-0.337378 0.304782 -0.084332 -0.170019 0.205107 -0.163872 0.955903 -0.517212 -0.085488 -0.185669 0.112776 -0.229582 -0.395632 0.221773 0.243294 0.199149 -0.153805 0.307376 0.426387 -0.267211 -0.193884 -0.040518 -0.222563 -0.235690 -0.026438 -0.054792
-0.762108 0.116186 -0.390967 0.157272 0.128687 -0.202873 0.857422 -0.554730 -0.021478 -0.920217 0.159982 -0.232925 -0.981734 0.478245 -0.296954 0.393166 -0.533096 0.085122 0.883367 0.343476 -0.238477 -0.064584 -0.430683 -0.258703 -0.016003 0.217103
-0.454036 -0.026707 0.140876 -0.095018 0.082514 -0.051082 0.380322 -0.279230 -0.001246 0.037956 0.018991 -0.120454 -0.394532 0.245851 0.161402 0.083268 -0.056346 0.190472 0.189546 0.041933 -0.075290 -0.073040 -0.097720 -0.184671 -0.008489 0.083373
-0.689193 0.028449 0.148468 -0.146946 0.002284 0.313022 -0.141954 -0.241056 0.032532 -0.012971 -0.024873 0.215284 -0.222768 0.066820 0.235257 0.585895 0.427856 -0.019920 0.218947 -0.215554 0.028975 -0.050343 -0.008961 -0.183302 -0.000106 0.148214
-0.227895 -0.309399 0.004285 -0.052089 -0.025666 -0.567963 0.268287 -0.269720 0.047351 -0.436448 0.107782 0.457266 -0.127420 -0.232150 0.351861 0.014401 -0.323952 -0.231022 0.247035 -0.178690 -0.148614 0.033723 -0.045625 -0.089124 -0.025867 0.247211
-0.538245 -0.002029 -0.074775 -0.019799 0.126146 0.033908 0.762924 -0.101717 0.039854 -0.147163 0.156002 0.116931 -0.367556 0.128166 0.092069 0.095793 0.063391 -0.286479 0.406592 0.035086 -0.045209 -0.065149 -0.207664 0.019641 0.000127 0.009575
-0.498013 0.110302 0.070394 0.103423 0.149307 -0.483471 0.733584 -0.266831 -0.052048 -0.145953 -0.004257 -0.112940 -0.430318 0.038211 0.100807 0.261825 -0.017643 0.075484 0.559754 0.004052 -0.045801 -0.054782 -0.088862 -0.167525 -0.010806 0.041949
-0.623143 0.044299 -0.236779 0.073884 0.083710 -0.311785 0.340645 -0.393492 -0.031212 -0.496516 0.202996 -0.124267 -0.614793 0.356917 -0.108507 0.399022 -0.232705 0.209354 0.537662 0.078849 -0.172131 -0.114212 -0.330620 -0.118823 -0.007794 0.196084
-0.550895 -0.231883 -0.046851 -0.050930 0.252187 -0.109864 0.851087 -0.715487 0.028095 -0.045511 0.126792 -0.100030 -0.549034 0.637873 0.337599 0.075857 0.220162 0.363213 0.293314 -0.122935 -0.150850 -0.051675 -0.203176 0.143475 -0.024182 0.058344
-0.548386 0.181513 -0.056940 0.174884 -0.082129 -0.583303 0.309006 -0.445492 -0.029566 -0.537207 0.279220 0.101290 -0.714705 0.377603 -0.309178 0.444493 -0.193737 0.034032 0.517360 -0.090407 -0.105415 -0.056749 -0.086818 -0.325789 -0.009553 0.265521
-0.583468 0.073433 0.185877 0.267286 0.028128 0.066434 0.476532 -0.119184 -0.035761 0.090745 -0.211876 0.197714 -0.139087 0.126462 0.262858 -0.019817 -0.125382 -0.250164 0.498015 0.109782 -0.169360 -0.062449 -0.258535 0.022655 -0.000330 -0.004016
-0.460485 -0.273412 -0.005495 -0.371946 0.099756 -0.085054 0.897204 -0.459598 0.083244 0.059718 0.358840 -0.040934 -0.524760 0.139324 -0.096901 0.226531 -0.417461 -0.081301 0.501289 -0.143260 -0.152461 -0.043816 -0.049445 -0.126440 -0.007308 0.156004
-0.695126 0.419913 0.234928 0.199246 0.017227 0.218901 0.419135 -0.603267 -0.096602 -0.684204 0.511985 -0.279213 -0.353686 0.489614 -0.057423 0.412250 -0.559241 -0.098366 0.189902 0.044608 -0.088953 0.043130 -0.235506 -0.497196 0.000312 0.121362
-0.540960 -0.369127 -0.075078 -0.100296 0.107549 0.116442 0.561323 -0.749657 0.007010 -0.113564 0.086376 0.141583 -0.737818 0.679203 0.214412 0.329781 0.333518 -0.041624 0.239728 -0.140675 -0.095692 0.016562 -0.087115 -0.049030 -0.003895 0.206671
-0.484060 -0.209184 -0.174409 -0.169729 -0.278214 0.087050 1.008588 -0.376325 -0.074492 -0.437461 0.778113 0.581339 -0.425779 -0.112584 0.343985 0.358098 0.027742 -0.424281 0.141654 -0.062276 0.117959 -0.071951 0.270683 0.130755 -0.011316 0.184600
-0.324157 -0.121972 -0.053681 -0.230583 -0.214256 0.016291 1.372958 -0.407506 -0.129897 0.183185 0.687753 -0.068696 -0.510591 -0.470661 0.291171 0.445900 -0.023649 -0.309136 0.017407 0.109729 -0.084506 -0.188476 0.001417 0.102123 -0.014461 0.091012
-0.510521 -0.071203 -0.075948 0.095529 0.046823 0.101246 0.578036 -0.323644 0.031750 0.168939 -0.098649 0.124031 -0.573584 0.383131 -0.053395 0.008183 0.023702 0.088297 0.423971 -0.022261 -0.051768 -0.021175 -0.138355 -0.188662 -0.005258 0.072240
-0.487959 -0.032814 0.041033 -0.093048 0.028682 0.008133 0.544027 -0.199840 0.007263 -0.086993 0.105816 -0.164656 -0.215856 0.073038 0.223857 0.092678 0.099860 0.132300 0.262561 -0.066407 -0.091172 -0.045436 -0.158562 -0.153172 -0.009947 0.080193
-0.736941 0.298306 0.037664 0.027568 -0.083589 0.275334 0.633061 -0.406707 -0.114859 -0.819488 0.461852 0.099543 -0.405283 0.603443 0.017118 0.383606 -0.570613 -0.419627 0.058587 0.232783 -0.091813 0.003991 -0.300379 -0.442957 0.011861 0.167574
-0.332617 0.135991 -0.148607 -0.073692 0.161889 -0.037284 0.965750 -0.574775 0.058282 0.182582 -0.011289 -0.041656 -0.763914 0.332484 0.003478 -0.018134 -0.216264 0.071012 0.579349 0.231199 -0.053990 -0.043246 -0.229661 -0.269189 -0.008484 -0.047928
-0.400638 -0.036550 0.311812 0.038993 -0.033047 0.153296 -0.173103 -0.637931 0.110493 -0.016251 -0.040534 0.530875 -0.725901 0.219146 0.178435 0.638401 0.324166 -0.080479 0.233238 -0.205035 0.078142 -0.041173 -0.047091 0.234221 0.002891 0.163984
-0.521855 -0.092506 -0.200237 -0.314728 -0.745488 -0.550805 0.962240 -0.297566 0.020848 0.133533 1.027546 0.104679 -0.473019 -0.041527 0.203751 0.304679 0.094983 -0.450209 0.200425 0.244976 -0.157599 -0.045703 -0.139989 -0.291166 -0.013081 0.370146
0.201183 -0.152956 0.044655 -0.232282 -0.369287 -0.844753 -1.069421 -0.147600 0.112926 0.283486 0.591508 1.017290 0.093067 0.627142 -0.248122 0.498815 0.360651 -0.582101 0.388661 0.299786 0.097597 0.124514 0.186801 -0.151607 0.011910 0.141409
-0.304561 0.084154 -0.130629 0.099145 0.138976 -0.014940 0.637602 -0.231166 0.079298 -0.172017 0.061444 -0.272562 -0.277506 0.208463 0.223896 0.092137 0.120367 0.202005 0.109822 -0.087511 -0.065368 -0.031495 -0.095585 -0.170318 -0.004292 -0.029224
-0.311848 0.083522 -0.107673 0.514614 0.102622 0.340154 0.389124 -0.248722 0.021001 -0.023458 0.130986 -0.289018 0.066129 0.254035 0.259192 0.440272 0.537264 0.321033 0.190954 0.039915 0.061637 0.033749 -0.109200 0.029335 -0.004176 -0.183936
0.450164 0.264251 0.035928 -0.328392 -0.434241 -0.760944 0.742628 -0.208571 -0.095153 -0.247994 1.542160 -1.065465 -0.625107 -0.597799 0.345676 0.066002 -0.516468 -1.053651 0.396219 -0.427846 -0.498561 0.049962 0.310024 -0.350995 -0.059120 0.182303
0.016870 -0.572814 -0.181534 0.043001 -0.173357 -0.370647 -0.562014 -0.041066 0.162249 -0.059159 0.384615 0.581197 -0.080807 0.288178 0.215681 0.538911 0.540711 -0.573765 0.202394 0.332496 0.180663 0.142535 0.267085 0.102357 0.018854 0.154440
-0.195518 0.262986 -0.196713 0.211251 -0.040407 -0.211574 0.832480 -0.282439 -0.317650 0.242430 0.787874 -0.057553 -0.543525 -0.253119 0.126178 0.310668 -0.100511 -0.280067 0.090649 0.019307 0.023392 -0.169614 -0.116889 -0.085444 -0.018520 -0.066796
-0.523207 -0.074959 0.080342 -0.026074 0.153420 -0.102240 0.527202 -0.101555 0.038412 -0.095407 0.034063 -0.055329 -0.299037 0.271042 0.235335 0.267758 -0.084094 0.099681 0.269210 -0.182589 -0.079351 -0.009018 -0.148436 -0.051249 -0.012504 0.049182
-0.087149 0.319219 -0.081715 0.065702 -0.306405 -0.386747 1.234087 -0.607624 -0.122812 0.443174 1.116846 -0.159990 -0.502728 -0.289453 0.136334 0.380563 -0.386861 -0.151556 0.440087 0.203433 -0.050791 -0.107881 -0.128527 -0.242734 -0.010490 -0.076276
0.377087 -0.701943 -0.390367 0.403631 -0.477301 -1.860564 -0.810497 -0.601769 -0.096136 -0.683855 1.434061 0.535854 -0.077105 0.677725 -0.133322 0.377064 -0.620090 -0.243496 0.214934 0.279130 -0.015256 0.207931 -0.112020 -0.441930 -0.011770 0.495140
-0.053942 -0.020155 -0.152007 -0.054531 0.078424 -0.056071 0.608244 -0.495970 -0.007750 -0.202581 0.297501 0.153975 -0.607717 0.381878 0.070130 0.277681 -0.152275 -0.265464 0.328638 -0.100321 -0.114984 -0.052380 -0.212481 -0.216449 0.004117 0.024352
-0.445141 -0.002852 -0.053233 0.043569 -0.035368 -0.221148 0.830746 -0.688533 0.073470 -0.169767 0.532632 0.169872 -0.223203 0.449300 0.315019 0.205073 0.034816 -0.112705 0.554423 -0.063777 -0.099813 -0.087068 -0.098380 -0.251508 -0.014432 0.040424
-0.478044 -0.273144 0.042264 0.055413 0.040071 0.120814 0.501423 -0.696618 0.102581 -0.150569 0.076413 0.081863 -0.504730 0.606894 0.153871 0.340264 0.172888 0.037259 0.294346 -0.152190 -0.079419 0.033363 -0.036696 0.094888 -0.013266 0.156176
-0.699046 0.021532 -0.081393 0.047991 0.039240 -0.435006 0.934591 -0.553721 0.122265 -0.470069 0.351797 -0.254262 -0.523296 0.351345 -0.001747 0.101613 0.021992 -0.225466 0.769164 -0.042399 -0.162408 -0.057695 -0.242943 -0.073473 -0.019011 0.193481
-0.382813 0.152208 -0.272185 0.067377 -0.093338 0.004097 0.678658 -0.335504 -0.274908 0.067001 0.929819 -0.005437 -0.545498 -0.006269 0.081939 0.442397 -0.139037 -0.519999 -0.064503 0.249561 -0.062583 -0.165249 -0.177094 -0.060423 -0.015718 0.041260
-0.436614 -0.201502 0.231754 0.208996 0.015953 0.285868 1.065252 -0.346579 0.055328 -0.069242 0.116020 -0.485280 -0.278821 -0.151372 0.309610 -0.260307 -0.018390 0.365589 0.324707 -0.015760 -0.132066 -0.097115 -0.283477 -0.037093 -0.031842 0.029214
-1.722074 0.137573 -0.751090 1.066964 0.058551 -0.030263 0.648279 -0.520679 -0.048628 -1.961056 -0.201029 0.958948 -0.769146 0.449341 0.345081 0.520976 -0.859754 0.253315 0.474349 -0.079852 0.086484 -0.132829 -0.196745 -0.059085 -0.024351 0.445841
-0.854741 0.215707 -0.313862 0.439094 -0.264261 -0.180006 0.935428 -0.799612 0.088883 -0.492117 0.481806 -0.328452 -0.482638 0.919885 -0.150372 0.454644 -0.148132 0.078043 0.448103 -0.213143 -0.277618 0.054748 -0.266565 -0.103000 -0.024301 0.259447
0.342399 0.322618 0.233010 -0.578531 -0.586993 -0.987559 1.216467 -0.376466 -0.121897 -0.679131 1.601759 -1.000388 -0.655434 -0.902954 0.132395 -0.109639 -0.723030 -0.966185 0.508429 -0.287605 -0.758606 0.079110 0.196459 -0.196592 -0.103879 0.328148
-0.619963 0.061235 -0.193888 0.207622 0.039249 -0.279656 0.661101 -0.624523 0.025038 -0.737785 0.020575 -0.139948 -0.613303 0.527549 -0.234045 0.187407 -0.499072 0.206256 0.760615 -0.009777 -0.201219 -0.088641 -0.373349 -0.317286 -0.013994 0.240379
-0.567005 -0.019016 -0.179462 0.178540 0.487505 0.034180 1.064044 -0.387322 0.100153 -0.460190 0.071808 -0.308014 -0.637525 -0.246832 0.295549 0.540834 -0.165928 0.358689 0.254156 0.249065 -0.017138 0.070744 -0.021355 -0.085554 -0.014661 -0.081563
0.012631 -0.628126 -0.279024 0.032855 -0.148898 -0.685423 -0.418171 -0.298873 0.191476 -0.205699 0.510190 0.782039 0.118571 0.499677 -0.076849 0.829756 0.170904 -0.616490 0.153117 0.391566 0.065783 0.152040 0.110594 -0.054747 0.021540 0.216125
-0.458625 0.011725 0.139103 0.339631 0.159888 -0.339020 0.368917 -0.300551 -0.019348 0.075735 -0.015769 -0.104554 -0.267411 0.074387 0.125007 0.264685 -0.007830 -0.003357 0.504001 -0.008097 -0.066806 -0.043789 -0.120008 -0.168875 -0.012574 0.023046
-0.538695 0.286220 0.298503 0.179623 -0.014063 0.493091 0.527203 0.158621 0.053494 -0.034798 -0.010886 -0.029613 -0.113437 -0.385314 0.052554 0.000599 -0.331344 0.270611 0.483651 -0.130663 -0.049444 -0.100371 -0.149388 0.070261 -0.013489 -0.092833
-0.734105 0.165960 -0.084973 0.066857 0.158645 -0.017672 1.165486 -0.583580 -0.024530 -0.600947 0.327447 -0.078933 -0.812830 0.494450 0.063524 0.156526 -0.405536 0.088676 0.896260 -0.414938 -0.221950 -0.102745 -0.280916 -0.375925 -0.017780 0.099569
-0.804919 -0.126426 0.145214 -0.139805 0.052236 0.197774 -0.363636 -0.192416 0.108461 -0.372473 0.172282 0.407599 -0.205310 0.413398 0.225608 0.410997 0.262465 -0.185405 0.484213 -0.218646 0.017885 0.000311 -0.238403 0.270566 0.010805 0.198930
-0.521665 0.066228 -0.153160 0.208115 0.034720 -0.336165 0.078224 -0.400370 -0.047858 -0.535318 0.280511 -0.149881 -0.503880 0.210026 -0.100780 0.508575 -0.354595 0.122568 0.375152 0.203335 -0.222376 -0.128670 -0.398916 -0.195234 -0.009725 0.211947
-0.034102 0.051287 0.059170 -0.017357 -0.380829 -0.671057 0.628651 -0.357319 -0.277238 0.643197 0.923672 -0.153884 -0.586092 -0.425263 0.223826 0.111054 -0.066050 0.190839 0.269504 -0.009067 -0.051791 -0.198895 -0.392055 -0.315084 -0.009378 0.101047
-1.009358 0.200564 -0.034735 0.206954 0.201869 0.063602 1.274281 -0.729342 -0.061647 -0.619620 0.494560 -0.158826 -1.023398 0.422470 0.152926 0.102330 -0.613097 0.019349 0.872363 -0.309870 -0.184198 -0.098312 -0.253191 -0.309608 -0.026948 0.139689
-1.112279 -0.050717 0.050048 -0.038816 0.138449 -0.153381 -0.294661 -0.404056 0.067523 -0.672475 -0.028510 0.760919 -0.627675 0.457655 0.048368 0.252070 0.157231 -0.099114 0.285264 -0.072783 0.021799 -0.018470 -0.128862 0.171894 0.004151 0.365414
-0.289203 0.482993 -0.224187 0.504028 -0.219228 -0.268019 0.488591 -0.520140 0.075060 -0.051408 0.544467 -0.457824 -0.220142 0.321306 -0.165182 0.364336 -0.811059 0.477977 0.731276 0.182067 -0.023482 0.103654 -0.107431 -0.436104 -0.015134 -0.044193
-0.070242 -0.329474 -0.209087 0.065097 -0.145831 -0.817400 -0.293133 -0.458741 0.102602 -0.385785 0.480572 0.504388 0.226405 0.480263 -0.143309 0.673237 0.079433 -0.409386 0.209513 0.340612 -0.053303 0.138943 0.005703 -0.152234 0.001738 0.220859
-0.276816 0.061256 -0.632049 0.739202 -0.445596 -1.007094 0.349297 -0.588112 0.008673 -0.513508 1.219683 0.288853 -0.805868 0.651262 -0.274151 0.897742 -0.801193 -0.677829 0.778994 0.871362 -0.140017 0.099617 -0.183828 -0.347795 -0.019390 0.215519
-0.068671 0.329924 -1.149268 1.111752 -0.136930 -0.492349 0.296712 -0.746831 0.315378 -1.111799 0.696592 -0.078843 -0.566074 0.335907 0.198779 0.686647 -0.960482 -0.223716 0.226035 0.589030 -0.038456 0.226835 -0.129489 -0.384951 -0.005988 0.065600
-0.625692 0.106414 -0.418741 0.266057 0.048184 -0.372751 0.601554 -0.370055 0.038619 -0.757125 0.375422 -0.159754 -0.462444 0.076294 0.139948 0.475241 -0.479406 -0.133648 0.767136 0.196399 -0.112621 0.025231 -0.122566 -0.156263 -0.008219 0.144544
-0.248622 -0.159016 -0.191316 0.416151 -0.054735 -0.729237 0.133317 -0.437635 0.258350 -0.260309 0.244003 -0.124280 -0.122112 0.948673 -0.151360 0.380529 -0.195681 0.424220 0.141382 0.208095 -0.145401 0.075957 0.018225 -0.026179 -0.012923 0.123425
-0.366129 0.097831 -0.404613 0.475828 -0.349517 -0.613430 0.025674 -0.512901 -0.136971 -0.269235 0.800652 0.454732 -0.388123 0.444953 -0.125680 0.392681 -0.071336 -0.332607 0.506076 0.401182 -0.003090 -0.016055 -0.080060 0.003214 -0.005363 0.178411
-0.624356 -0.077768 -0.058362 0.028079 -0.097320 0.008364 0.109999 0.013007 0.096109 0.094048 0.037138 0.136990 -0.012655 0.292145 -0.095020 0.263512 0.228452 -0.022823 0.129027 -0.212037 -0.104448 0.058538 -0.118836 0.035380 -0.003844 0.157601
-0.461062 -0.037898 0.028521 0.188693 -0.367269 0.312671 -0.397987 -0.302213 -0.093650 0.155539 -0.293218 0.167982 -0.065118 0.194638 -0.216670 0.361761 0.131013 0.201342 0.293265 -0.004705 0.041507 0.024238 -0.037732 0.091994 0.007187 0.247457
-0.285299 0.074174 0.058640 0.034346 -0.212275 -0.006307 -0.389434 -0.435888 -0.099312 -0.339459 0.034035 0.686273 -0.173336 0.447570 -0.503560 0.530639 0.223446 -0.165721 0.422335 0.072104 -0.051278 -0.018597 -0.211306 0.086546 0.012654 0.194585
-0.216181 -0.721915 -0.288854 0.003613 -0.331222 0.089819 0.123905 -0.374756 0.213755 0.435517 0.042078 1.326630 -0.601621 0.605323 -0.696229 0.858456 0.391793 -0.419079 0.498357 0.208380 -0.112391 0.081531 -0.261870 -0.020102 0.012056 0.248849
-0.476522 0.061682 0.180421 0.201250 -0.072292 0.202120 0.333210 0.080912 -0.071121 0.004643 0.423651 0.116699 -0.128709 0.034278 0.408245 0.280644 0.215125 -0.054225 0.339744 0.314218 0.120078 0.045463 -0.158180 0.158698 -0.000991 -0.109867
-0.395279 0.393620 -0.334826 0.452151 -0.242139 -0.392527 0.801933 -0.751811 0.179408 -0.881920 0.650477 -0.407334 -0.425611 0.251529 -0.111137 0.332864 -0.967846 0.032735 0.151375 0.381606 -0.050281 0.188066 -0.319390 -0.244289 -0.016494 0.191544
0.067719 0.276997 0.131827 -0.440291 -0.342885 -0.186462 0.746412 -0.047812 0.277366 -0.279817 1.302633 -0.620914 -0.376711 -0.181926 0.100721 0.235074 -0.307427 -0.841353 0.036719 -0.134781 -0.459079 0.089946 0.111943 0.043587 -0.044829 0.082128
-0.236239 0.358981 -0.010564 -0.040198 0.010734 -0.093949 1.065231 -0.440124 -0.048527 -0.614390 1.125737 -0.414696 -0.430309 0.570678 0.149736 0.612469 -0.557640 -0.350634 0.051193 0.032007 -0.032110 0.064839 -0.228547 -0.583784 0.013547 -0.048576
-0.525766 0.080281 0.164316 -0.080287 0.129860 -0.039971 0.614600 -0.129845 0.060477 -0.111558 0.113841 0.104835 -0.073548 0.270745 0.199817 0.264474 0.038392 0.069987 0.402824 -0.081347 -0.098976 0.009667 -0.122950 -0.042282 -0.008996 -0.050150
-0.102499 -0.296391 -0.525923 0.248160 -0.190829 -0.792817 -0.569981 -0.401680 0.039088 -0.668509 0.478937 0.620177 0.058887 0.274524 -0.184667 1.033095 -0.285648 -0.638338 0.334039 0.714212 0.016837 0.153687 -0.087853 -0.125420 0.021995 0.276427
-0.041832 -0.193011 0.112175 -0.020697 -0.001091 -0.358548 -0.226184 -0.122542 0.023395 0.268253 0.145445 -0.161551 0.237317 0.154369 -0.082366 0.451830 0.170314 0.019320 0.238393 0.174306 -0.056977 0.052731 0.045810 -0.130471 -0.008980 0.030208
-0.093123 0.072889 0.015599 0.272860 -0.192362 -0.021841 0.628513 -0.238877 -0.162276 0.071279 0.633681 0.105845 -0.415251 0.344438 0.115211 0.495575 -0.118220 -0.166626 0.182631 0.033253 0.035881 -0.168817 -0.186874 -0.121490 0.000307 -0.055551
-0.506753 0.039571 -0.381348 0.063983 0.143251 -0.344354 0.772186 -0.769662 0.007378 -0.550026 0.585015 -0.120997 -0.745277 0.116120 0.346769 0.595525 0.007025 -0.019523 0.457220 0.367256 -0.014744 -0.040559 -0.096448 -0.209875 -0.013074 0.091843
-0.563798 0.060875 0.008811 0.049347 0.088281 0.024474 0.995577 -0.256189 0.099872 -0.003683 -0.217220 -0.259927 -0.716647 0.294249 0.122192 -0.045577 -0.229445 0.321870 0.281460 -0.254334 -0.187928 -0.023732 -0.244269 -0.089933 -0.015986 0.080338
-0.508915 -0.051023 -0.029757 0.062149 0.290858 -0.011956 0.722320 -0.269477 0.071806 -0.132139 0.002357 -0.201173 -0.429587 -0.064068 0.239242 0.302213 0.018826 0.245110 0.250923 0.186292 -0.027924 0.022600 -0.057591 -0.091739 -0.005919 -0.026476
0.005179 0.172925 -0.398069 0.591795 -0.576536 -0.521715 0.481319 -0.694804 -0.061325 0.001354 1.480580 -0.535975 -0.194407 -0.127667 -0.253186 0.915131 -0.800791 -0.491318 0.601276 0.227923 -0.217291 0.006661 -0.022422 -0.370525 -0.026458 0.149608
0.161014 0.141008 -0.389513 0.486282 -0.245813 -0.268832 0.510542 -0.283615 0.137140 0.174521 0.692994 -0.454284 -0.078957 0.135398 0.117508 0.625897 -0.304357 -0.112798 0.391036 0.388694 -0.070119 0.042972 -0.014566 -0.374270 -0.006227 -0.132687
-0.903689 -0.257209 -0.219269 -0.246095 0.180905 -0.059991 1.197450 -1.376805 0.083019 -0.089046 0.241013 0.069675 -1.303356 1.454751 0.169407 0.701220 0.152969 0.391357 0.384716 -0.165508 -0.302533 -0.035713 -0.290901 0.102142 -0.020776 0.244839
-0.469175 -0.314424 -0.117094 -0.198867 0.152413 0.174282 0.492775 -0.636088 -0.058150 -0.165786 0.089448 0.153867 -0.898788 0.689685 0.277642 0.293489 0.328703 -0.052453 0.021059 -0.060893 -0.082024 0.027552 -0.092097 -0.056357 0.004264 0.184122
-0.320977 0.376944 -0.250105 0.192494 -0.417607 -0.352686 0.155528 -0.789757 -0.068646 -0.628454 0.706653 -0.002540 -0.485643 0.384458 0.054853 0.851891 -0.374004 0.026362 0.788768 0.404040 0.008366 -0.126588 -0.250393 -0.261466 -0.007365 0.175164
-0.729459 0.377151 -0.142999 0.873833 -0.178366 -0.506940 0.073638 -0.487876 0.012055 -0.385564 0.570856 -0.102858 -0.301887 0.423635 -0.182793 0.473201 -0.689784 0.299207 0.316193 0.407427 0.064578 0.146439 -0.229972 -0.267068 -0.005893 0.137130
0.214837 0.332199 -0.055878 0.243334 -0.275590 -0.355845 1.142779 -0.353618 -0.187293 0.439835 1.502364 -0.645033 -0.329916 -0.508477 0.139181 -0.013456 -0.676000 0.068887 0.476439 0.133300 -0.053763 -0.124707 -0.304602 -0.327141 -0.011354 -0.196511
-0.715761 -0.120745 0.094532 0.097501 0.179880 0.106236 -0.277627 -0.083762 0.033777 -0.355829 0.145816 0.474948 -0.294492 0.213883 0.072037 0.251904 0.086463 -0.135775 0.224349 -0.272473 -0.030928 -0.029138 -0.257129 0.259255 0.002956 0.160602
-0.136783 -0.099945 -0.077895 0.201998 0.070968 -0.141583 0.041504 0.054913 0.260291 -0.160051 0.284633 -0.114090 -0.130140 -0.006167 -0.210251 0.351524 -0.141861 0.066116 0.146342 0.151868 -0.066110 0.143661 0.182352 -0.098244 -0.010440 0.004056
-0.171308 0.201935 -0.087337 0.440803 -0.045036 -0.068116 0.137088 -0.417352 0.131006 -0.177385 0.429583 -0.174734 -0.180903 0.349599 0.040380 0.041396 -0.719801 0.305955 0.427030 0.047520 0.139001 0.173469 -0.075514 -0.318944 0.007263 -0.033905
-0.084738 0.162213 -0.293315 0.463018 -0.386354 -0.559204 0.553887 -0.734074 -0.373435 -0.716997 1.707853 -0.405794 -0.404273 0.099573 -0.151316 0.316598 -0.885065 -0.651882 0.714076 0.019728 -0.137060 -0.003788 -0.070293 -0.466186 -0.024902 0.217556
-0.471879 0.260743 -0.480333 0.797013 -0.113091 -0.586556 0.356261 -0.611731 0.191132 -0.827015 0.924797 0.063589 -0.501052 0.312244 0.027720 0.561328 -0.849675 -0.133485 0.596798 0.637550 0.025614 0.142107 -0.215125 -0.239649 -0.004545 0.079928
-0.852492 0.071919 -0.349383 0.678430 -0.066388 -0.039050 0.647576 -0.536953 0.028419 -0.967979 0.436502 0.395928 -0.427282 0.058973 -0.159896 0.522149 -0.089310 0.114374 0.984812 -0.011053 -0.042957 -0.032524 -0.155407 0.066508 -0.009244 0.152711
-0.078371 -0.657765 -0.324381 0.011670 -0.256554 -0.579305 -0.737513 -0.188761 0.138303 -0.176337 0.507720 0.898171 -0.103894 0.488896 -0.088251 0.685048 0.377402 -0.855752 0.129316 0.454481 0.107078 0.152242 0.142172 0.138709 0.033558 0.313245
-0.038755 0.067995 -0.274293 0.427660 -0.158571 -0.320386 0.280151 -0.495559 0.053531 -0.305945 0.718620 -0.540613 -0.342818 0.340971 -0.152440 0.077464 -0.948504 0.229642 0.416617 0.316035 -0.041476 0.230282 -0.194714 -0.288412 -0.014332 0.078295
-0.676312 0.785702 0.110121 0.447372 0.303083 0.543057 1.351780 -0.117774 0.262700 0.217469 -0.309735 -0.713064 -0.287661 0.167454 0.515674 -0.388373 0.141873 0.190133 0.278199 -0.217410 0.011219 -0.083262 -0.030203 0.073485 -0.034386 -0.375171
-0.710639 -0.090718 0.044074 -0.084417 0.111357 0.099025 0.553111 -0.599604 0.056140 -0.019911 0.022615 -0.078380 -0.514896 0.439847 0.202941 0.362311 0.060977 0.370381 0.523703 0.034410 -0.115272 -0.040890 -0.260364 0.127309 -0.018950 0.097114
-0.827239 0.130727 0.078108 0.245671 0.184095 0.085619 0.600072 -0.458850 0.134517 0.007615 -0.257130 0.382247 -0.343446 0.612760 0.351476 0.153747 -0.196763 -0.238658 0.152469 -0.073134 -0.304204 0.010360 -0.370753 -0.074306 -0.014683 0.044486
-0.153920 -0.324715 0.021289 -0.094398 -0.148182 -0.261553 -0.657826 -0.132887 -0.033432 0.101530 0.431819 0.778217 -0.043058 0.261905 0.151888 0.442904 0.465535 -0.621375 0.246396 0.320176 0.142907 0.078924 0.074948 -0.064221 0.001717 0.133586
-0.742652 0.117250 -0.168432 0.085223 0.151284 -0.094142 0.476465 -0.408212 0.012515 -0.526668 0.304693 -0.145780 -0.643490 0.301992 -0.039195 0.339889 -0.326701 0.145435 0.661836 0.239106 -0.118239 -0.041497 -0.296570 -0.031938 -0.010149 0.114619
-0.336766 0.250664 -0.580676 0.804619 -0.028585 -0.551495 0.498626 -0.677365 0.236245 -0.842928 0.845187 0.018503 -0.619193 0.325203 -0.011158 0.543045 -0.958983 -0.178944 0.551923 0.407743 -0.012644 0.124522 -0.193166 -0.272521 -0.009018 0.066312
-0.838288 0.031099 0.158662 0.243266 -0.280537 0.589796 -0.126466 0.005596 0.010018 -0.431092 0.131826 0.426911 -0.529906 0.111798 -0.217157 0.296195 -0.453349 -0.013523 0.315789 -0.197822 -0.012440 0.016275 -0.159610 -0.001605 0.000889 0.292859
-0.486494 -0.018546 0.035336 0.209321 0.125751 -0.291945 0.364385 -0.161655 -0.025267 0.017538 -0.138949 -0.143753 -0.305310 0.063086 0.149988 0.211473 0.048985 -0.055843 0.531357 0.004581 -0.040812 -0.026346 -0.022474 -0.131514 -0.016256 0.061947
-0.250206 -0.079787 -0.323702 0.169064 -0.106427 -0.121935 0.929117 -0.496256 -0.205298 0.259886 0.719134 0.070937 -0.789872 0.231341 0.174149 0.176470 -0.184090 -0.155286 0.100486 0.317687 -0.019477 -0.155370 -0.107992 -0.211584 -0.017897 0.028367
-0.582924 0.310410 -0.003630 0.139740 0.099186 -0.115773 0.069695 -0.019142 0.147730 -0.125498 0.210309 0.083415 -0.222003 -0.098046 0.074791 0.261865 -0.226594 -0.002147 0.275887 0.036528 -0.056578 0.082529 -0.086100 0.180043 0.000834 -0.003116
0.142616 0.066631 -0.056334 -0.235715 -0.337929 -0.252322 0.483110 -0.013727 0.119596 0.091865 0.959333 -0.604784 -0.141324 -0.245600 0.373938 0.363068 -0.086641 -0.675443 0.081285 -0.039059 -0.274607 0.071391 0.101346 -0.204480 -0.033634 0.055567
-0.367790 0.217102 0.181295 0.160193 -0.200246 0.128311 0.002427 -0.088974 -0.022305 -0.575130 0.434549 0.254358 -0.206816 0.359424 0.036739 0.265050 -0.173878 -0.150169 0.494870 -0.091910 -0.013914 -0.032127 -0.080088 0.011648 -0.016623 0.064661
-0.486993 0.110338 -0.043751 0.025937 -0.110788 0.362996 -0.250451 -0.228913 0.074976 -0.071485 0.105435 0.288181 -0.176574 0.472386 -0.322902 0.462932 -0.001959 0.031333 0.498521 -0.105369 -0.086458 0.006545 -0.202676 0.058227 -0.002200 0.094387
-0.805112 0.128961 0.134477 0.311679 0.145595 0.389332 0.747922 -0.169270 -0.267126 -0.524711 0.425469 0.448929 -0.346199 0.324722 -0.085486 0.351482 -0.171299 -0.279428 0.191506 0.074597 -0.113916 -0.053712 -0.060937 -0.399867 0.002477 0.001472
-0.659084 0.044330 0.130705 0.265773 -0.087045 -0.309521 0.084423 -0.156241 -0.019852 0.048260 0.471343 -0.365100 -0.438523 0.263082 0.003115 0.164878 -0.270013 -0.055089 -0.004573 -0.024151 -0.036840 -0.053042 -0.121362 0.051213 -0.016285 0.219546
-0.394158 -0.271238 -0.154993 0.177516 -0.012322 -0.358109 0.856459 -0.596152 0.032834 -0.536125 0.617309 -0.126992 -0.692669 0.000064 0.380683 0.773555 -0.022418 0.207519 0.608914 0.421589 -0.133880 0.027896 -0.181522 -0.278074 -0.025238 0.112791
-0.413264 -0.241413 -0.242589 0.249306 0.009077 -0.412184 1.014716 -0.714960 0.104087 -0.706921 0.706811 -0.173585 -0.673080 0.099091 0.452129 0.908056 -0.270302 0.043974 0.500521 0.429160 -0.096103 0.001244 -0.106668 -0.230353 -0.027320 0.120934
-0.542825 -0.039186 -0.145109 -0.133062 0.358244 -0.219733 0.718633 -0.370688 0.099345 -0.208032 0.236583 -0.041565 -0.741895 0.423419 -0.006180 0.531105 -0.054244 0.201967 0.559018 0.213978 -0.052922 0.066659 -0.067073 -0.078245 -0.009972 -0.022869
0.152614 0.036237 -0.139246 -0.079184 0.019548 -0.575505 -0.068610 -0.111120 0.085000 -0.227803 0.428688 0.328981 0.014474 0.311752 0.362436 0.322563 0.378675 -0.120855 0.425140 0.313607 0.087950 0.027916 -0.295352 -0.001382 0.017883 -0.125033
-0.011079 0.096072 -0.024951 -0.100381 0.091470 -0.599309 -0.402932 -0.092721 0.021119 -0.052462 0.576387 0.358728 -0.005184 0.291723 -0.104708 0.179015 -0.080476 0.055690 0.103888 0.222468 0.036856 0.022793 0.017673 -0.277719 0.009339 -0.029972
-0.427790 0.082614 -0.196275 0.205990 -0.297315 -0.180280 0.204295 -0.369687 -0.004737 -0.171301 0.470332 0.127216 -0.215022 0.450031 -0.053369 0.464999 0.105198 -0.178446 0.255820 -0.131956 -0.100072 0.066957 -0.131565 -0.054079 -0.007951 0.183100
-0.584927 -0.259042 -0.140888 -0.023026 0.026523 0.119769 0.457810 -0.650892 -0.005965 -0.079616 0.082086 0.113895 -0.687728 0.703718 0.222599 0.371084 0.147322 -0.009618 0.136952 -0.256656 -0.094448 -0.010844 -0.125764 -0.101119 -0.007372 0.229849
-0.646015 0.245796 -0.309018 0.705684 -0.080340 -0.254585 0.213315 -0.345626 0.155476 -0.307134 0.511742 0.014846 0.119622 0.382058 0.005401 0.728124 -0.269298 -0.117410 0.172418 0.070721 0.059474 0.088569 -0.101636 -0.086022 -0.002155 0.043871
-0.199035 0.193153 0.129594 -0.064002 -0.271042 -0.202431 0.324334 -0.129798 0.086665 -0.043041 0.503385 -0.130191 -0.513726 -0.283850 0.287422 0.616479 -0.033069 -0.182543 0.220202 -0.034031 -0.042831 -0.043480 0.104574 0.161445 -0.021620 0.087442
-0.370856 -0.047923 -0.028006 0.254046 -0.078524 0.016075 -0.002391 -0.078338 -0.039038 0.311688 -0.051670 -0.014616 -0.237574 0.229513 0.189632 0.332229 0.392725 0.172018 0.122909 0.025225 0.051934 0.022619 0.034469 0.206725 0.006287 0.026659
-1.013675 0.151270 -0.212862 0.352798 0.091658 0.156222 1.249272 -0.619075 0.112565 -0.407390 0.126931 -0.478578 -0.478479 0.755034 -0.023765 0.078018 -0.272214 0.124849 0.385551 -0.395391 -0.228403 -0.012791 -0.062605 -0.141121 -0.021323 0.157072
-0.442594 0.097012 0.010424 0.177396 -0.074707 0.430250 0.605787 -0.117140 0.045026 0.016663 -0.104334 -0.244943 -0.127284 0.092191 0.333265 0.432900 0.131628 0.105442 -0.016946 -0.453456 0.134918 0.061090 -0.087565 -0.004564 0.021223 0.016781
-0.472086 0.436963 -0.238411 -0.046603 0.080880 0.251161 0.100965 -0.459015 0.194444 0.076516 -0.038901 0.226527 -0.642350 -0.080379 -0.078219 0.208060 0.186314 -0.149661 0.380475 -0.259943 -0.006608 -0.001573 -0.149670 0.103973 0.001981 0.041039
-0.002341 -0.006498 0.020875 0.169239 0.051990 -0.096603 0.088407 -0.051165 0.023007 0.032005 0.248857 0.154984 -0.003027 0.170986 0.067718 0.242140 0.080519 0.064220 -0.135569 -0.126171 0.011397 0.000990 -0.093111 0.044691 -0.007798 -0.071772
-0.161568 -0.261570 -0.013849 0.009945 0.237344 -0.061484 0.001324 -0.283557 0.057945 -0.185439 0.285236 0.020220 -0.037312 0.328989 0.047279 0.522964 0.145653 -0.202970 0.109571 -0.243774 -0.106313 0.006847 -0.162049 0.002784 -0.011536 0.042854
0.030703 0.030233 -0.099384 0.273160 -0.120333 -0.300270 0.479163 -0.296762 0.041808 0.068776 0.745123 -0.782731 0.147548 0.020338 -0.067983 0.534773 -0.505570 -0.083779 0.439536 0.296334 -0.077666 0.016618 -0.017148 -0.102853 -0.006904 -0.057616
-0.506753 0.806166 -0.112768 0.430876 -0.231544 0.053215 0.606268 -0.436586 0.034557 -0.380669 0.735958 -0.040922 -0.599839 0.161006 0.163859 0.494900 -0.075631 -0.292462 -0.089212 -0.130579 -0.061806 -0.056978 -0.171092 0.064494 -0.012806 -0.005951
-0.025344 -0.305405 -0.238538 0.166755 -0.204670 -0.773302 -0.688538 -0.246162 0.076058 -0.513887 0.530013 0.753659 0.064927 0.669829 -0.324138 0.727036 0.142406 -0.357398 0.328063 0.229814 -0.028911 0.139909 0.040974 0.101182 0.013051 0.220900
0.432604 -0.129929 0.316650 -0.060200 -0.353643 -0.477448 -0.140662 -0.191884 0.008685 0.061137 0.375656 0.076742 0.367052 0.156891 0.012700 -0.125775 0.024819 0.410791 0.194949 0.143081 -0.019932 0.011004 -0.057393 -0.078443 -0.008583 0.004643
-0.276735 -0.329074 0.082029 0.005702 -0.017126 0.143344 0.076637 -0.075964 0.116322 -0.071437 0.158124 -0.217637 0.039796 -0.186794 0.206374 0.321910 0.132780 0.282823 -0.104752 0.061312 -0.110357 0.014904 -0.113696 -0.081051 -0.013919 0.113149
-0.378245 -0.028642 0.136785 0.119462 -0.116317 0.422492 -0.472488 -0.294662 -0.129564 0.344027 -0.387398 0.229195 -0.380698 0.294290 -0.324895 0.099492 0.019511 0.075885 0.037987 0.237746 -0.042338 -0.043899 -0.146273 0.168858 0.003760 0.167155
-0.356421 0.204455 0.080012 0.496658 0.151552 0.005490 0.534454 -0.144518 0.000321 -0.204467 0.129736 -0.020176 -0.600675 0.135004 0.341078 0.057724 -0.027854 0.030209 0.706975 -0.082547 0.094215 -0.003877 -0.141195 -0.052401 -0.013308 -0.132761
-0.379169 0.045034 0.177085 -0.250346 0.252416 0.282428 1.139309 -0.462923 -0.104676 0.033515 0.031647 -0.811453 -0.032110 -0.148636 -0.098703 -0.413696 0.005530 0.520856 0.315660 -0.053378 -0.121071 -0.261464 -0.247126 -0.176125 -0.028300 -0.040423
-0.137089 -0.050505 0.082143 0.302342 0.024026 0.216828 -0.019200 -0.007436 0.193095 -0.077539 0.020525 0.419403 -0.334045 0.036769 0.119892 0.460927 0.027920 -0.105179 0.151678 -0.046816 0.021263 0.102003 -0.040328 -0.107710 0.003589 -0.040575
-0.557241 -0.018074 -0.265062 0.416495 -0.412506 -0.382461 -0.100504 -0.317362 -0.125269 -0.136234 0.304970 0.387198 -0.346035 0.306593 -0.042264 0.405187 0.203830 -0.208240 0.293896 0.304538 0.089703 -0.031222 -0.083139 0.004682 0.006169 0.283892
-0.500014 0.205005 0.134631 -0.146745 -0.102788 0.250625 0.359385 -0.040044 0.009411 -0.276168 -0.010934 -0.393404 -0.235312 -0.281922 0.088685 0.131237 -0.295463 0.130853 0.064125 0.067362 -0.134883 -0.067240 -0.134790 -0.112686 -0.007544 0.146045
-0.951332 0.154441 -0.050024 0.136163 0.015398 0.186291 0.920942 -0.506454 0.121879 -0.415871 0.002731 0.103973 -0.579934 0.480887 -0.072849 -0.156200 -0.596132 0.016605 0.674286 -0.102702 -0.222069 -0.061546 -0.272054 -0.186147 -0.012457 0.182190
-0.747353 -0.182415 0.013872 0.461709 0.014243 0.080166 0.232589 -0.412819 0.061552 -0.273611 0.176971 0.406636 -0.034810 0.610035 0.029708 0.346002 -0.188790 -0.028377 0.141274 -0.091884 -0.069832 0.010569 0.035184 0.041189 -0.009319 0.142705
-0.764100 0.080351 -0.002808 0.694546 -0.125538 -0.491360 -0.056538 -0.354063 0.172936 -0.213520 0.357552 -0.320893 -0.292306 0.506720 -0.165942 0.319472 -0.460379 0.226623 0.013989 0.247761 0.032080 0.071192 -0.168879 -0.231733 -0.001129 0.255314
-0.840596 0.112883 -0.600531 0.688842 -0.046373 -0.053783 0.393843 -0.541611 0.062539 -0.607406 0.465577 0.506453 0.000327 0.120145 -0.174755 0.485712 -0.437266 -0.057401 0.530816 0.376509 0.036256 -0.013484 0.046439 0.041609 -0.012303 0.098249
-0.389284 0.223501 0.110783 -0.056500 -0.084380 0.140652 0.110788 0.150063 0.101744 -0.040911 -0.054502 0.092061 0.094675 0.065692 0.267948 0.173012 0.177421 -0.077706 0.284335 -0.144244 0.024454 0.075709 -0.004025 -0.069830 0.000194 -0.024964
-0.494318 0.163872 0.209607 -0.046256 -0.043825 0.011166 -0.227569 -0.140941 -0.073346 -0.037150 -0.200255 0.580086 -0.069154 0.275984 -0.076554 0.308849 0.188399 -0.182289 0.110260 -0.203805 -0.056978 -0.055451 -0.306497 0.133567 0.006596 0.127531
-0.629070 0.329326 -0.016812 0.158794 -0.110046 -0.026241 0.806689 -0.243732 -0.125432 -0.365147 0.758228 0.168061 -0.111842 0.158565 -0.041162 0.411780 -0.249781 -0.275665 0.120437 0.112981 -0.114804 0.056646 -0.098949 -0.295781 -0.002894 0.022121
-0.461954 -0.057827 -0.354664 0.310428 -0.463014 -0.236181 -0.239677 -0.250473 -0.233294 -0.437514 0.250210 0.350473 -0.177446 0.215224 -0.159045 0.344169 0.077502 -0.100255 0.364618 0.114092 0.063489 -0.048148 -0.102999 -0.057035 0.000552 0.349726
-0.420696 -0.152595 -0.028532 0.035625 -0.208534 0.258932 0.335248 -0.146609 0.004590 -0.122091 -0.201444 0.228257 -0.216755 0.040036 0.289124 0.227128 0.376597 -0.103200 0.194581 -0.145604 -0.007476 -0.026397 -0.093422 0.037148 0.007390 0.165519
-0.541439 0.416110 -0.112735 0.662830 0.103665 -0.278924 0.143351 -0.130288 0.174157 -0.469795 0.361571 0.015137 -0.031692 0.036261 -0.017469 0.387110 -0.558629 -0.031047 0.314242 0.145227 -0.021165 0.080178 -0.141557 0.000092 -0.010168 -0.051481
-0.132608 -0.268915 -0.247860 0.116557 -0.232108 0.213160 0.015411 -0.101733 -0.038983 -0.025109 0.265736 0.312861 -0.105625 0.135696 0.105249 0.247248 0.401107 -0.268530 0.328080 0.045792 0.007915 0.027575 -0.063435 0.014385 0.004093 0.085018
-0.504726 0.031248 0.047832 -0.143250 0.091168 0.089429 0.692708 -0.101850 0.040788 -0.450665 0.162743 -0.149839 -0.202903 -0.209647 0.182989 0.231935 0.002670 0.126175 0.209124 0.160696 -0.030032 -0.035535 -0.043558 -0.160069 -0.002843 0.044303
-0.609022 -0.018805 -0.167006 0.331476 0.120614 -0.206125 -0.360739 -0.563500 0.146218 -0.553248 0.468931 0.224953 -0.001894 0.479017 -0.509924 0.916752 -0.283996 -0.157229 -0.053564 0.352134 -0.120590 0.048108 -0.026823 0.066745 -0.018837 0.199331
-0.384628 -0.147491 -0.237941 0.224626 -0.215523 0.009899 0.133261 -0.451447 0.310505 -0.234919 0.159821 0.323247 -0.469148 0.496933 -0.019409 0.620256 0.099124 -0.186924 0.251178 0.376612 -0.039411 0.189224 0.020667 -0.027009 0.008662 0.168188
-0.475367 -0.195704 -0.143688 0.351211 -0.105560 0.561610 0.145448 0.017189 -0.073933 -0.395264 0.119536 0.312418 -0.443969 0.043254 0.234108 0.339764 -0.080912 -0.404887 -0.166227 0.062475 0.030802 -0.041174 -0.023308 0.116435 -0.003666 0.152859
-0.446249 0.009071 0.005971 0.012041 0.078987 -0.020122 0.503425 -0.406606 0.087875 -0.125666 0.389903 0.106745 -0.191902 0.399796 0.248353 0.085759 -0.058700 0.064408 0.427528 -0.306218 -0.025034 -0.062221 -0.004892 -0.110314 -0.015251 0.011004
-0.261550 -0.064506 -0.044146 -0.287426 0.113402 0.159827 0.347001 -0.241863 -0.164386 0.332665 -0.119172 0.258787 -0.627547 0.267711 0.425221 0.034590 -0.038682 -0.189836 -0.063276 0.286746 0.024517 -0.020432 0.023367 -0.316474 -0.001867 0.013657
-0.552023 0.257028 0.103444 0.132051 0.061176 0.143045 0.318702 -0.068687 0.074666 -0.139051 -0.252634 0.011190 -0.155323 0.102054 0.242915 0.095250 -0.079893 0.215339 -0.005554 0.105081 -0.004856 -0.036452 -0.172185 -0.031695 0.001316 -0.003773
-0.664108 -0.073677 0.180388 0.227888 0.043292 0.276688 -0.024369 -0.758023 0.162919 -0.415290 -0.086227 0.470433 -0.612301 0.163043 0.172133 0.539142 0.242705 -0.244286 0.304114 -0.256279 0.041291 0.025432 -0.040013 0.131395 0.004574 0.245472
-0.762445 0.142087 0.298145 -0.096058 -0.105300 -0.271023 -0.034855 -0.188625 0.102864 -0.312061 0.198538 0.565774 -0.273298 0.694950 0.167410 0.231615 0.451349 0.032432 0.561573 0.073691 0.040009 -0.095713 -0.477181 0.313686 0.018484 0.114365
-0.492190 -0.037994 -0.054559 0.112793 0.096959 0.237838 0.162645 -0.092364 0.138338 -0.098365 -0.071832 0.115486 -0.178800 0.329640 0.128501 0.017988 -0.132497 0.181407 0.009555 -0.291237 -0.134971 0.058923 -0.089699 -0.201872 -0.003565 0.072532
-0.172087 -0.039865 -0.125202 0.143976 0.028779 0.134285 0.314792 -0.192838 0.106930 -0.117240 -0.123932 0.181334 -0.161185 0.237595 0.161412 0.378171 0.166367 -0.133909 0.054316 -0.378026 -0.042387 0.029371 0.123085 0.083058 0.000860 0.019390
-0.657844 0.003522 -0.497514 0.274562 -0.069830 -0.388953 0.280118 -0.330353 -0.139547 -0.394842 0.343856 -0.053265 -0.314107 0.487241 -0.286444 0.610364 -0.097850 0.039121 0.656622 0.262578 -0.145773 0.011641 -0.186220 -0.227074 -0.000106 0.193519
-0.212902 -0.094447 0.000591 -0.030453 0.006339 0.005650 0.305522 -0.332862 0.006877 0.211172 -0.128056 0.090458 -0.556722 0.478510 -0.123545 -0.076965 -0.109665 0.119736 0.358266 -0.121236 -0.008100 -0.009503 -0.102751 -0.249705 0.000720 0.091157
-0.180665 -0.218472 -0.042288 0.172465 0.034792 0.348940 0.375367 0.075905 0.028461 -0.270234 -0.153116 -0.170505 0.022054 -0.412138 0.201759 -0.016011 0.033663 0.312732 -0.120659 -0.149687 0.010516 -0.051170 -0.008170 -0.089571 -0.009366 0.048597
-0.566514 0.072171 0.105870 0.108970 -0.110998 0.408939 -0.095317 -0.063563 -0.022191 0.109368 -0.218956 0.283691 -0.228424 -0.026430 0.115226 -0.079598 -0.008553 0.139243 0.100088 -0.341599 0.010382 -0.026941 -0.225971 0.276209 0.001912 0.136114
-0.453677 -0.004941 -0.207741 0.364214 -0.153295 -0.174965 0.698319 -0.395246 -0.068974 0.033905 0.208396 0.214017 -0.586781 0.618549 0.017748 0.806319 0.102092 -0.700461 0.192057 0.200949 -0.021052 0.030079 -0.062319 -0.192338 0.005390 0.109693
0.047764 -0.205499 0.154158 -0.010752 0.094181 -0.515312 0.052202 0.056283 0.036814 0.129366 0.252065 -0.148225 0.145636 -0.105544 0.154834 0.282457 0.304352 -0.010967 -0.001959 0.467954 -0.119634 0.047438 -0.083904 -0.248036 -0.008658 -0.051735
-0.483036 -0.185371 0.012604 0.107853 0.078146 -0.422264 0.379362 -0.210607 -0.010188 -0.268972 -0.109454 -0.218402 -0.325758 0.292149 0.171120 0.366450 0.006355 0.158125 0.420236 -0.059212 -0.072439 -0.008919 -0.134840 -0.136157 -0.004457 0.171554
-0.525668 0.123949 -0.066471 0.501745 0.038235 -0.049071 0.412301 -0.260588 0.085309 -0.611311 0.277926 -0.258565 -0.123849 0.146712 -0.042509 0.493908 -0.630295 0.235717 0.502937 0.003891 -0.079732 0.067325 -0.007487 -0.111721 -0.007961 0.049617
-0.549156 -0.175939 -0.227473 0.300940 -0.146651 -0.435958 0.545037 -0.617739 -0.142239 0.101092 0.007424 0.401656 -0.253758 0.732430 0.085240 1.093547 0.104979 -0.154595 0.040397 -0.396671 -0.085906 0.024448 -0.028421 -0.144909 -0.019615 0.234425
-0.575682 -0.083568 0.053748 0.142330 -0.131121 -0.069761 -0.348295 -0.205619 0.100360 -0.106050 0.434667 0.358949 -0.586487 0.473527 -0.208906 0.623311 0.463798 -0.297146 0.306027 0.210145 0.042326 0.156534 0.083787 -0.057845 0.013925 0.197194
-0.550132 0.218667 -0.128925 0.257615 -0.162357 0.088769 0.146800 0.094815 0.088821 -0.029760 -0.091283 0.042986 -0.433717 0.136028 -0.073294 0.444553 0.024542 -0.100877 0.273586 -0.098469 -0.094147 -0.065795 -0.348676 -0.009955 -0.001832 0.113226
-0.409549 -0.100509 -0.201012 0.086553 0.028362 0.177614 0.353730 -0.482070 0.102112 -0.024370 -0.113579 -0.067136 -0.204332 0.503279 0.247778 0.076365 -0.050975 0.191514 -0.101937 -0.220805 -0.157715 -0.027228 -0.153229 -0.131708 -0.006055 0.126520
0.117322 -0.331791 0.306580 -0.150509 0.161586 -0.652363 0.146448 0.005498 0.003744 0.223466 0.259597 -0.141924 0.280292 -0.079916 0.160601 0.298271 0.383267 -0.001268 -0.303534 0.478580 -0.148588 0.044471 -0.134056 -0.193640 -0.013984 -0.045211
-0.328249 0.075624 -0.306217 0.345407 -0.160790 0.299540 -0.090933 -0.534867 -0.003162 0.094756 0.107832 0.127943 -0.321721 0.372745 -0.037004 0.543969 0.190776 0.058841 0.330545 -0.164735 -0.003209 0.059715 -0.109068 0.200298 -0.005672 0.079156
0.026504 -0.209384 -0.188730 0.124805 -0.216318 -0.052782 -0.371676 -0.092857 -0.001084 -0.016375 0.415906 0.543442 0.079418 0.217749 -0.173797 0.336748 0.151617 -0.272457 0.391107 -0.104527 -0.003410 0.099433 -0.084207 -0.047064 0.005229 0.078472
-0.745260 -0.279782 -0.134102 -0.227412 0.103086 -0.037986 0.696200 -1.008419 0.024364 -0.195442 0.109591 0.204808 -1.008135 0.799271 0.163868 0.684814 0.249974 0.198359 0.426843 -0.166317 -0.200661 -0.020956 -0.226099 0.083364 -0.013983 0.273296
-0.343102 -0.088999 -0.131941 0.006981 -0.101388 -0.156981 0.010273 -0.052112 -0.128539 -0.135517 0.086945 0.487918 -0.230762 0.105020 0.005532 0.269609 -0.069771 -0.306502 0.296811 0.185048 -0.050331 0.037020 0.035233 -0.224627 -0.003684 0.143475
-0.703754 0.184446 0.093296 0.051110 -0.082683 0.206092 0.033874 -0.132895 0.031340 -0.167825 -0.007128 -0.043467 -0.177310 -0.041352 0.198610 0.231978 0.234400 0.087596 -0.026509 -0.200653 0.010133 -0.016172 -0.023898 -0.189873 0.002317 0.174963
-0.573628 0.360861 -0.152557 0.154703 0.254806 -0.128389 0.081673 0.003472 0.120251 -0.476713 0.282956 0.255124 -0.336329 -0.174078 -0.078529 0.210936 -0.093384 -0.011294 0.292157 0.108982 -0.032742 0.050745 -0.083567 0.225940 0.008368 -0.039205
-0.321276 -0.731749 -0.718109 0.192131 -0.619573 -0.700057 -0.946188 -0.554915 -0.012183 -0.103748 0.517407 0.961446 -0.181737 0.894999 -0.209580 1.060021 -0.118811 -0.654394 0.287032 0.866227 0.022012 0.281109 0.254177 0.161521 0.010146 0.527802
0.696234 -0.044365 -0.169928 0.006422 -0.274760 -1.359584 -0.415050 -0.271696 0.012354 -0.153286 0.816978 0.384292 0.100623 0.185669 -0.353448 0.422686 0.247913 0.061444 0.593287 0.713431 -0.081901 0.162290 -0.246765 -0.278288 -0.004136 -0.028647
-0.168820 -0.431053 -0.432018 0.225831 -0.242654 -0.380580 0.083405 -0.178100 -0.081723 -0.083254 0.744002 0.258738 -0.452065 0.393646 -0.081960 0.678189 -0.323082 -0.413812 0.238297 0.472792 -0.001563 0.060087 0.185388 -0.335724 -0.007195 0.201717
-0.148420 0.124875 -0.592567 0.545360 0.039396 -0.353684 0.161645 -0.454429 0.254772 -0.573135 0.467828 0.068720 -0.408817 0.174665 0.070602 0.395249 -0.588186 -0.265243 0.292274 0.254000 0.031290 0.125172 -0.102620 -0.218693 0.004393 0.049575
-0.962353 0.058755 -0.060117 0.017631 0.113409 -0.332974 0.863039 -0.391244 -0.001666 -0.444383 -0.049794 -0.393785 -0.707207 0.451010 -0.412434 0.163878 -0.293536 0.267473 0.431882 -0.098548 -0.324696 -0.095531 -0.234167 -0.055462 -0.017639 0.306023
-0.673394 -0.149354 -0.029229 -0.073957 0.228834 0.747722 0.588463 -0.204375 0.113644 -0.324863 -0.239244 0.705410 -0.615668 0.760199 0.262612 0.188118 0.439328 0.068161 -0.010428 -0.397037 0.088882 -0.076331 -0.194960 0.051548 0.004786 0.012739
-0.104995 0.089634 -0.234620 0.238992 -0.279152 -0.230577 -0.305166 -0.815681 -0.260379 -0.276105 0.668984 0.638691 -0.261526 0.932595 -0.299748 0.823912 0.179367 -0.277978 0.830523 0.109238 -0.079414 0.091431 -0.098624 -0.093013 -0.014060 0.094080
-0.580284 0.188091 0.036187 0.168704 -0.087401 0.200675 0.450162 -0.508651 0.011951 0.118348 -0.141491 0.023008 -0.482739 0.181617 0.210747 0.183176 0.384417 0.173530 0.384524 -0.087802 -0.101118 0.013994 -0.149108 0.065801 0.000192 0.067398
-0.805971 0.168511 0.012257 0.298438 -0.269860 0.129078 0.018825 -0.304976 -0.148507 -0.019477 0.489357 0.150676 -0.454996 0.231891 -0.197168 0.400453 -0.291751 -0.144196 0.246514 -0.252124 -0.053681 -0.003195 -0.070154 0.014434 -0.017591 0.262845
-0.227539 -0.361765 -0.132325 -0.433627 0.147399 -0.163628 0.665653 -0.468811 0.152731 0.164061 0.291443 0.278306 -0.408562 0.256376 -0.071153 0.403026 -0.150166 -0.172499 0.675483 -0.208007 -0.086109 0.041757 -0.116610 -0.161080 0.005398 0.078854
-0.607830 0.087958 -0.062504 0.198750 -0.104868 -0.459723 0.297306 -0.265865 -0.003343 -0.362492 0.164465 0.088387 -0.258324 0.390651 -0.260595 0.397959 -0.032336 0.072857 0.446348 -0.010111 -0.144141 -0.064834 -0.236099 -0.081033 -0.006401 0.204239
-0.719661 -0.221506 -0.291585 0.319166 -0.061969 0.317903 -0.020654 -0.422964 0.025135 -0.073499 -0.131977 0.282936 -0.575853 0.263687 -0.246401 0.467175 0.765439 0.062670 0.089296 -0.107514 -0.073330 -0.113366 -0.203504 -0.008919 0.005296 0.280696
-0.507645 0.225615 -0.093100 -0.009195 -0.025358 -0.330309 0.293505 -0.305956 -0.017756 -0.484833 0.195192 0.005370 -0.599581 0.044466 -0.172938 0.351711 -0.058235 0.125242 0.334312 -0.225761 -0.081058 -0.038470 -0.090669 -0.221840 -0.007420 0.219090
-0.131090 -0.107057 -0.051684 0.074539 0.020064 -0.152690 0.783823 -0.369971 0.021922 -0.253833 0.228276 -0.265643 -0.518188 0.039900 0.036425 0.318526 -0.446304 0.211458 0.536303 0.099899 -0.067057 0.015621 -0.048161 -0.221513 -0.005656 0.039676
-0.444040 -0.135695 -0.006696 0.370890 0.040494 0.199774 0.326472 -0.501293 0.112808 -0.067706 0.181232 0.257980 -0.205521 0.406220 0.048947 0.261859 -0.201950 0.167692 0.167894 -0.038331 -0.079081 0.061761 -0.077832 -0.035350 -0.012031 0.040498
-0.681347 0.367356 -0.183735 0.184709 0.020246 0.190245 0.129425 -0.307623 0.374271 -0.570649 0.677175 -0.136007 0.029535 0.456213 -0.231909 0.570545 -0.585019 -0.289454 0.228349 0.038754 0.101497 0.122299 -0.104468 0.070949 0.015869 0.047097
-0.547916 -0.282080 -0.211673 0.413145 -0.055672 -0.570438 1.598167 -0.916399 -0.010352 -0.988403 0.788218 -0.141872 -0.969247 0.358855 0.540578 1.138492 -0.369517 0.246710 0.840380 0.576541 -0.082442 -0.036448 -0.104470 -0.187586 -0.029213 0.120423
-0.533863 0.392528 0.104278 0.074468 -0.109453 0.229770 -0.222774 -0.332294 0.015701 0.157271 0.200655 0.085833 -0.615983 0.271472 -0.035622 0.326686 -0.014557 -0.239199 0.432959 0.139160 -0.009666 0.027021 -0.061471 0.076379 -0.005525 0.063801
0.238732 -0.483685 -0.526364 -0.126690 -0.149139 -0.405855 -0.392182 -0.168209 0.095648 -0.315195 0.395981 0.465232 0.280173 0.312967 -0.049885 0.495756 0.434933 -0.419983 0.082826 0.536284 0.046994 0.165418 0.160961 0.140508 0.016714 0.108909
-0.434742 0.190842 -0.059566 0.176349 0.080176 0.240096 -0.176292 -0.275004 0.106184 -0.357915 0.161149 0.752864 -0.295627 0.155171 0.050041 0.311114 -0.064976 -0.060362 0.156654 0.105478 0.131281 -0.007790 -0.123970 0.143692 0.008417 -0.006332
-0.065333 -0.020057 -0.055454 -0.047396 -0.310080 -0.409889 0.105983 -0.387183 -0.037156 0.290526 1.031104 0.094287 -0.560327 0.215203 0.210776 0.326572 -0.242579 0.108927 -0.238202 0.172961 -0.063408 -0.047112 -0.254046 -0.501018 -0.018179 0.136556
-0.605682 0.155843 -0.022541 0.127264 -0.108599 0.225464 -0.256029 -0.223035 -0.032052 -0.027277 0.068560 0.117717 -0.091391 0.084466 0.281515 0.268174 0.308387 -0.277437 0.196862 -0.204601 -0.005078 -0.055996 -0.003291 -0.145000 -0.005655 0.150454
-0.174644 0.176908 -0.479375 0.286289 -0.291200 -0.710188 0.183591 -0.543529 -0.020771 -0.255026 0.893038 -0.022727 -0.531893 0.213464 -0.085973 0.305275 -0.431396 0.118108 0.607471 0.463495 -0.050062 0.067005 -0.256917 -0.649851 0.006659 0.146311
-0.038415 -0.283109 -0.440596 0.118309 -0.297747 -0.343832 -0.018202 -0.158594 -0.087461 -0.229531 1.056454 0.219958 -0.258303 0.126315 -0.253787 0.911119 -0.499530 -0.381379 0.093445 0.546355 -0.113680 0.045520 0.086497 -0.315767 -0.001312 0.175979
-0.414550 0.249796 -0.077152 0.205300 -0.258206 -0.407306 0.479026 -0.562979 0.012665 -0.122306 0.755144 -0.362006 -0.279221 0.411557 -0.114679 0.546361 -0.366120 -0.045552 0.306541 0.126382 -0.168923 0.060432 -0.140952 -0.374571 -0.012120 0.146346
0.053704 -0.042422 -0.359577 0.525851 -0.222672 -1.134249 -0.039015 -0.660949 -0.004917 -0.134148 0.760780 -0.589220 0.039808 -0.196122 0.086127 0.481602 -0.420434 -0.530611 0.045496 0.232096 -0.091177 0.140838 -0.218225 -0.204099 -0.029304 0.269026
-0.847878 -0.325661 -0.217075 -0.418214 0.101712 -0.062920 0.864878 -1.289182 0.028348 -0.121894 0.183890 0.314247 -1.416690 1.343640 0.141251 0.903022 0.244194 0.146607 0.341156 -0.167244 -0.244043 0.041426 -0.195068 0.026110 -0.005266 0.343271
-0.334836 0.052128 -0.211877 -0.118513 0.160899 0.000712 -0.042648 -0.014746 -0.012744 0.027743 0.129960 0.378235 -0.319845 0.178466 0.446462 0.407635 -0.056644 -0.177915 0.237468 -0.084994 0.053754 -0.012473 -0.029744 0.059527 0.004960 -0.039851
-0.461067 -0.049136 0.095764 0.531734 -0.190455 0.097602 -0.106261 -0.457022 -0.031473 -0.447156 0.098432 0.329933 -0.091601 0.194632 0.010475 0.312354 -0.293375 0.040355 0.418130 0.275021 0.075234 0.102583 -0.078888 -0.265503 0.002185 0.164131
-0.384681 0.177681 0.061094 0.118975 -0.084212 0.369241 0.043496 0.023093 0.038313 0.090382 0.014607 -0.048380 -0.083380 -0.177038 0.062362 0.482520 0.247528 -0.059922 0.361328 -0.053566 0.012737 0.089753 -0.151686 0.020394 0.004662 -0.020537
-0.736445 -0.004982 -0.385336 0.266858 -0.335644 -0.095988 -0.264041 -0.461764 -0.084444 -0.875091 0.470548 0.281387 -0.263420 0.487688 -0.138679 0.620353 -0.566309 -0.025657 0.200798 0.321768 -0.015115 -0.056539 -0.376562 -0.005999 0.002357 0.403546
-0.019670 -0.262453 -0.212602 0.133686 -0.195024 -0.683639 -0.110795 -0.057127 -0.042783 -0.496529 0.236414 0.437475 0.281280 0.267513 -0.076125 0.181375 0.229046 -0.094259 -0.025773 0.099000 -0.041595 0.131757 0.059338 -0.047223 0.012905 0.187515
-0.168220 0.255860 0.075917 -0.424439 -0.165090 0.261187 0.685330 -0.376535 0.266822 -0.348787 0.728369 -0.372184 -0.314190 -0.132727 0.073583 -0.093836 -0.017033 0.085663 0.126496 -0.295787 -0.254207 0.140112 0.259524 0.101870 -0.018207 0.052213
0.426172 -0.095463 -0.568145 0.857228 -0.286132 -1.009587 0.518427 -0.969203 0.039273 -0.575940 1.082658 -0.178887 -0.157360 0.369324 -0.451562 0.699663 -1.337005 0.276371 0.729713 0.565551 -0.172224 0.178940 -0.129885 -0.512241 -0.032878 0.057990
0.207389 0.106351 -0.623617 0.752300 -0.427101 -0.309447 0.690633 -0.752522 0.011612 -0.017458 0.805417 -0.469398 -0.145156 -0.089237 -0.109761 0.979921 -0.858056 -0.371512 0.778734 0.620960 -0.132425 -0.002580 -0.106891 -0.222938 -0.019385 -0.016953
-0.637902 -0.160142 -0.088381 -0.088288 0.003506 -0.267733 0.476708 -0.204082 -0.031434 -0.389334 -0.067730 -0.353602 -0.495159 0.395930 -0.002509 0.349055 -0.094928 0.166286 0.226397 -0.110679 -0.142394 -0.037626 -0.142071 -0.071220 -0.009404 0.293643
-0.971790 0.449608 -0.357808 -0.087319 0.006489 0.502008 0.937675 -0.575760 -0.077807 -0.931395 1.220945 0.086214 -0.427671 0.833776 -0.237779 0.594043 -0.782668 -0.518189 0.162812 -0.037493 -0.130683 0.013560 -0.048138 -0.724284 0.007915 0.122491
0.586751 0.087463 -0.421844 -0.154773 -0.030303 -0.956768 -0.458001 -0.465587 0.107464 0.006019 0.616599 0.588125 0.379331 0.717470 -0.454139 0.496041 0.315761 -0.181525 0.293626 0.513310 -0.104606 0.219580 -0.194433 -0.427550 0.007948 -0.124509
-0.058047 -0.386335 -0.153238 0.164931 -0.119047 -0.641156 0.443752 -0.400899 -0.025590 -0.157702 0.275498 -0.192092 -0.346449 0.128221 -0.166141 0.383438 -0.032625 -0.008858 0.550180 0.100201 -0.096519 0.009143 0.002109 -0.130173 -0.012689 0.206270
-0.248067 0.101692 0.088008 0.300340 -0.169431 -0.010521 0.031022 -0.125206 0.027427 -0.399380 0.231140 0.104754 -0.301483 0.330000 -0.024549 0.590743 0.156734 -0.080599 0.464411 0.129453 -0.082538 -0.015530 0.084702 -0.001330 -0.013662 0.036987
-0.365900 0.078804 -0.110167 0.184431 -0.280827 -0.047677 0.729649 -0.161262 -0.161340 -0.163210 0.730852 0.018086 -0.178515 -0.544283 0.225417 0.474577 -0.190511 -0.237622 0.328624 -0.418963 0.083252 -0.167935 0.002611 0.014899 -0.016924 0.113203
-0.192496 0.022853 0.147718 -0.261195 0.137245 0.028419 -0.492847 0.139838 0.119235 0.116326 0.050570 0.539300 0.108297 0.249055 -0.101883 0.284740 0.449685 -0.261974 0.045248 -0.222739 0.058489 0.144906 -0.120294 0.047228 0.027236 -0.023025
-0.564000 0.005153 0.076812 -0.001897 0.101096 0.107185 -0.217783 0.159604 0.164786 -0.279144 0.064778 0.350219 -0.074587 0.222070 -0.103602 0.257271 -0.053184 -0.086440 0.338085 -0.088176 -0.001737 -0.017849 -0.097586 0.128735 0.001828 0.064508
-0.554395 0.203733 -0.289274 0.564346 -0.343581 0.051143 0.808880 -0.698672 -0.163587 -0.258129 0.858202 0.453281 -0.463233 0.091639 0.113965 0.441351 -0.089448 -0.083416 0.756357 -0.148889 0.054094 -0.193828 -0.088083 0.018188 -0.017121 0.062708
-0.332992 -0.017727 -0.189400 0.047357 0.147877 -0.716503 0.506661 -0.284470 0.017214 -0.266123 0.273802 0.097030 -0.636432 0.267931 -0.001806 0.496395 0.054960 -0.178315 0.577686 0.059153 -0.014030 -0.047105 -0.046581 -0.201471 -0.003523 0.084993
-0.259856 -0.165696 -0.206817 0.017091 0.091294 -0.248019 0.598862 -0.172478 -0.131772 -0.210385 0.231236 0.121171 -0.387454 0.185858 0.305167 0.271637 0.080185 -0.083090 0.469547 0.148368 0.015674 -0.102243 -0.087307 -0.127654 -0.003173 0.005808
-0.339662 0.113769 -0.109598 0.319389 -0.221234 -0.034662 0.501679 0.220117 0.098689 -0.127252 0.148525 -0.113357 0.109420 0.148534 0.013097 0.131014 -0.122457 0.070898 0.306435 -0.297626 -0.148601 0.136909 -0.210995 0.127984 0.000646 0.011331
-0.219162 -0.091370 0.013551 0.096564 0.006150 -0.170142 -0.237591 0.086614 0.274403 -0.124279 0.109036 0.132464 0.149154 0.274822 -0.003072 0.276725 -0.121399 -0.039237 0.242927 -0.020999 -0.010578 0.060542 -0.046843 -0.024743 -0.000891 0.035179
-0.338293 0.114710 0.163688 -0.353800 0.133187 0.036159 -0.521958 0.140132 0.164425 0.148874 -0.068474 0.554095 0.187569 0.126998 -0.087271 0.110428 0.437268 -0.246636 0.073615 -0.234369 0.055481 0.117049 -0.148522 0.054906 0.030686 0.010212
-1.224893 0.088537 -0.446969 0.674241 -0.154814 0.053851 0.342623 -0.507567 0.095499 -1.064298 0.054750 0.807319 -0.205868 0.120233 0.414971 0.436473 -0.379053 0.021285 0.316498 -0.018709 0.098678 -0.061696 -0.180847 0.165503 -0.022906 0.310450
-0.170339 -0.180765 0.049515 0.073125 -0.147662 -0.204875 -0.068072 -0.218144 0.235198 -0.201499 0.234168 0.003076 -0.002603 0.139138 -0.126255 0.252008 -0.144140 0.029602 0.213749 0.053735 -0.044484 0.007012 -0.070499 -0.083941 -0.008288 0.166659
-0.892918 0.091580 0.072284 0.277257 -0.196715 0.249603 0.110200 -0.186353 0.024647 -0.348250 -0.064625 -0.234495 -0.476625 0.076038 0.198174 0.440734 0.101504 -0.053307 0.121861 -0.307776 -0.010513 -0.075976 -0.053579 -0.014340 -0.002685 0.321214
-0.525199 0.009206 0.145315 0.089830 0.038805 0.515647 0.263488 -0.315839 -0.015681 0.069273 0.099543 0.247814 -0.221894 0.244635 0.150813 0.216198 0.003758 -0.015629 0.235098 0.050610 0.031214 -0.018264 -0.045095 0.002543 -0.000234 -0.014701
0.074106 0.064780 -0.654046 0.442818 -0.317324 -0.771804 0.320803 -0.820769 0.078897 -0.170105 0.908557 -0.645361 -0.122040 0.452680 -0.115035 0.834446 -0.788503 0.026890 0.471970 0.506132 -0.123957 0.179035 -0.191776 -0.511294 -0.027454 0.124613
-0.447801 0.151119 -0.154825 0.184122 0.181865 -0.273849 0.588028 -0.159281 0.016040 -0.313140 0.197288 -0.025172 -0.398678 0.554879 0.105246 0.250783 -0.270876 0.150451 0.607766 0.212483 -0.044654 -0.039294 -0.172540 -0.327475 -0.018534 -0.073082
-0.152671 -0.042319 -0.347234 0.846148 -0.125480 -0.522995 -0.181799 -0.472680 0.086223 -0.368691 0.323886 0.371468 0.107285 0.493564 -0.140955 0.830745 -0.001258 -0.229392 0.603114 0.306497 -0.039326 0.133055 -0.024158 0.241834 -0.007613 0.018449
-0.515778 0.190103 -0.364024 0.085422 -0.381313 -0.463080 -0.033116 -0.508030 0.169409 -0.260609 0.555678 -0.070016 -0.450060 0.842891 -0.361929 0.466373 -0.221974 0.140070 0.443274 -0.135218 -0.226245 0.045449 -0.139991 -0.045152 -0.019609 0.312273
-0.624355 0.273908 -0.134742 0.713118 -0.201603 0.629242 -0.204053 0.243467 0.075148 0.032959 0.338956 0.369555 0.060778 0.356801 0.254773 0.280176 0.058733 -0.276814 0.044448 -0.046157 0.204575 0.189404 0.122583 0.110575 0.014539 -0.099448
0.852156 -0.503573 -0.232787 0.093836 -0.048882 -2.503683 -0.647859 -0.849840 0.150120 -0.375511 1.456212 0.070740 0.737398 1.122487 -0.372449 0.352547 -0.168631 -0.280472 -0.387729 1.026082 -0.356238 0.166007 -0.351872 -0.534946 -0.031192 0.169658
-0.318464 -0.140119 -0.022647 -0.150953 0.081872 0.019487 0.617768 -0.474034 0.011986 -0.139745 0.047663 -0.053802 -0.446554 0.326879 0.169745 0.296232 0.125156 0.113333 0.302012 0.067193 -0.072520 -0.027550 -0.104273 -0.073571 -0.002564 0.066943
-0.520779 0.243284 -0.063862 0.120381 0.055810 0.217849 -0.027098 -0.249927 -0.025664 -0.108188 -0.271746 0.236385 -0.505173 0.212822 -0.083316 -0.111199 0.051302 -0.197681 0.012606 -0.199491 -0.099056 -0.010289 -0.164277 -0.023715 0.005386 0.149359
-0.263698 -0.072770 0.000627 0.264830 0.167408 0.073111 -0.133717 -0.048796 -0.037365 0.273099 -0.006268 -0.165921 -0.021182 0.465358 0.051306 0.264623 0.605028 -0.207365 0.289515 0.082187 -0.017870 0.074375 -0.097686 0.128846 0.003936 -0.088630
-0.896324 0.408143 0.359447 -0.581645 -0.073065 -0.186055 -0.543473 0.416165 -0.217115 1.120052 0.123636 0.780270 0.090625 0.512993 0.517934 0.896446 0.399212 0.020915 0.644813 0.099651 0.061042 0.066228 -0.237621 0.040514 0.001226 -0.153664
-0.375992 0.040788 -0.159958 0.232773 -0.074813 -0.190774 0.140577 -0.025675 0.090462 0.063532 0.062316 0.058114 -0.248929 0.192515 -0.196909 0.365439 0.273981 -0.111428 0.270253 0.206374 -0.050687 0.036251 -0.059297 0.004551 -0.009486 0.057361
0.263570 0.398280 0.053730 -0.204288 -0.393084 -0.824909 1.341018 -0.319787 -0.227714 -0.719324 1.371616 -1.169650 -0.567406 -0.537123 0.029739 -0.136026 -0.622356 -0.446214 0.651783 -0.036307 -0.536786 0.033357 -0.064697 -0.142287 -0.063572 0.131361
-0.404257 -0.150010 -0.137247 0.359743 0.010674 0.255678 0.494639 -0.061558 0.129977 0.038174 0.138197 0.207023 -0.207659 0.415170 0.222077 0.237969 -0.104817 -0.052176 0.083256 -0.262577 0.000364 0.012691 0.001616 0.134515 -0.002427 -0.020273
-0.448342 0.202614 0.030887 0.160109 -0.118097 -0.019262 0.114831 -0.388332 -0.062715 -0.296056 0.305427 0.062468 -0.120838 0.618238 0.319827 0.470563 0.107278 0.087323 0.772835 -0.111791 -0.055374 0.014376 -0.193311 -0.009899 -0.007737 0.002166
-0.426889 -0.041150 0.080006 0.227870 -0.104976 -0.268009 0.020733 -0.337766 -0.203103 -0.339233 0.123797 0.071394 -0.661726 0.281082 -0.096483 0.403339 -0.155346 0.023838 0.559570 -0.007444 -0.036335 -0.117357 -0.235432 -0.126853 -0.011559 0.240024
-0.364517 -0.294418 -0.012169 0.058289 -0.067015 0.072478 0.206369 -0.157299 0.049172 -0.014089 0.060672 0.026078 -0.210773 0.266220 0.129901 0.163313 0.060257 0.045826 0.256545 -0.143560 -0.090744 -0.037010 -0.169760 -0.105574 -0.000570 0.149561
-0.347814 -0.309052 -0.097289 0.048576 -0.111947 -0.775096 0.425754 -0.275012 -0.164995 -0.253260 0.562431 0.155219 -0.649911 0.426316 -0.128131 0.522061 -0.052130 -0.380996 0.486951 0.088331 0.014734 -0.092486 -0.069707 -0.101619 -0.003307 0.266758
-0.338560 -0.053802 0.114656 0.006560 -0.070075 0.206559 -0.011461 0.116297 -0.072389 -0.072522 0.160118 -0.012486 -0.111399 0.305071 0.199052 0.163338 0.199403 -0.116195 0.012730 0.149637 0.066101 -0.031920 -0.062962 0.100046 0.007333 0.033651
-0.169028 0.010175 -0.505286 0.048073 -0.110716 -0.687438 -0.332758 -0.156232 -0.182169 -0.364550 0.370592 1.044247 -0.221995 0.746232 -0.058338 0.743208 -0.003323 -0.281828 -0.100205 0.731895 0.052398 0.221422 -0.049059 -0.011019 0.018258 0.078329
-0.561395 -0.200094 -0.202596 0.084125 -0.058614 0.373248 0.333943 -0.270381 0.001922 -0.258225 -0.133748 0.232487 -0.296809 0.202714 0.071811 0.105802 0.247285 0.029040 0.005718 -0.072499 0.074830 -0.038052 -0.057911 -0.048464 0.006270 0.196028
-0.336936 -0.129258 -0.275978 0.245458 -0.173164 0.037083 -0.093477 -0.145381 -0.052014 -0.018198 0.141093 -0.353286 0.102641 -0.001426 0.137188 0.402226 0.431823 -0.343066 -0.061370 0.254048 0.125784 -0.003942 0.024969 0.094182 0.022444 0.159646
-0.184445 0.422949 -1.125736 1.165996 0.023732 -0.941997 0.500723 -0.987298 0.374741 -1.290336 1.061151 0.151374 -0.641683 0.402235 -0.064423 0.672705 -1.565064 -0.184941 0.633706 0.679345 -0.054579 0.211355 -0.301812 -0.390390 -0.015547 0.037152
-0.034003 -0.080207 -0.042028 0.373540 0.041619 -0.202038 -0.039826 -0.063366 0.046939 0.026128 0.194828 0.022383 0.021298 -0.074194 0.096550 0.240142 0.053990 -0.240164 -0.065861 0.262040 -0.078771 0.023157 -0.002384 -0.220272 -0.008563 -0.018970
-0.744215 0.143182 0.185569 0.342231 -0.332877 0.344874 -0.024703 0.020464 0.084429 -0.298086 0.144119 0.428875 -0.393095 0.365822 -0.122603 0.402742 -0.324531 -0.121903 0.382023 -0.148472 0.057826 0.074389 -0.189979 -0.016593 0.011483 0.198469
-0.308197 0.100519 0.002544 0.088213 0.038796 0.026047 0.186111 -0.227113 0.102974 -0.252069 0.246450 -0.149808 -0.187369 0.303213 0.218180 0.006860 0.050829 0.239793 0.181108 -0.114241 -0.024932 0.008468 -0.021595 -0.134758 -0.014584 0.010637
-0.358793 0.044729 -0.195790 0.060008 0.345179 0.120843 0.484901 -0.317731 0.074248 -0.086691 0.042874 -0.083048 -0.307213 -0.093750 0.369753 0.063346 0.042608 0.128610 0.235691 0.022592 -0.008054 -0.046639 -0.055099 0.001723 -0.007846 -0.096824
-0.597863 -0.288346 -0.117096 -0.109456 0.045156 0.123944 0.498689 -0.650564 -0.066546 -0.142486 0.070629 0.254818 -0.973947 0.833794 0.350114 0.470876 0.349913 -0.149899 -0.025623 -0.093693 -0.029561 0.010876 -0.136185 -0.062025 0.006707 0.240370
0.094772 0.126659 -0.086194 0.276789 -0.502204 -0.813984 0.625124 -0.498553 -0.021727 -0.203141 1.093417 -0.336519 -0.146998 -0.158686 -0.238310 0.774583 -0.444130 -0.360544 0.613179 0.209005 -0.290092 0.071286 -0.027784 -0.204481 -0.030582 0.141617
-0.338057 0.125432 0.028469 -0.129785 0.108862 -0.439031 0.817330 -0.245279 -0.027554 -0.201348 0.057687 -0.114904 -0.386559 0.102650 0.094467 0.250415 -0.007037 0.190270 0.518348 0.014688 -0.042098 -0.058240 -0.174416 -0.117146 -0.004738 0.006560
-0.416898 -0.007211 -0.089427 -0.027927 -0.102255 -0.301598 -0.245161 0.063850 -0.380173 0.258503 0.180332 0.222753 -0.040968 0.123544 -0.007954 0.246750 0.569113 -0.303355 0.453630 -0.076990 -0.153123 0.041275 -0.333336 -0.261560 -0.001393 0.129074
-0.041130 -0.229537 0.087179 -0.142196 0.131739 0.048279 -0.478595 0.191459 0.005735 0.112133 0.335014 0.744049 0.030380 0.276563 -0.103458 0.453594 0.379359 -0.443808 0.223520 -0.044872 0.088692 0.157244 -0.008497 -0.099219 0.022052 -0.066402
0.482596 -0.349636 -0.384131 -0.057803 -0.374204 -0.702713 -1.204086 -0.046067 0.141342 -0.008022 0.614016 0.971979 -0.148803 0.796997 -0.540011 0.949779 0.263887 -0.022531 0.323157 0.873300 -0.092734 0.251671 -0.097297 -0.322226 0.003306 0.087342
-0.522421 -0.088655 -0.019994 0.031424 -0.051369 0.050273 0.165650 0.099387 -0.015026 -0.101318 -0.219495 0.084659 -0.268340 0.110466 0.184718 0.161464 0.228513 0.071088 -0.006973 -0.233062 0.002290 -0.067569 -0.169721 -0.014231 0.009157 0.170561
-0.658642 -0.169702 0.019704 0.173199 0.071930 0.242587 0.803811 -0.297368 0.073422 -0.430739 0.376842 -0.009933 -0.623925 0.420998 0.246076 0.097623 -0.246340 0.363400 0.495914 -0.166290 -0.170596 -0.000305 -0.228107 -0.239013 -0.021314 0.078150
-1.062411 -0.269250 -0.165513 0.151182 0.051092 0.840185 0.833279 -0.215437 -0.040879 0.056781 -0.613135 0.103920 -0.666373 -0.019122 0.650572 -0.306032 -0.057392 0.271961 -0.021106 -0.389535 -0.056191 -0.241431 -0.098478 0.276559 -0.012271 0.224776
-0.448002 -0.200309 -0.176362 0.390795 -0.123824 0.092379 0.566547 -0.355060 -0.025430 -0.150328 0.292076 0.012466 -0.333692 0.122625 0.336757 0.473483 -0.234523 0.118477 0.112094 0.122670 -0.030472 0.016894 -0.009536 -0.287818 -0.008747 0.109819
0.015663 0.048849 -0.224304 0.492282 -0.307285 -0.537298 0.130428 -0.527545 -0.188388 -0.540121 1.001802 -0.163466 -0.222335 -0.515997 0.016414 -0.150691 -0.559277 -0.349709 0.917125 -0.130120 0.017315 0.055677 -0.050263 -0.110836 -0.032460 0.193599
-0.747814 -0.045306 0.116724 -0.029189 0.130495 -0.273357 -0.319415 -0.219139 0.074470 -0.532378 0.095189 0.476510 -0.534237 0.402271 0.041600 0.323857 -0.136765 0.043609 0.312895 -0.037930 0.004045 -0.024592 -0.161814 0.019522 0.003774 0.251604
-0.174033 -0.262398 0.208113 0.176394 -0.285022 0.273504 -0.337073 -0.017640 0.059821 -0.192896 0.080873 0.245769 -0.266861 0.359353 0.009306 0.193531 0.408413 -0.289978 0.180459 0.246488 -0.016641 0.063673 0.029556 -0.084698 0.006110 0.161782
-0.515871 -0.289450 -0.122192 -0.146558 0.114315 -0.052309 0.474085 -0.703328 -0.088362 -0.199395 0.079607 0.196958 -0.759581 0.622519 0.231723 0.459034 0.193064 0.184617 0.204925 -0.264974 -0.135873 -0.025897 -0.111679 -0.021020 -0.007718 0.219763
-0.503464 -0.165723 -0.285102 0.719444 -0.214911 -0.099166 -0.042699 -0.426879 0.141317 -0.258566 0.285632 0.771373 -0.792096 0.906208 -0.315785 0.881289 0.022503 -0.881905 -0.035134 -0.150667 0.042340 0.207758 -0.035170 -0.176015 0.008302 0.299793
-0.449309 -0.204850 0.154836 -0.056696 -0.003419 -0.119936 -0.332346 0.013818 -0.070589 -0.210111 -0.001672 0.624216 0.097924 0.459236 -0.073523 0.184881 0.052491 -0.125804 -0.005727 -0.306789 0.018770 -0.028123 -0.112791 0.087749 0.009174 0.195156
-0.543332 0.070622 -0.041868 0.266138 0.050134 -0.095528 0.575975 -0.565039 0.118920 0.083529 0.184317 -0.160474 -0.596466 0.597519 0.202511 0.271027 -0.123407 0.169955 0.178209 -0.091090 -0.058022 0.053954 -0.166382 0.019379 -0.007628 0.060225
-0.302156 -0.188639 0.016291 -0.027846 0.196605 0.108095 0.954181 -0.225722 0.089571 -0.258019 0.019330 -0.273983 -0.185204 0.001693 0.328109 0.295164 -0.323376 0.080230 0.352606 -0.205516 -0.107901 -0.044950 -0.137940 0.008044 -0.011616 -0.012854
-0.855737 0.236121 -0.505070 0.620640 -0.261882 -0.438265 0.233381 -0.435879 -0.120517 -0.486065 0.522695 0.183260 -0.899273 0.605049 -0.481704 0.770721 -0.068231 0.047686 0.840170 0.376317 -0.149631 -0.020357 -0.351943 -0.218347 -0.007855 0.256888
-0.491729 -0.354118 -0.178708 0.130312 0.132566 -0.513492 1.320380 -0.681924 -0.079182 -0.738526 0.557655 -0.379764 -0.706589 0.135463 0.330498 0.911813 -0.181003 0.108123 0.805532 0.372139 -0.126921 -0.107933 -0.161011 -0.189401 -0.020824 0.128833
-0.682794 -0.029412 0.384526 -0.095556 -0.176774 0.189620 -0.353744 -0.126913 -0.087327 -0.082716 -0.241349 0.648075 -0.313663 0.445659 -0.398287 0.080514 0.298105 -0.339729 -0.031876 0.020808 -0.122625 -0.100018 -0.268051 0.350694 0.008924 0.308546
-0.523822 -0.087904 -0.209308 0.402793 0.061708 -0.550949 0.432743 -0.460254 -0.092417 -0.386282 0.504655 0.109454 -0.227218 0.601173 0.023880 0.494209 -0.236421 0.025412 0.302974 0.176294 -0.019872 0.117140 -0.122660 -0.423050 -0.008524 0.112361
0.166534 0.121028 -0.189954 0.125815 -0.305136 -0.755784 0.324998 -0.660390 0.034397 -0.117221 1.105640 -0.303575 -0.627259 0.260611 -0.003941 0.362111 -0.331772 -0.294561 0.356183 0.532929 -0.046600 0.033710 -0.221500 -0.441062 -0.014589 0.106300
-0.287694 0.135171 -0.313845 0.311788 -0.401485 -0.732089 0.036380 -0.491511 0.265580 -0.336660 0.598665 0.194307 -0.154566 0.891634 -0.257074 0.537261 -0.426027 0.055299 0.410245 0.031075 -0.196745 0.083890 -0.076020 -0.107936 -0.016709 0.214235
-0.438325 0.038795 0.186765 0.405835 -0.085334 0.123734 0.079163 -0.303014 0.096021 -0.088927 0.138097 -0.003501 -0.154016 0.075975 0.029873 0.441110 -0.015160 0.060789 0.241622 0.103056 -0.003530 -0.048377 -0.021151 0.178215 -0.014187 0.053522
-0.183646 -0.107885 0.063884 0.074011 0.063847 0.091381 0.164128 -0.533831 0.038815 -0.122246 -0.101694 0.129982 -0.426928 0.437163 0.197543 0.446927 0.174206 -0.004090 0.021537 -0.232862 -0.023340 -0.043007 -0.014970 0.192493 -0.009720 0.086013
-0.265571 0.071588 0.065678 0.227255 0.049495 0.182708 0.335956 0.008462 0.079088 -0.097164 -0.137924 -0.129366 -0.275562 0.063233 0.185918 0.058300 0.076691 -0.012157 0.301872 -0.023742 0.065016 0.073108 0.051494 0.082229 -0.010336 -0.049640
-0.586201 0.242033 -0.216753 0.313005 -0.178170 0.258659 0.032695 -0.366213 0.034627 -0.390834 0.223247 0.789529 -0.348917 0.251917 -0.050710 0.211877 -0.108549 -0.016669 0.440584 0.109070 0.099409 -0.027434 -0.155930 0.108718 0.010407 0.077393
-0.700312 -0.109576 0.223315 0.007084 -0.034240 -0.158079 -0.325545 -0.467594 -0.013516 -0.585277 0.278501 0.509644 -0.556247 0.023368 0.216873 0.035213 0.287929 -0.319393 -0.077528 -0.089692 -0.059784 0.014316 -0.128322 0.126405 -0.006841 0.385008
-0.057358 -0.213202 -0.190555 0.067144 0.127734 -0.057404 0.324756 -0.035110 -0.044580 -0.129234 0.003619 -0.220719 -0.235551 -0.309456 0.455600 0.775727 -0.050604 0.047644 0.026268 0.241857 0.048155 -0.032523 -0.150969 -0.160150 -0.012426 -0.013898
0.026307 -0.177459 0.053262 0.319256 -0.221386 -0.706885 -0.346840 -0.034640 0.229164 -0.156201 0.441979 -0.332658 -0.026967 0.419607 -0.407409 0.548899 -0.262303 -0.083837 0.186890 0.319827 -0.147497 0.167419 0.129049 -0.205614 -0.018945 0.173593
-0.368193 -0.006144 0.179832 -0.228089 -0.193907 -0.043375 0.145956 -0.051612 0.381474 -0.721796 0.089502 -0.053381 -0.505924 -0.115271 0.099054 0.101683 -0.246423 -0.055726 -0.114572 -0.207752 -0.164702 0.084419 0.182003 0.141373 -0.018979 0.319885
-0.350192 0.183895 0.190954 -0.003845 0.117313 0.184809 0.729095 -0.156082 0.015914 -0.274342 0.218189 -0.171345 0.094940 -0.155415 0.140968 -0.045983 -0.023455 0.223574 0.340491 0.020806 -0.077394 -0.014239 -0.196696 0.011970 -0.013349 -0.116869
-0.283797 -0.281706 -0.222583 0.307424 -0.013061 -0.222628 0.921310 -0.573147 -0.066016 -0.307443 0.584263 -0.198518 -0.411403 0.123245 0.382625 0.782718 -0.196113 0.244580 0.368435 0.285638 -0.030430 0.011343 -0.161533 -0.283499 -0.013607 0.039234
-0.475457 -0.282240 -0.195788 0.044501 0.072825 -0.000467 0.367749 -0.403530 -0.087701 0.164666 0.083570 0.030083 -0.508232 -0.051346 0.167162 0.410863 -0.043603 -0.134993 0.133456 0.034527 -0.058053 -0.033410 0.007366 -0.089497 -0.006126 0.176372
-0.481014 0.060105 -0.165705 0.387624 -0.225271 0.129380 0.046977 0.058598 0.108417 -0.141399 0.424568 0.323569 -0.315989 0.077102 0.289495 0.346245 -0.463365 -0.170807 0.184267 0.411089 0.036589 0.049662 -0.111073 -0.002370 -0.011185 0.041952
-0.423390 0.282383 -0.259507 0.179388 -0.304342 -0.242546 1.125906 -0.724212 -0.153701 -0.656538 1.575500 -0.367998 -0.622307 0.532193 -0.116011 0.584702 -0.727883 -0.576109 0.139148 0.197771 -0.228813 -0.017189 -0.006332 -0.479670 -0.012186 0.170312
-0.080264 -0.140279 -0.003147 -0.003872 -0.261272 -0.110572 -0.489674 0.041899 0.075373 0.148293 0.023150 0.709339 -0.092643 0.312936 -0.175257 0.376064 0.083775 -0.159245 0.259411 -0.031724 0.065249 0.134751 0.043093 0.136306 0.010050 0.115304
-0.368360 0.229854 -0.322284 0.400511 -0.226176 -0.272009 0.889470 -0.904667 -0.056362 -0.423689 0.651446 0.229590 -0.482473 0.654506 0.085677 0.593420 -0.223630 -0.174469 0.942747 0.039394 -0.051668 -0.085753 -0.068520 -0.382290 -0.016676 0.043685
-0.041715 -0.148392 0.014867 -0.045832 0.118353 -0.174850 -0.372287 -0.091187 0.151871 -0.030894 0.298238 0.242860 0.048407 -0.004238 0.030837 0.186738 0.016025 -0.102121 -0.028747 0.234824 -0.014065 0.122051 0.065859 0.026175 -0.008805 0.005522
-0.688430 0.143516 -0.023946 0.320787 -0.080131 0.022824 0.038662 -0.084915 0.123909 -0.196338 0.238592 0.417063 -0.372597 0.047528 -0.122208 0.255375 0.220365 0.205626 0.292933 -0.102928 0.082105 -0.047660 -0.106979 0.009968 0.003997 0.104193
-0.479798 -0.144529 -0.709451 0.298011 -0.470523 -0.359541 0.140745 -0.449931 -0.145486 -0.224125 1.352098 -0.014902 -0.505565 0.211173 0.093634 0.567982 -0.298566 -0.677447 0.307179 0.555653 -0.006836 -0.069858 -0.003584 -0.262345 -0.006262 0.312510
-0.718498 0.325282 -0.264718 0.410383 -0.127651 -0.308334 0.371793 -0.420971 0.177629 -0.690149 0.988943 -0.242529 -0.409421 0.485702 -0.174563 0.768978 -0.706482 -0.329043 0.625970 0.185233 0.026154 0.003715 -0.052822 0.001509 -0.005185 0.136943
-0.325470 -0.329138 -0.234012 -0.049048 0.110157 0.198197 0.582926 -0.279581 -0.117255 0.055256 -0.018663 -0.059463 -0.507173 0.095466 0.287940 0.291240 -0.052259 -0.138986 0.117296 0.005709 -0.053208 -0.006070 -0.035776 -0.154313 -0.008591 0.104655
-0.330333 0.072197 -1.080794 0.482311 -0.581864 -0.397876 0.252595 -0.541320 -0.125293 -0.489096 1.839131 0.184645 -0.373562 0.712042 -0.094462 1.035513 -0.689139 -0.838211 0.206983 0.525498 0.025876 0.043284 0.146307 -0.515018 -0.013567 0.227179
-0.818304 0.028990 -0.063169 0.190701 0.175439 -0.293327 0.836079 -0.307506 0.066023 -0.282588 -0.069836 -0.285118 -0.581608 0.547550 -0.132469 0.169070 -0.394200 0.456767 0.517579 -0.115504 -0.233522 -0.065540 -0.233736 -0.043803 -0.018854 0.138971
-0.247697 0.094571 -0.177900 0.238521 -0.106864 0.222992 0.069638 -0.425921 0.031011 0.042113 0.371271 0.182346 -0.318224 0.316468 -0.105364 0.362735 0.156750 -0.005382 0.376847 -0.147427 -0.044506 0.063613 -0.045555 0.069281 -0.009456 0.012580
-0.716404 0.292903 -0.108061 0.396611 -0.200509 0.167506 -0.203375 -0.159444 -0.059056 -0.050931 -0.109477 0.350573 -0.436544 0.283535 -0.021029 0.182888 -0.184366 0.141287 0.325669 -0.005747 0.006312 -0.024388 -0.121488 -0.055180 -0.001014 0.154380
-0.244050 -0.163284 0.135449 -0.151693 -0.030895 0.022358 -0.202239 -0.198935 -0.088963 -0.243049 0.062573 0.020364 0.095685 0.204628 -0.006042 0.129553 0.297680 -0.121969 0.180825 -0.134542 -0.094889 0.048041 -0.086578 -0.108513 0.000433 0.170739
-0.599436 0.239926 -0.133905 0.698278 -0.138944 -0.270868 0.290449 -0.436621 0.169284 -0.424458 0.371420 0.086261 -0.237347 0.157158 0.147492 0.403367 -0.382647 0.024980 0.560999 0.442615 0.053387 0.150120 -0.118599 -0.126800 -0.001792 0.048201
-0.400777 0.182250 -0.154674 0.306941 0.070426 0.164396 0.328931 -0.112590 0.021726 -0.405397 0.480857 -0.368083 -0.298914 -0.286060 0.222491 0.403192 0.058674 0.053681 0.702394 0.055250 0.052379 -0.036811 -0.055109 -0.124092 -0.002647 -0.063001
-0.385752 -0.017015 0.064998 -0.139622 0.208683 -0.183807 0.394578 -0.189444 0.100422 -0.089339 0.188926 0.121398 -0.193385 0.375544 0.105318 0.038073 0.062779 0.118538 0.281301 -0.033700 -0.060588 -0.003287 -0.098576 0.029859 -0.004023 -0.026696
-0.262393 0.239926 -0.196594 0.841649 -0.090194 -0.732667 0.804356 -0.721274 -0.078332 -0.300784 0.985423 -0.191123 -0.271557 0.129033 0.224707 0.723198 -0.659668 0.253749 0.391857 0.495962 -0.052508 -0.068212 -0.488050 -0.369185 -0.032527 -0.064407
-0.741252 0.216892 -0.065465 0.500429 0.055891 0.066440 0.491390 -0.202815 -0.082242 -0.992274 0.179978 0.591282 -0.368559 0.261114 0.208654 0.138103 -0.118686 -0.093343 0.313276 -0.113921 0.007821 -0.106794 -0.105499 -0.066873 -0.015271 0.078268
-0.491051 -0.197431 -0.134977 0.312012 -0.013706 -0.524081 1.174557 -0.634088 -0.086995 -0.635580 0.656636 0.054612 -0.839551 0.292904 0.481229 0.835173 -0.036167 0.000783 0.791198 0.384105 -0.086929 -0.014828 -0.190343 -0.291944 -0.022365 0.080585
-0.477839 -0.167354 -0.095780 0.080146 0.038793 0.118272 0.476660 -0.490676 0.056961 -0.105146 -0.007374 0.130483 -0.471518 0.488279 0.108394 0.347908 0.005756 0.073966 0.220119 -0.259401 -0.083672 0.012937 -0.038447 -0.011038 -0.011622 0.138920
-0.047481 0.300934 0.154924 0.177220 -0.138314 -0.207583 0.683394 -0.367312 -0.007678 0.385689 0.847737 -0.168050 -0.555024 -0.302128 0.149178 0.292368 -0.309350 -0.160749 0.323964 -0.015636 -0.077858 -0.117639 -0.147971 -0.257567 -0.010733 -0.088636
-0.853634 0.006842 -0.126133 -0.333621 -0.177022 0.279460 0.038172 -0.455564 0.000183 -0.516971 0.292928 0.765662 -0.965370 0.607657 -0.077143 0.690702 0.093094 -0.389900 0.118122 0.237988 -0.104128 -0.179127 -0.436478 -0.067148 -0.009281 0.357791
0.090685 0.337233 -0.239120 0.667836 -0.344108 -0.998224 0.212776 -0.856013 0.081069 -0.365890 1.464872 -0.252454 -0.553323 0.177540 -0.308956 0.405189 -1.115755 -0.221226 0.705800 0.593695 -0.212571 0.026765 -0.515685 -0.576194 -0.027335 0.109237
-0.593163 0.079856 -0.168172 0.169177 -0.248616 -0.189443 0.072878 -0.057380 -0.138077 -0.331873 -0.032829 0.467528 -0.346781 0.265216 -0.136364 0.314832 0.019045 -0.273258 0.531299 -0.009487 -0.059990 0.077491 -0.055088 -0.189041 -0.002869 0.240070
-0.397002 0.010096 -0.061325 0.148575 -0.207446 0.186600 -0.416341 -0.257966 -0.099858 0.174193 -0.058064 0.201051 -0.101942 0.347443 -0.314298 0.241015 0.055073 0.040408 0.210275 -0.122426 0.019059 -0.050812 -0.015354 0.060317 0.000424 0.190476
-0.668011 -0.039409 -0.198520 0.293103 -0.174717 0.134923 0.212499 -0.135906 0.124576 -0.103432 0.210874 0.102001 0.140826 0.289379 0.134219 0.165644 0.078452 -0.140319 0.142572 0.043239 0.006943 0.038342 -0.093246 -0.020675 0.007108 0.125210
-0.499324 -0.025698 0.257944 0.143051 -0.070450 -0.026124 0.106974 0.151399 0.058897 0.196608 0.119845 -0.293195 -0.151296 0.089454 0.078031 0.169469 0.074688 0.005761 0.369556 -0.009427 -0.068083 0.035570 -0.100343 -0.121026 -0.004155 0.064162
-0.127794 -0.077215 -0.117389 0.478816 -0.268643 -0.236149 -0.050691 -0.256784 0.010706 -0.014956 0.169407 0.029441 -0.279791 0.330903 0.079922 0.679022 0.094629 -0.073103 0.180911 0.272440 -0.026226 0.039576 -0.049179 0.002926 -0.001054 0.097859
-0.486278 -0.198094 -0.203880 0.052975 0.113704 0.187972 0.268320 -0.499123 -0.302725 0.173767 0.069508 0.051733 -0.520585 0.084912 -0.017091 0.407397 0.104587 -0.065197 0.258510 0.183375 -0.004967 -0.140704 -0.073984 0.050682 0.002537 0.121593
-0.018879 0.243876 -0.340863 0.537140 -0.391126 -0.596927 0.819276 -0.533622 -0.063639 -0.086040 0.694081 -0.419244 -0.146523 -0.157392 -0.045458 0.670516 -0.650825 -0.121100 0.725010 0.552937 -0.084702 0.062641 0.007805 -0.209140 -0.022406 0.002677
-0.504157 0.149228 0.054388 0.298744 -0.320891 -0.267024 0.307346 -0.618348 0.240878 -0.062306 0.302130 -0.055752 -0.519190 0.456506 -0.102607 0.246421 -0.148161 0.083464 0.421162 -0.008238 -0.155953 0.115898 -0.120888 0.073985 -0.007402 0.216872
-0.147563 -0.488913 -0.130023 0.027325 -0.150198 -0.696132 -0.343695 -0.150303 0.053570 -0.107579 0.485500 0.484059 -0.087336 0.295444 0.036543 0.263596 0.280221 -0.380101 0.093353 0.279784 0.086541 0.111593 0.250023 -0.029192 0.008332 0.240893
-0.350015 0.129117 0.005583 -0.094662 0.180792 -0.053862 0.413556 -0.089212 -0.033479 -0.161010 0.030861 0.062879 -0.166233 0.175580 0.059950 0.132336 -0.190100 0.140315 0.527464 0.170117 -0.036450 -0.010006 -0.099414 -0.057219 -0.012005 -0.083634
-0.636585 -0.027054 0.020221 0.354080 -0.070628 -0.485060 1.036434 -0.574867 0.123729 -0.141988 0.200089 -0.437259 -0.403360 0.436301 0.117676 0.527385 -0.171499 0.079961 0.229142 0.090674 -0.323724 0.058532 -0.186698 -0.105129 -0.034295 0.167651
-0.669342 -0.030835 -0.146710 -0.290469 0.151860 -0.023956 0.012432 -0.330295 0.101710 -0.306283 -0.261082 0.019737 -0.400479 -0.017039 0.270445 0.463901 0.213286 0.256456 -0.115390 -0.453727 0.036416 -0.001440 0.173157 -0.004316 -0.000628 0.275631
