0.113718 0.006008 0.005120 -0.077841 -0.154403 0.112689 0.323537 0.040474 -0.019859 0.015987 0.330823 -0.115290 -0.277224 -0.085857 0.068950 -0.038216 -0.048839 -0.153918 0.100130 -0.264230 -0.037128 -0.003587 -0.026570 -0.125015 -0.002361 0.017613
-0.034626 -0.017865 -0.012941 0.006195 -0.117531 0.076982 0.147125 -0.010747 -0.003576 -0.036755 0.282219 -0.046900 -0.113369 -0.027816 0.019991 0.013446 -0.053168 -0.071302 0.020392 -0.105431 -0.019345 -0.001678 -0.005916 -0.074746 -0.001557 0.042910
-0.041273 -0.059149 -0.012600 -0.058986 -0.162803 0.086093 0.230194 -0.018402 -0.031708 0.037647 0.321660 -0.066329 -0.144779 -0.041515 0.043125 -0.025608 -0.046516 -0.084614 0.049639 -0.188849 -0.030058 -0.006958 -0.020449 -0.117883 -0.002710 0.070373
0.015847 -0.006604 0.016190 -0.139020 -0.201746 0.105025 0.248974 0.064248 -0.007424 -0.020066 0.254979 -0.036889 -0.125666 -0.040085 0.086078 -0.003429 -0.067747 -0.081233 0.057735 -0.125964 -0.021651 0.000938 -0.000873 -0.079516 -0.001394 0.044486
0.002021 -0.082455 -0.025055 0.021528 -0.128628 0.063255 0.270408 -0.045573 -0.035717 -0.020465 0.347210 -0.117961 -0.210915 -0.067510 0.039768 -0.036867 -0.077017 -0.063218 0.142374 -0.214928 -0.039343 -0.009910 -0.051076 -0.139459 -0.002828 0.058542
-0.060346 -0.058605 0.013893 -0.043540 -0.021087 0.061448 0.227188 0.031987 -0.013610 0.051110 0.192912 -0.115973 -0.139050 -0.095703 0.065496 -0.017600 -0.033158 0.031552 0.169866 -0.166009 -0.018262 -0.006571 -0.011192 -0.068802 -0.002510 0.007261
-0.011490 -0.014504 0.016010 -0.069531 -0.103111 0.082862 0.204019 0.048849 -0.000409 -0.030578 0.223607 -0.024885 -0.096612 -0.024962 0.080900 0.003911 -0.061598 -0.059463 0.013346 -0.080103 -0.014858 0.003892 0.000829 -0.064407 -0.000335 0.016074
0.007922 0.050335 -0.021764 -0.038321 0.027666 -0.003601 0.125192 -0.097541 0.000844 -0.038615 -0.000145 -0.033939 -0.039063 0.009495 0.073122 -0.017319 -0.029999 -0.008985 0.104700 -0.031041 -0.004894 -0.008915 -0.011738 -0.034294 -0.000566 -0.020185
0.013255 0.016216 -0.003467 -0.002726 0.022396 -0.016260 0.111274 -0.085724 -0.001792 -0.022241 0.009614 -0.026383 -0.028903 0.003987 0.051395 0.003879 -0.026433 0.022501 0.109707 -0.045231 -0.004317 -0.007421 -0.008802 -0.026239 -0.000652 -0.017817
-0.015446 0.027780 0.001515 0.000704 0.003246 0.005095 -0.024524 0.033284 -0.004608 -0.009279 -0.017583 -0.007595 -0.011698 -0.029494 -0.046870 -0.006520 -0.002601 0.036960 -0.003157 -0.048458 -0.001565 0.002116 -0.004918 -0.001215 0.000169 0.006177
0.008134 -0.064328 -0.002800 0.125518 -0.059950 0.081457 -0.016794 0.012932 -0.006547 0.110302 0.022698 0.053404 -0.063761 -0.122631 0.017330 -0.026283 -0.000478 0.013027 0.026801 0.011356 0.008355 0.010838 0.027967 0.014168 0.000727 0.004389
-0.062898 0.024995 -0.012409 -0.035109 0.133939 -0.021721 0.133187 -0.065964 -0.006844 0.011014 -0.067123 -0.007313 -0.081104 0.000356 0.066433 -0.022218 -0.011872 0.038521 0.123347 -0.015063 -0.002953 -0.006639 -0.017092 -0.020218 -0.000567 -0.042442
0.097538 -0.103141 -0.025615 0.024360 -0.097325 -0.025172 0.284866 0.043493 -0.026435 -0.010389 0.309219 -0.068032 -0.154611 -0.027256 0.074282 -0.117566 -0.030007 -0.082789 0.080009 -0.272164 -0.041955 -0.008202 -0.030263 -0.104053 -0.001536 0.023496
-0.018314 -0.032864 -0.017595 -0.019991 0.040446 0.051159 0.161600 -0.171121 -0.012630 0.114627 -0.091572 0.042043 -0.034405 0.013819 0.138877 -0.027412 -0.003961 -0.031829 0.055182 -0.039294 0.015960 -0.013601 0.019361 -0.009411 -0.000665 -0.015374
0.004916 -0.019935 -0.020398 -0.053552 0.094228 -0.022060 0.092099 -0.044652 -0.005857 -0.013424 -0.050953 -0.013870 -0.023226 -0.009882 0.051436 -0.003753 -0.006941 0.018526 0.099451 -0.052313 -0.000634 -0.008400 -0.005040 -0.023690 -0.000265 -0.025263
-0.076650 0.054574 -0.046957 0.028709 0.040960 0.065797 0.179408 -0.116021 0.013756 -0.035430 0.130732 -0.003932 -0.091797 0.020617 0.091378 -0.000819 -0.050997 -0.036687 0.087542 -0.026534 -0.000522 0.000760 -0.002903 -0.029296 0.001481 -0.031781
-0.045043 -0.126794 -0.019758 0.120071 -0.070835 -0.002127 0.163378 -0.071589 -0.022940 -0.075262 0.235209 -0.105623 -0.099300 -0.040495 0.032106 -0.032185 -0.065132 0.046529 0.142257 -0.102737 -0.025103 -0.001413 -0.047901 -0.085731 -0.002227 0.055949
-0.044765 -0.005928 0.015761 -0.042201 -0.107060 0.044754 0.130348 0.044778 -0.003515 -0.024699 0.168331 0.030829 -0.032950 -0.046166 0.063952 -0.014608 -0.007127 -0.038117 0.026518 -0.062712 -0.001538 0.001194 0.003313 -0.043314 -0.000663 0.024927
-0.099073 -0.024836 -0.017578 0.013075 0.063929 0.022173 0.156284 -0.114181 -0.016653 0.065922 -0.045399 0.013373 -0.077605 -0.035108 0.107369 -0.039339 -0.030442 0.032482 0.149936 -0.028074 0.005821 -0.010693 -0.006601 -0.020835 -0.000452 -0.011069
0.015954 0.008678 -0.020939 -0.043326 0.039492 -0.024129 0.088119 -0.118528 -0.011475 -0.002002 0.006856 -0.017046 -0.014507 0.001799 0.060619 -0.024347 -0.009650 -0.014989 0.089371 -0.012328 -0.003775 -0.008971 -0.016666 -0.020180 -0.000694 -0.013577
-0.077558 -0.064293 -0.010765 -0.007950 -0.025018 0.098702 0.116413 0.010641 -0.002339 0.091766 0.085563 -0.019696 -0.131988 -0.111758 0.038651 0.013853 -0.014681 0.003559 0.112025 -0.133255 -0.015940 -0.001754 0.011779 -0.027094 -0.001755 0.023379
-0.097647 -0.002822 -0.023787 -0.010074 0.135081 0.000671 0.147387 -0.142780 -0.026452 0.067301 -0.065923 0.012934 -0.067740 -0.029276 0.084825 -0.017638 -0.037723 0.029590 0.189004 -0.094474 0.001322 -0.016926 -0.015494 -0.026298 -0.000554 -0.028113
-0.159350 -0.075146 -0.074084 -0.148257 0.124191 0.021351 0.335154 -0.157306 -0.047838 0.069263 -0.112957 0.035909 -0.155877 -0.038150 0.219564 -0.035932 -0.021861 -0.041551 0.216733 -0.024849 -0.004717 -0.028674 -0.017985 -0.035882 0.000591 0.000484
-0.082609 -0.046188 -0.027363 0.033218 0.076334 -0.036352 0.198446 -0.168061 -0.025089 0.019285 -0.014678 0.003226 -0.065137 -0.011197 0.120867 -0.039969 -0.047642 0.016565 0.196374 -0.005731 0.000846 -0.017973 -0.020439 -0.044737 -0.000690 -0.010573
-0.077344 -0.009600 0.024345 0.014990 0.015751 0.016552 -0.037994 0.072377 -0.005554 0.032767 -0.062604 0.002949 -0.000642 -0.042831 -0.030869 0.037251 0.012943 -0.006906 -0.029172 -0.011226 -0.001636 -0.000856 0.001931 -0.000941 0.000137 0.016553
-0.031750 -0.028072 0.009003 -0.055595 -0.093212 0.052378 0.131147 0.015458 -0.012052 0.025008 0.172009 0.012340 -0.041876 -0.038243 0.053259 -0.010521 -0.008063 -0.043085 0.027983 -0.074283 -0.005549 0.000135 0.000643 -0.055655 -0.001075 0.025273
0.026759 0.069091 0.022142 0.094871 -0.028026 0.012148 -0.008549 -0.050460 0.009661 -0.006052 0.015393 0.057107 -0.032442 -0.044869 0.004952 0.029148 0.012026 0.006741 0.010930 -0.025236 0.000503 0.000023 -0.003467 -0.013114 -0.001289 -0.017241
-0.076977 -0.074782 0.008545 0.104698 0.005456 0.036121 -0.013810 -0.004133 -0.006087 0.079033 -0.015394 0.062120 -0.056918 -0.012479 0.033064 -0.008918 -0.002344 -0.002870 -0.025597 0.029190 0.004022 -0.004156 0.002786 0.009058 0.000416 0.014942
-0.079257 -0.081252 -0.060219 -0.085521 0.014259 0.028821 0.196324 -0.296667 -0.020641 0.097683 0.016543 0.065656 -0.042258 -0.031852 0.205189 -0.054198 0.012229 -0.048995 0.056304 0.074304 0.019938 -0.023370 0.011749 -0.017426 -0.000449 0.024546
0.026586 0.020021 -0.033887 -0.145761 0.096853 -0.017079 0.114210 -0.129018 -0.000100 -0.034800 -0.059504 -0.022861 -0.076275 0.031444 0.121472 -0.023239 -0.016766 -0.067333 0.004039 0.094622 -0.004292 -0.020627 -0.020847 0.006438 -0.000317 -0.023380
-0.027356 0.024341 0.014214 0.127104 0.021954 0.068139 0.011790 -0.012241 0.019639 0.003017 -0.003253 -0.015600 -0.009145 0.001315 0.041598 -0.023656 -0.037532 -0.023761 0.004191 0.037483 0.003366 0.002135 0.002585 0.006855 -0.000182 -0.030673
-0.042885 -0.078143 -0.021065 0.023133 -0.039623 0.016029 0.121472 -0.029598 -0.028304 0.067715 0.186768 -0.066525 -0.093411 -0.022804 0.021766 -0.024255 -0.010672 -0.038403 0.049580 -0.131714 -0.013681 -0.008757 -0.027417 -0.073459 -0.001843 0.036714
-0.068603 0.006282 0.000149 0.004974 -0.002915 0.022472 -0.044479 0.058791 -0.010902 0.020443 -0.059384 0.012569 0.025673 -0.044832 -0.026573 0.020253 0.007912 -0.006963 -0.013346 0.013607 0.002150 -0.003685 0.007664 0.005507 0.000054 0.015306
-0.040230 -0.078804 0.008779 -0.033268 -0.015664 0.041656 0.128871 0.045702 -0.011924 0.054769 0.139888 -0.069043 -0.104270 -0.047332 0.037653 -0.026060 -0.010281 0.015892 0.102669 -0.077967 -0.008918 -0.005680 -0.002920 -0.030818 -0.001597 0.009499
-0.108841 -0.017155 0.005289 0.018668 0.021862 -0.000734 -0.043672 0.000788 -0.005069 -0.011461 0.020995 0.069113 -0.041174 -0.040910 -0.001263 0.006873 0.021679 -0.023445 -0.004916 -0.027526 0.010921 -0.009676 -0.000852 -0.005292 0.000464 0.031190
-0.034078 -0.036639 0.000486 0.016969 -0.136524 0.050722 0.167736 0.000775 -0.027275 0.045938 0.236147 -0.049886 -0.142775 -0.041789 0.036106 0.017336 -0.039040 -0.067271 0.049809 -0.137432 -0.020306 -0.005203 -0.030534 -0.100879 -0.000865 0.051483
-0.025941 -0.032979 -0.028750 0.016820 0.047646 -0.020370 0.155959 -0.135962 -0.011274 -0.036808 0.015192 -0.021086 -0.061040 0.023647 0.110607 -0.034109 -0.017450 0.001530 0.112732 0.012475 -0.000071 -0.008813 -0.008590 -0.015269 -0.000549 -0.009946
-0.130692 -0.011542 0.011405 -0.093931 -0.085795 -0.040902 -0.097863 -0.058171 -0.014270 -0.058157 -0.153118 0.133867 0.074755 -0.015298 -0.028193 0.027205 0.080430 -0.024685 -0.052312 0.069444 0.002770 -0.021819 0.013214 0.007446 0.000631 0.103528
-0.037396 -0.089600 0.041460 0.164120 -0.084081 0.062479 -0.011196 0.068507 -0.027981 0.072260 -0.060928 0.009437 0.060444 -0.057196 0.052419 -0.096973 -0.012005 0.043525 -0.016681 -0.040998 0.015529 0.003321 0.025574 -0.013716 0.000088 0.027901
-0.066672 -0.098382 0.007272 0.049515 -0.043993 0.072158 0.023274 -0.054383 0.000578 -0.020516 0.082931 0.041390 -0.037487 -0.065467 0.012444 -0.019544 -0.050879 -0.003960 0.067549 0.020897 -0.000035 0.004967 0.006889 -0.009313 -0.000396 0.042508
-0.086812 0.025244 0.039306 -0.027855 0.006610 0.032558 0.046176 0.019323 0.023346 0.095466 0.021580 0.015051 -0.029798 -0.016770 0.023515 0.009385 -0.022758 -0.022939 0.003721 -0.021466 0.008389 0.005422 0.025334 0.009920 -0.000102 -0.006608
0.013887 0.010450 -0.004925 0.001322 -0.007649 0.019069 -0.019281 0.077777 0.001883 -0.047040 -0.016484 -0.025610 -0.034234 -0.003898 -0.043888 0.016636 -0.000822 0.043819 -0.017244 -0.033945 -0.004754 0.006009 0.007763 -0.001468 0.000337 0.003212
-0.186134 -0.192357 -0.036366 0.217664 -0.154555 0.134131 -0.103147 0.026881 -0.018628 0.116930 -0.018993 0.145127 0.073357 -0.060005 0.067287 0.006540 -0.031558 -0.042788 -0.055912 0.099580 0.021152 -0.009881 0.020637 0.039523 0.000897 0.092852
-0.011093 0.008781 -0.021238 -0.065324 0.047537 0.008090 0.056440 -0.062426 0.005486 0.008045 -0.047041 0.001468 -0.066618 0.013869 0.066376 -0.026580 -0.008514 -0.055299 -0.004962 0.046492 -0.000268 -0.015669 -0.008352 -0.010075 -0.000194 -0.004634
0.104623 0.019674 0.026243 -0.050447 -0.133144 0.095910 0.264500 0.128304 0.013222 0.031441 0.145500 -0.027030 -0.186189 -0.064441 0.113785 -0.045486 -0.016572 -0.114740 0.048706 -0.174448 -0.010436 0.014876 0.017118 -0.048576 0.000268 -0.015296
0.020724 0.003801 0.005645 -0.006139 -0.045804 0.042956 0.159040 0.025362 0.002807 -0.032324 0.169985 -0.038931 -0.048234 0.003149 0.078012 -0.012374 -0.047378 -0.012260 0.018732 -0.080670 -0.005467 0.002774 0.000868 -0.040341 -0.000130 -0.015925
-0.160277 -0.179979 -0.030829 0.135276 0.076046 0.013769 0.152611 -0.098316 -0.059145 0.019228 -0.049316 0.160694 0.091361 -0.071352 0.221898 -0.095829 -0.072611 -0.002486 0.072924 0.080290 0.034418 -0.016697 -0.011597 0.007144 0.000700 0.000734
-0.034689 -0.047787 0.013940 0.035448 -0.066256 0.035455 -0.033034 0.080553 0.008962 0.027899 0.001305 0.056444 -0.062094 -0.028097 -0.031912 0.022445 -0.021037 -0.015377 0.015988 -0.029332 -0.000798 0.000115 0.010957 0.003335 0.000198 0.035337
-0.014901 -0.111336 0.012134 0.104865 -0.122815 -0.024549 -0.023544 -0.019576 -0.023597 0.006958 0.074056 0.005667 -0.034495 -0.028441 -0.002870 0.006539 0.005593 0.007726 -0.039566 0.077674 -0.000986 0.001197 0.008968 -0.010671 0.000301 0.068665
-0.005518 -0.031278 0.001049 0.030423 -0.069170 0.026093 0.184467 0.029727 -0.017116 0.050189 0.218427 -0.055957 -0.087965 -0.058715 0.049564 -0.051011 -0.007408 0.012528 0.132571 -0.157930 -0.006312 0.003052 -0.008423 -0.060173 -0.000226 -0.002228
-0.062700 -0.094464 0.035515 0.101686 -0.064079 0.040185 0.061420 -0.043498 -0.021593 0.091011 -0.065374 0.109164 0.086861 -0.063419 0.143761 -0.071186 -0.039525 -0.005185 -0.046664 0.067892 0.032514 -0.000373 0.026568 0.004366 0.000332 0.019760
-0.120401 -0.095541 0.020467 0.021939 -0.104384 -0.023834 -0.090790 -0.111312 -0.016289 -0.004404 0.060978 0.079370 0.104349 -0.006504 -0.012893 -0.025124 0.054720 -0.039159 -0.063852 0.147313 0.001584 -0.027585 -0.017025 0.015974 -0.000216 0.093247
-0.074745 -0.034682 -0.063631 -0.046241 -0.054168 0.000881 0.149680 -0.220154 -0.013736 0.096460 0.000545 0.081420 -0.011991 -0.011862 0.137645 -0.022104 0.013310 -0.048890 0.050935 0.053755 0.010749 -0.017014 0.002122 -0.014355 -0.000580 0.035011
-0.018190 -0.006488 -0.013075 -0.051276 0.038887 0.016230 0.085015 -0.028065 0.002355 0.026650 -0.028759 -0.002749 -0.013607 -0.003194 0.049958 -0.001121 -0.016901 0.007377 0.072829 -0.030832 0.001441 -0.004404 0.000934 -0.010831 -0.000398 -0.016428
0.002819 -0.095849 -0.043941 0.034806 -0.025332 0.052209 0.159108 -0.036603 -0.001132 0.079689 0.219288 0.014254 -0.060256 -0.032115 0.055748 -0.048175 -0.064929 0.013871 0.099931 -0.035459 -0.000263 0.002731 0.009262 -0.039524 0.001145 -0.016517
-0.019165 -0.001249 -0.012592 0.029676 -0.054741 0.056242 0.118043 0.000834 0.005635 -0.040998 0.171252 -0.040275 -0.045538 -0.000611 0.038423 -0.020495 -0.060605 -0.027222 0.025150 -0.085845 -0.008009 -0.000488 0.003518 -0.039474 -0.000796 0.007869
-0.072061 -0.011886 0.001005 -0.087873 0.015475 -0.066964 -0.041586 0.044114 -0.018607 -0.045270 0.020118 0.026647 0.032896 -0.010873 -0.017172 0.008563 0.023901 0.021421 -0.018052 0.010402 -0.001611 -0.007438 -0.008678 0.005641 -0.000326 0.029467
-0.011453 -0.006192 -0.016190 0.007539 0.032857 -0.017661 0.104171 -0.089844 -0.007345 -0.024686 0.014946 0.003969 -0.057599 0.021832 0.064829 -0.032534 -0.007870 0.007008 0.066868 0.002970 0.002522 -0.007068 -0.005518 -0.018234 -0.000174 -0.010435
-0.027412 -0.035653 -0.019607 0.023429 0.050835 0.000833 -0.011575 -0.083632 0.004839 -0.051327 0.093336 -0.005098 0.014910 0.005365 0.009440 -0.005590 -0.023598 0.031740 0.006095 -0.002813 0.010996 -0.005543 0.017000 0.010244 -0.000448 0.000167
-0.052188 0.003903 -0.020668 0.003388 0.106109 0.004936 0.103656 -0.116885 -0.007477 0.063969 -0.035284 0.042464 -0.020331 -0.013072 0.073346 -0.009575 -0.043447 0.016794 0.112326 -0.063210 0.007045 -0.007303 -0.012747 -0.009334 -0.000018 -0.036824
-0.082487 0.030794 0.033008 -0.031221 0.026157 0.027857 0.051896 -0.001809 0.011746 0.084961 0.005101 0.037622 -0.032798 -0.014476 0.030956 0.011175 -0.014070 -0.018567 -0.000992 -0.037904 0.009693 0.000925 0.019402 0.005702 0.000265 -0.010695
-0.127492 -0.099803 -0.014532 0.099649 -0.018956 0.056690 -0.064416 0.045174 -0.010047 0.117756 -0.023097 0.100584 0.021429 -0.031177 -0.036718 -0.033477 -0.080265 0.020649 -0.004710 0.009181 0.002018 -0.006420 0.014144 0.021457 0.000269 0.035805
-0.052470 0.025359 -0.010690 0.031007 0.128419 -0.021568 0.098411 -0.084307 -0.011673 -0.004084 -0.041844 0.007271 -0.069983 0.010183 0.059666 -0.014986 -0.019662 0.036631 0.121905 -0.065026 0.002420 -0.006834 -0.017860 -0.021519 -0.000469 -0.041040
-0.087483 -0.039386 -0.018402 -0.015669 -0.052869 -0.030758 -0.033465 -0.053647 0.011055 -0.005845 0.060846 0.087306 -0.004547 0.013560 0.022358 -0.012594 0.006818 0.004239 -0.034190 0.053876 -0.002731 -0.011612 -0.013806 0.025359 0.000247 0.051427
-0.024797 0.001433 0.003137 -0.000117 0.004752 0.057952 -0.027591 0.050889 -0.004914 -0.046617 -0.012031 0.058423 -0.014760 -0.000908 0.007994 0.005482 -0.014160 -0.008818 0.010498 -0.033504 0.005566 -0.005039 0.000868 0.002378 0.000337 -0.000279
-0.022686 -0.033965 -0.031265 -0.017038 0.085066 -0.019430 0.140486 -0.113069 -0.020019 -0.022721 -0.049097 0.007782 -0.087269 0.029385 0.104186 -0.025782 -0.033847 0.010354 0.110160 -0.015766 -0.001593 -0.009963 -0.006198 -0.023503 -0.000710 -0.014556
-0.082197 -0.090229 -0.022382 -0.069337 -0.043514 0.016531 0.032630 -0.161835 -0.018352 0.055907 -0.057728 0.083267 0.045153 -0.013165 0.091844 -0.026880 0.018117 -0.036184 -0.004911 0.108191 0.010849 -0.013902 0.011617 0.016909 -0.000343 0.057763
-0.054717 -0.045577 -0.011382 0.065837 -0.094975 0.017605 0.053859 0.018919 -0.013577 0.122510 -0.079477 0.075795 -0.021091 -0.044656 0.081306 0.004157 0.001756 -0.045667 0.033301 -0.001147 0.007294 -0.010985 0.000409 0.015339 -0.000234 0.030001
-0.087052 -0.058465 -0.038981 -0.030463 0.046640 -0.037484 0.098736 -0.118899 -0.020412 0.057826 -0.061061 0.071550 -0.107649 -0.001945 0.072974 -0.000449 -0.007612 -0.038069 0.069926 -0.030025 -0.009742 -0.017470 -0.004944 -0.022601 -0.000539 0.031726
-0.027608 -0.038540 -0.008457 -0.043619 -0.026667 0.089790 0.111381 0.012783 -0.002782 0.056310 0.120021 -0.048302 -0.066230 -0.038002 0.043441 -0.019157 -0.001725 0.031638 0.077450 -0.072368 -0.005491 -0.001429 0.007654 -0.033951 -0.000993 -0.002313
-0.084983 -0.047167 -0.023722 0.059122 -0.060521 0.078275 -0.022786 -0.026531 0.010157 0.060948 -0.029670 0.122635 0.031292 -0.045514 0.026978 -0.008387 -0.047334 -0.025854 0.018839 0.022915 0.013372 -0.001038 0.025587 0.029274 0.000810 0.030343
-0.082621 0.059405 -0.013405 -0.019290 -0.055049 0.049901 -0.003001 0.021545 0.033391 0.054204 0.063980 0.037966 -0.017574 -0.028825 0.020361 0.005456 -0.027734 -0.060866 -0.024570 -0.050376 0.000450 0.010801 0.006496 0.005269 -0.001054 0.017541
0.009301 -0.026650 0.018460 -0.002615 -0.039451 0.016261 -0.016128 0.025750 0.011069 -0.029124 0.050824 -0.049355 -0.043868 0.013894 0.014207 -0.022914 -0.000369 0.010292 0.028667 -0.021562 0.002131 0.003361 0.004497 0.001789 -0.001653 0.018513
0.041200 -0.014515 -0.010222 0.057832 0.036692 0.025354 0.097324 0.015556 0.001950 0.083307 0.084072 0.042961 -0.152402 0.011092 0.038543 -0.062825 -0.044772 0.003184 0.097943 -0.086224 0.002042 0.008989 0.014377 -0.018940 0.000802 -0.048538
-0.106055 -0.028542 -0.011288 -0.081731 -0.074396 -0.021211 -0.085906 -0.098441 -0.006646 -0.060887 -0.119953 0.138892 0.075193 -0.047336 0.007235 0.000234 0.066059 -0.023131 -0.033628 0.151659 0.008283 -0.022147 0.003435 0.021585 0.001331 0.085610
-0.004446 0.007707 0.036278 -0.033503 -0.139256 0.027994 -0.020785 0.032241 -0.025711 0.006413 -0.016449 0.033211 -0.002917 -0.026966 -0.000980 0.003597 0.048168 0.002005 -0.045007 0.017991 0.007116 -0.010687 -0.008318 -0.004991 -0.000190 0.050197
-0.064808 -0.022493 -0.001973 0.022369 0.071308 -0.032528 0.119831 -0.093728 -0.013595 0.016485 0.009697 0.007663 -0.046462 -0.005662 0.059107 -0.020297 -0.010885 0.022009 0.099848 -0.024237 -0.000022 -0.010755 -0.017763 -0.023779 -0.000587 -0.012751
-0.063694 -0.072547 0.001938 -0.024347 0.016352 0.010529 0.057672 -0.002209 -0.016043 0.037000 -0.024306 0.057781 -0.024479 -0.026968 0.052154 -0.032938 -0.009202 0.017430 0.042219 0.013208 0.006216 -0.003331 0.004054 -0.001105 0.000706 0.012413
0.068073 0.031345 -0.005667 0.043886 -0.144606 0.090519 0.060348 0.157660 0.019689 0.037880 0.007275 0.037681 -0.069935 0.033116 0.043135 -0.026237 0.005069 -0.057900 -0.005185 -0.116598 -0.002104 0.006803 0.034560 0.011942 0.000349 -0.005894
-0.035869 -0.047022 -0.002268 -0.005641 -0.014509 0.027016 0.109319 -0.117524 -0.012358 0.029202 -0.039283 0.065489 -0.056344 -0.027620 0.104149 -0.034829 -0.035946 -0.017719 0.077318 0.000991 0.008231 -0.015125 0.001556 -0.015737 0.000398 0.018599
-0.078603 -0.000551 0.028914 -0.035476 0.011372 0.001163 0.026775 0.004240 0.010805 0.084778 -0.002986 0.058101 -0.014176 -0.009112 0.017582 0.018578 -0.008436 0.001138 -0.023196 -0.001646 0.009850 -0.000559 0.017487 0.008260 0.000159 0.002462
0.019562 0.039520 -0.018630 -0.068947 0.052546 -0.003043 0.089179 -0.124167 -0.003478 -0.029671 -0.096779 0.025206 -0.071386 0.034421 0.088681 -0.033456 -0.013027 -0.012989 0.055463 -0.011034 -0.000358 -0.013307 0.002371 -0.013875 -0.000062 -0.013847
-0.064642 -0.016241 -0.031654 0.028551 -0.010545 0.079749 0.084349 0.031640 -0.001163 0.070855 0.098369 -0.035225 -0.148279 -0.081955 0.051973 -0.006356 0.006943 -0.042822 0.070010 -0.125937 0.000367 -0.006237 0.014029 -0.000429 -0.001775 0.008161
-0.009173 -0.030102 -0.021224 0.026130 -0.010675 0.071696 -0.003729 -0.047739 0.010530 0.006423 0.130841 0.039921 -0.075291 -0.017546 0.006709 -0.028075 -0.012762 -0.029464 0.017871 -0.014375 0.004624 0.005476 0.007273 -0.006133 -0.000051 0.005090
-0.086397 -0.025367 0.018150 -0.014951 -0.054812 -0.034469 -0.094178 0.009359 -0.006588 -0.040682 -0.057814 0.088921 0.056416 -0.014417 0.018054 -0.021448 -0.012464 -0.001952 -0.063939 0.067176 0.012000 -0.014388 0.000527 0.006013 0.000558 0.060669
-0.217848 -0.172057 -0.004380 -0.014877 -0.300137 0.024489 -0.146841 0.214531 -0.033861 -0.047953 0.333208 -0.068996 0.046126 0.065706 -0.070270 -0.051726 0.149567 -0.015262 -0.041771 -0.098007 -0.025156 -0.008534 -0.023417 -0.030861 -0.002075 0.188025
-0.038147 0.022393 -0.000487 0.064782 -0.038712 0.019125 -0.055174 0.060695 0.019742 -0.008604 0.030692 0.060498 -0.065843 -0.031614 -0.029197 -0.000929 0.071862 -0.022442 -0.021745 -0.101740 0.007007 0.008605 0.029300 -0.023549 0.000199 0.022128
-0.064081 -0.046784 -0.022755 0.082186 -0.108533 0.029038 0.054026 -0.012046 0.001036 0.008538 0.142498 -0.013010 -0.063152 -0.032408 -0.016837 0.000783 -0.005567 -0.049478 0.017088 -0.055764 -0.008769 -0.000288 0.000613 -0.050851 -0.001219 0.058732
-0.134392 -0.085171 -0.035198 -0.053904 -0.025556 -0.036278 0.054942 0.027948 -0.023693 -0.060436 0.075463 0.001462 -0.047878 0.019762 0.052887 -0.035506 0.053961 0.002897 0.012659 0.034391 -0.009778 -0.016391 -0.015540 -0.015619 -0.001153 0.060715
-0.047245 -0.021814 0.049700 0.051553 0.000181 0.006360 -0.041124 0.021506 -0.011943 0.011769 -0.022606 -0.005750 -0.003536 -0.000846 -0.014495 -0.005405 0.004705 -0.014338 0.002423 -0.080546 0.003644 -0.004633 -0.011070 0.012694 -0.000599 0.023141
-0.099232 -0.039041 0.020340 0.035298 -0.158296 0.002891 -0.045222 0.159879 -0.018293 -0.088976 0.038163 -0.062374 0.016621 -0.045417 -0.012963 -0.010937 0.000461 0.049659 0.047748 0.036401 -0.004713 -0.001963 0.011772 -0.017158 -0.001391 0.077232
0.017272 0.032622 0.026529 0.003231 -0.070099 0.072613 0.002854 0.058193 -0.004434 0.059970 -0.011282 -0.019258 -0.031257 0.008648 -0.020325 -0.043764 -0.032511 -0.004092 0.021214 -0.101250 -0.006662 0.012374 0.011687 -0.030159 -0.000702 0.007297
-0.037876 0.023352 -0.001201 -0.022181 -0.054757 0.008219 0.058214 -0.097522 -0.000837 0.020147 -0.031025 0.066402 -0.025240 -0.013255 0.088513 -0.021668 -0.024577 -0.031317 0.017535 0.030800 0.004330 -0.012919 -0.006062 0.003613 -0.000450 0.022436
0.007532 0.017555 0.012286 0.036281 -0.090836 0.105518 -0.017754 0.171396 0.016550 0.068791 0.017379 0.065284 -0.091903 -0.037545 -0.027799 -0.033420 -0.046192 -0.014731 0.021124 -0.074087 0.011228 0.015106 0.030959 0.036853 0.001510 -0.003979
-0.055587 0.023977 -0.000004 -0.027921 -0.042212 -0.007303 -0.007015 -0.002379 0.001981 0.003900 0.012794 0.045068 -0.023962 -0.014010 -0.004056 0.010166 -0.036815 0.005029 0.008774 -0.018196 -0.003463 -0.010523 -0.000844 0.004618 -0.000447 0.028343
0.067026 0.025806 0.001228 0.030272 -0.090520 0.012634 0.019496 -0.030642 0.000666 0.025736 -0.015722 0.059383 -0.003968 -0.016224 0.020223 -0.016003 0.005975 -0.030242 0.021675 0.040236 -0.001907 0.000486 0.002642 -0.003380 0.000176 -0.001584
-0.071968 -0.014277 0.020922 0.033285 -0.016121 0.043847 -0.035163 0.063780 0.012853 0.035834 -0.015302 0.053490 -0.061082 -0.029262 0.002469 -0.020816 -0.009805 -0.003450 -0.061244 -0.030130 0.016344 0.002370 0.036465 0.006923 0.000925 0.022939
-0.000586 -0.059358 -0.017986 0.029998 -0.053414 0.038073 0.090453 0.027361 0.007405 0.043114 0.170793 0.005148 -0.064386 -0.052459 0.020999 -0.054388 -0.018921 0.004301 0.065773 -0.070874 0.001439 0.007049 0.017456 -0.028155 0.000383 0.004471
0.018620 0.009534 -0.031887 -0.018189 0.017885 -0.009454 0.092581 -0.088923 -0.007824 -0.030078 -0.023294 0.035810 -0.042201 0.030323 0.073311 -0.037898 -0.028096 0.006921 0.071887 0.002494 0.004021 -0.005815 -0.000458 -0.020769 0.000111 -0.013705
-0.171659 -0.067921 0.024979 -0.048361 -0.078876 -0.014577 -0.085674 0.119604 -0.026738 0.019879 0.030699 0.043074 -0.043076 -0.011885 -0.087208 -0.040926 0.023357 0.064849 0.000734 0.007385 -0.005118 -0.021746 -0.002167 -0.003971 -0.000209 0.089973
-0.053890 -0.110555 -0.004127 0.109158 -0.034551 0.045648 0.018616 0.017161 0.021370 0.019294 0.063151 0.015974 -0.016870 -0.034713 0.086285 -0.064756 -0.009131 -0.002077 -0.093821 0.041368 -0.010843 0.010383 -0.004907 0.028426 -0.001555 0.026640
-0.033315 -0.068337 0.037290 -0.007446 -0.069249 0.029263 0.003370 0.105555 0.006847 0.051938 0.057709 0.011423 -0.086048 -0.011712 -0.000967 0.002047 0.052742 -0.024331 -0.062538 -0.068563 -0.003599 0.006178 0.023275 -0.019864 -0.000240 0.042121
-0.059131 -0.051016 -0.002133 0.043795 -0.108292 0.054286 -0.046633 -0.060024 -0.005387 0.035136 -0.066577 0.164361 0.067518 -0.030554 0.036861 -0.004429 -0.029570 -0.027622 0.003149 0.076545 0.016504 -0.005136 0.025235 0.028774 0.000288 0.047746
-0.389726 -0.237695 0.019315 -0.015323 -0.304505 -0.024948 -0.211468 0.405366 -0.066886 -0.063370 0.329714 -0.000168 0.025468 0.024053 -0.124194 -0.039615 0.160016 0.034832 0.005835 -0.150544 -0.023717 -0.013030 -0.023358 -0.069487 -0.001476 0.241713
-0.068731 -0.035173 0.014037 0.035868 -0.011202 -0.006926 0.009431 -0.071956 -0.002750 -0.003623 0.008328 0.066712 -0.031245 -0.022085 0.006947 -0.034177 0.021189 -0.017437 -0.001824 -0.003303 0.007277 -0.009557 0.011540 -0.012171 0.000186 0.036543
0.013237 -0.037389 -0.047770 0.010759 -0.130069 0.005646 0.084396 -0.086411 -0.000043 0.079906 -0.013945 0.067268 -0.010174 -0.008954 0.108598 0.001516 -0.013044 -0.026796 0.016924 0.069302 0.007996 -0.008613 0.001656 0.002749 0.000025 0.030146
-0.031304 -0.022000 -0.014602 0.034169 -0.002457 0.009867 0.004192 0.025756 -0.005106 -0.015919 0.034998 0.010625 -0.039106 -0.028463 -0.009558 -0.022129 0.005371 0.001554 0.037559 -0.042818 -0.001468 -0.000670 0.001789 -0.006887 -0.000058 0.011915
-0.031702 0.005863 -0.024714 0.053731 0.011365 -0.032104 -0.038821 -0.033541 0.012812 -0.000081 0.041130 -0.013876 0.019695 -0.058290 -0.011582 0.037246 0.011445 -0.003220 -0.002717 -0.012662 0.003810 0.005367 0.001694 -0.000351 -0.000372 0.009557
-0.015401 -0.031013 -0.013837 -0.015830 -0.113038 0.081427 0.103222 -0.067299 -0.007884 0.155364 -0.042897 0.092807 -0.064196 0.003118 0.108227 -0.015509 -0.028286 -0.042057 0.056248 -0.038413 0.011490 -0.012989 0.022122 -0.018715 -0.000548 0.023894
-0.073821 -0.106386 -0.007786 0.070481 -0.025553 0.061465 0.075507 -0.040042 -0.007209 -0.053031 0.060670 0.033948 -0.041642 -0.072289 0.022582 -0.017968 -0.053757 0.016754 0.075593 0.005896 -0.004552 0.005054 -0.003773 -0.024749 -0.000016 0.037882
-0.095921 -0.076688 -0.023318 0.016815 -0.032099 -0.005057 -0.028594 0.006378 0.002958 0.025286 0.012363 0.066096 -0.008961 0.007482 0.033681 -0.022610 0.019078 -0.000670 -0.036330 0.066277 0.000095 -0.005959 -0.009438 0.032347 0.000220 0.042235
0.040148 0.059359 0.023616 -0.044183 -0.135980 0.026406 -0.036227 0.059866 0.016834 -0.057056 0.086545 0.034776 0.007819 0.005217 -0.031343 -0.001681 0.026722 0.015705 0.009838 -0.009252 -0.004634 0.005449 -0.015788 -0.001239 0.000035 0.017669
-0.049304 -0.016623 -0.016213 0.008946 0.055384 0.006377 0.101056 -0.095881 -0.006242 0.021415 0.003578 0.014531 -0.036144 -0.014675 0.070260 -0.023631 -0.014325 0.016389 0.095590 -0.021648 0.004600 -0.004270 -0.008327 -0.009924 0.000020 -0.014734
-0.118023 -0.008880 0.029528 0.069931 -0.149833 -0.024802 -0.019333 0.095599 -0.014611 0.019406 0.067749 0.008593 -0.041036 -0.024601 -0.047036 -0.042607 0.048147 -0.024227 -0.020604 -0.071988 0.001730 0.002665 0.028180 -0.024902 0.000295 0.083523
-0.028064 -0.020614 -0.017363 -0.062732 0.057883 0.027842 0.051006 0.049943 0.007700 0.030529 -0.030484 0.020531 -0.049363 -0.009959 -0.003805 -0.015680 -0.027852 0.011990 0.058950 -0.020153 -0.004363 -0.000077 0.009587 -0.004732 -0.000278 -0.017515
-0.064908 -0.048387 0.012211 -0.003712 -0.058547 0.063311 0.067891 -0.012054 0.013573 0.012956 0.068433 0.008653 -0.058742 -0.050995 0.052126 -0.007666 0.016583 0.042402 0.081155 -0.028594 -0.009520 0.000206 0.008193 -0.027210 -0.001163 0.025959
-0.070129 -0.047312 0.049765 0.094400 -0.197205 0.018304 -0.035165 0.041790 -0.006504 -0.026187 0.051700 0.031066 0.040300 -0.033212 0.003550 0.003037 0.065634 0.028799 -0.088538 -0.096218 0.012188 -0.012685 0.032227 -0.033067 -0.000426 0.095954
-0.101921 -0.120356 -0.016956 0.064593 -0.042749 0.166589 0.175037 0.045728 -0.001542 0.071844 0.170895 -0.021122 -0.189397 -0.115316 0.058476 -0.060065 -0.074639 -0.017480 0.184332 -0.152251 -0.014713 -0.002278 0.011715 -0.021324 -0.001985 0.023891
-0.042639 -0.023533 -0.000015 0.049726 -0.032447 0.002483 0.021113 0.021307 -0.005996 -0.023315 -0.005712 -0.018800 -0.054986 -0.023001 0.011718 0.012790 0.014969 0.014186 0.049578 -0.035394 0.000076 -0.006453 -0.012551 -0.010118 -0.000563 0.026438
-0.041446 -0.025017 0.018096 -0.024054 -0.003923 0.012364 -0.046992 0.006379 0.005175 0.007511 -0.065282 0.092773 -0.014718 -0.000608 0.009636 -0.005009 0.000224 -0.012700 -0.015291 0.011234 0.011478 -0.005943 0.008224 -0.002489 0.001693 0.022985
0.002773 -0.010151 -0.018415 -0.025664 0.051261 -0.018472 0.120910 -0.118835 -0.011931 0.012343 0.018148 -0.016537 -0.031352 0.020177 0.058770 -0.002256 -0.016019 -0.000806 0.094882 -0.051743 -0.004773 -0.010148 -0.008029 -0.018583 -0.000696 -0.016354
0.034487 0.021454 0.051108 -0.118642 -0.105321 0.120557 0.264987 0.131939 0.018693 -0.031394 0.108862 0.007579 -0.131394 -0.046875 0.143083 -0.001874 -0.068748 -0.074577 0.046854 -0.081046 -0.001950 0.006498 0.023697 -0.023803 0.001008 -0.018555
-0.100415 0.021153 0.000412 -0.061140 -0.056130 0.059729 -0.073293 0.072790 -0.032970 0.089377 -0.079978 0.027662 0.031054 0.008215 -0.025497 -0.066460 -0.020920 0.013697 -0.023174 0.009531 0.007779 0.000832 0.024025 -0.009366 -0.000261 0.036548
-0.033744 -0.012563 0.035802 -0.001276 -0.116074 0.057720 -0.184893 0.237815 0.021112 0.043666 0.050519 0.007830 -0.111536 0.148839 -0.078900 0.040161 0.086890 -0.055026 -0.138666 -0.103345 0.002147 0.014322 0.024085 -0.002895 0.001856 0.054532
-0.051442 -0.057544 -0.002140 0.003804 -0.009569 0.005628 -0.064795 0.050057 -0.012279 0.021670 -0.031371 0.092677 -0.024740 0.002586 -0.035693 -0.011587 -0.045311 -0.000902 0.005090 -0.051668 -0.008398 -0.010409 -0.005463 0.011242 -0.000114 0.036217
0.029604 0.043996 0.024963 -0.024815 -0.204219 0.043703 0.009109 -0.011400 0.020654 0.106297 -0.025112 0.117847 -0.018393 -0.037541 0.021064 0.006256 -0.010871 -0.008182 -0.009449 0.033408 0.003446 -0.001361 0.022432 0.009665 0.000169 0.035847
-0.026714 -0.061564 0.004742 0.015371 -0.052460 0.069683 -0.042935 0.010342 0.005737 0.013079 0.103873 -0.006657 -0.062020 -0.012309 -0.007698 -0.012009 0.010388 -0.022417 -0.025488 0.016315 0.002218 0.003063 0.016272 0.010411 0.000455 0.033749
0.013297 -0.007087 0.018188 0.021638 0.006514 0.056962 -0.013200 0.044033 -0.006384 0.007729 -0.063139 0.046609 -0.044589 0.020988 0.004609 0.033293 -0.038837 0.018142 0.060729 -0.058673 0.005867 -0.001048 0.002804 0.006098 0.000589 -0.014358
-0.053106 0.036495 0.040636 0.050253 0.004635 0.021295 0.043868 -0.011157 0.012537 0.000597 0.042013 -0.037851 0.011857 -0.006739 0.040221 0.005473 -0.030821 -0.022068 -0.018467 -0.027483 0.006769 0.005259 -0.003854 -0.000458 0.000014 -0.008615
-0.246137 -0.160306 -0.096051 -0.083384 0.208561 -0.027155 0.430802 -0.209770 -0.079656 0.052314 -0.278770 0.091693 -0.135943 -0.115458 0.274640 -0.064859 0.013346 0.030803 0.322432 -0.019599 -0.002988 -0.041375 -0.021154 -0.031512 0.001250 0.005873
-0.017707 -0.034143 -0.021290 -0.020935 0.000111 0.005531 0.013985 -0.006086 -0.015674 -0.000849 0.040600 0.031392 -0.025517 -0.020301 0.005764 0.022136 0.035377 -0.013298 0.023173 -0.028457 -0.003487 -0.003732 -0.008349 -0.019080 0.000391 0.012627
-0.007863 -0.004758 0.036135 0.028389 -0.004521 -0.025374 -0.052123 0.035074 0.013520 0.023065 -0.021467 0.020264 -0.056130 -0.018334 -0.026848 0.030356 0.016947 -0.020145 -0.035974 -0.017336 0.004177 -0.002529 0.011249 0.005946 0.000414 0.015372
0.008478 -0.035645 -0.021228 -0.021340 0.016822 -0.027195 0.082108 -0.044046 -0.008614 -0.000280 0.031712 -0.044104 -0.014676 0.015994 0.039702 -0.006871 -0.024589 0.018521 0.073355 -0.019800 -0.008475 -0.001306 -0.006134 -0.022601 -0.000782 -0.002993
-0.002297 -0.078443 -0.019832 0.018194 -0.007615 -0.064623 -0.017521 0.066582 -0.017838 -0.055646 0.039797 -0.018376 0.030620 0.060388 -0.013395 -0.008446 0.054607 0.045325 -0.016274 -0.043762 -0.007276 -0.007059 -0.004199 -0.026512 -0.000188 0.023607
0.003591 -0.007868 0.006537 0.016437 -0.055469 -0.021813 -0.022923 -0.014644 0.020188 -0.062865 0.064428 -0.009804 -0.010853 -0.030532 -0.008885 0.002326 0.015197 -0.001285 -0.033888 0.027128 -0.002180 -0.000980 0.008894 0.001646 -0.000811 0.031464
0.028570 0.068092 0.022474 0.055503 -0.093083 -0.004726 0.000820 -0.011984 0.008096 -0.032214 0.012695 0.031715 0.003399 -0.016515 0.005065 0.020294 0.023952 -0.004583 -0.002145 0.001789 -0.001926 0.004613 -0.008563 -0.004003 -0.000962 0.005484
0.052125 0.024468 0.005665 -0.088480 -0.011223 -0.009201 0.103120 -0.045399 0.011061 -0.015790 -0.030126 -0.051583 -0.080356 0.017396 0.067383 -0.022120 0.007830 -0.074154 -0.024511 0.037449 -0.008759 -0.016894 -0.005266 -0.012463 -0.000555 0.002525
-0.049212 0.041742 0.035567 -0.026212 -0.101669 0.025980 -0.050410 -0.069568 0.008376 0.005660 -0.045961 0.072231 0.040451 -0.026672 -0.026234 0.027332 0.037365 0.014276 -0.032915 0.038439 0.000109 -0.002675 0.007155 0.005923 -0.000020 0.047240
-0.034766 -0.070569 -0.010783 0.069471 -0.019731 0.041652 -0.008351 -0.062022 0.008910 -0.013830 0.119425 0.015449 -0.072835 -0.036503 -0.005199 -0.021961 -0.045249 -0.003546 0.035170 0.005271 0.003585 0.004446 0.011026 -0.003236 -0.000396 0.029219
-0.026963 -0.022968 0.011051 0.049170 -0.068406 -0.026604 -0.007885 -0.015879 0.005725 0.023866 -0.016754 0.063389 -0.008380 -0.029683 0.022753 0.004456 -0.006985 -0.012374 -0.025359 0.035116 0.010844 -0.001548 0.007671 0.013707 0.000066 0.032832
0.030277 0.020283 -0.003267 -0.065611 0.038321 -0.003027 0.076023 -0.052690 0.006264 -0.018421 -0.035186 -0.043308 -0.048515 0.028231 0.065318 0.005640 -0.003978 -0.050656 0.012608 0.024250 -0.003989 -0.011246 -0.014970 -0.003046 -0.000747 -0.015597
-0.021988 -0.032692 -0.018570 0.013108 -0.002363 -0.003162 0.091366 -0.092995 -0.007811 0.004522 0.050281 -0.004615 -0.045067 0.007490 0.064839 -0.038063 -0.010910 0.009700 0.071057 0.002797 0.002115 -0.006476 -0.002310 -0.016500 -0.000278 0.005245
-0.188958 -0.193927 -0.054247 0.206446 0.097898 0.056378 -0.048154 -0.039987 -0.019601 0.026986 -0.041553 0.107773 0.113071 -0.062752 0.032176 -0.018421 -0.025922 0.029686 -0.021566 0.092184 0.019155 -0.000139 0.019788 0.053045 0.000669 0.020169
-0.021397 0.062025 0.019738 -0.012956 -0.137010 0.011196 -0.030585 0.023812 -0.007276 0.008855 -0.002753 0.020127 0.011276 -0.020427 0.000436 0.023861 0.000732 -0.008104 -0.070488 0.023543 0.007949 -0.006509 0.004733 -0.008941 0.000314 0.042629
0.009896 -0.024487 -0.028372 -0.011377 -0.003698 -0.014271 0.094541 -0.101971 -0.011285 0.011795 0.038729 0.002769 -0.037690 0.022154 0.078664 -0.047328 -0.038399 0.009011 0.073162 -0.001833 0.003274 -0.009711 -0.000866 -0.020019 -0.000508 -0.000927
0.000291 -0.065645 -0.002998 0.063040 -0.082939 0.031456 0.009744 -0.030446 -0.007511 0.047905 -0.010299 0.110449 0.033979 0.004841 0.083671 -0.046318 0.020616 -0.029511 0.007448 0.030074 0.022960 -0.001171 0.001282 0.011997 0.000565 0.016468
-0.071733 0.000296 0.013893 -0.026851 -0.053452 0.076264 0.125663 0.022215 -0.000686 0.026165 0.171748 -0.015593 -0.098216 -0.039115 0.051498 -0.024083 0.001260 0.030988 0.064853 -0.102391 -0.002773 -0.001025 0.002468 -0.027368 -0.000532 0.007740
-0.053428 -0.011875 0.033800 -0.007886 -0.013539 -0.006478 0.015252 -0.001882 0.004255 0.048426 0.019719 0.055154 -0.030055 -0.010347 0.026081 0.008545 -0.013379 0.018940 -0.007129 -0.030918 0.012626 0.000240 0.012325 0.001863 0.000249 0.012442
0.012788 -0.028450 -0.005809 -0.084425 -0.082521 0.022409 -0.037923 -0.117157 0.001590 -0.008020 0.017733 0.089443 0.096349 -0.014818 0.039034 0.022504 0.009789 -0.019006 -0.020214 0.083336 0.014036 -0.014051 -0.000979 0.022156 0.000643 0.035164
-0.079594 -0.087380 0.026817 0.077738 -0.021351 0.065441 0.047123 -0.012117 -0.000061 -0.034939 0.052220 0.009616 -0.004401 -0.075202 0.021229 -0.035008 -0.054080 -0.001909 0.046645 0.017741 -0.003500 0.004793 -0.001071 -0.012533 -0.000536 0.030155
-0.066203 0.022397 0.030202 -0.026258 0.012302 0.011253 0.032374 0.014794 0.017743 0.080357 -0.005048 0.033798 -0.003253 -0.012987 0.009998 0.010614 -0.015977 -0.015013 -0.025353 -0.003197 0.007471 0.001648 0.018536 0.011933 -0.000073 -0.007034
-0.071039 -0.085926 0.001811 0.089782 -0.102135 -0.008936 0.112457 -0.023929 -0.018124 -0.007394 0.151116 -0.054519 -0.067433 -0.049063 0.026019 -0.008306 -0.042830 0.008947 0.070830 -0.049295 -0.010215 0.001073 -0.022503 -0.069931 -0.000824 0.061755
-0.124636 -0.070606 0.042945 -0.024241 -0.106456 0.015305 -0.088126 0.096921 -0.021076 0.034485 0.027494 0.073639 -0.043111 -0.035965 -0.030282 -0.059552 0.012255 0.035018 -0.013192 -0.034962 -0.000991 -0.021025 -0.004848 0.003010 -0.000125 0.086760
-0.099722 -0.023377 0.025883 0.091701 -0.037505 0.033928 -0.022731 0.096099 -0.004509 0.034957 -0.027311 0.099721 0.013254 -0.004071 -0.019677 -0.025532 -0.032074 -0.001342 -0.000927 -0.045854 0.012670 0.002548 0.024252 0.013525 0.001244 0.018715
-0.007977 0.031139 0.030093 0.059372 -0.063487 0.011422 -0.021538 -0.010025 0.016156 -0.006061 0.049086 0.062821 -0.050545 0.007330 0.012676 -0.001571 0.028576 -0.020425 -0.054672 -0.034520 0.014290 0.003316 0.005958 0.007715 0.000935 0.015615
-0.055997 -0.065018 -0.017228 -0.062008 0.059299 -0.011763 -0.026305 -0.012472 -0.016116 -0.021418 0.004789 0.060911 0.029494 -0.016721 -0.015970 -0.029457 -0.028450 0.023147 0.063953 -0.003296 0.002297 -0.008244 0.005213 -0.006028 0.000493 0.013833
0.002002 0.023921 0.020972 0.048396 -0.129645 0.037713 -0.004189 -0.051607 0.012327 0.023132 -0.082074 0.066337 -0.008849 0.000936 0.076336 -0.003276 -0.008698 -0.011260 -0.010668 0.045438 0.016060 0.007786 0.025816 0.003619 0.000602 0.030334
-0.005599 -0.034816 0.012890 0.051984 -0.011035 0.047975 0.058442 -0.100889 -0.021407 0.020962 -0.004446 0.070458 -0.012039 -0.054298 0.064996 -0.043597 -0.041571 -0.023897 0.052339 0.033083 0.013607 -0.001015 0.015720 -0.008961 -0.000275 -0.000524
-0.078667 -0.043574 -0.004015 -0.072625 -0.159196 -0.020543 -0.121757 -0.069427 -0.006498 -0.052123 -0.144695 0.149883 0.093709 -0.021799 -0.027099 0.040296 0.073207 -0.031220 -0.078571 0.089076 0.009042 -0.023405 0.013860 0.026558 0.000896 0.121711
0.157444 -0.058972 -0.008862 0.098177 0.039368 -0.070632 0.093347 0.038702 -0.041469 -0.084523 -0.037547 -0.046354 0.016687 0.046275 0.031560 -0.020353 0.031883 -0.008788 0.106563 -0.114864 -0.018623 -0.014253 -0.040649 -0.016749 0.000136 -0.042476
-0.005437 0.056744 -0.013603 -0.016467 -0.097098 0.015024 -0.028642 -0.054311 0.022834 -0.033637 0.044610 0.101144 -0.086509 -0.033701 -0.015244 -0.039178 0.073963 -0.036059 -0.031534 -0.016495 0.008343 -0.007243 -0.004432 0.023071 0.000704 0.041390
-0.015130 0.009871 0.000130 0.016222 -0.081645 0.010779 -0.007004 0.062866 -0.001593 0.012307 0.020263 0.002918 -0.005806 -0.030994 0.002612 -0.019000 0.015397 0.007102 -0.020238 -0.026300 -0.000489 0.001637 -0.001871 -0.020228 -0.000314 0.024700
-0.105405 0.000040 0.041139 -0.005097 -0.174403 -0.054492 -0.090722 -0.062289 0.012984 0.002259 0.057198 0.075995 0.031590 -0.008747 -0.014803 0.026072 0.080781 -0.040050 -0.062730 0.137355 0.000063 -0.016941 -0.005864 0.002656 0.000291 0.094946
-0.106218 -0.025059 0.025795 -0.110395 -0.003235 0.100280 0.156433 0.008805 0.005513 0.083157 0.062486 -0.014391 -0.139360 -0.015187 0.107520 -0.045588 -0.030667 -0.062781 -0.018693 -0.046941 0.005855 -0.003838 0.016864 -0.019222 -0.000488 0.018227
-0.004521 0.042207 -0.013298 -0.016512 0.055776 0.013859 0.087547 -0.065276 -0.004707 -0.039095 -0.052141 -0.025521 -0.035933 -0.006750 0.036728 -0.002863 -0.042694 0.006577 0.107665 -0.048899 -0.005487 -0.013755 -0.009571 -0.028985 -0.000380 -0.021555
-0.075790 -0.025865 -0.010706 0.052210 -0.045101 0.034621 -0.040587 -0.057007 0.000894 0.022196 -0.049936 0.131388 0.070291 -0.011091 0.029681 -0.006961 -0.027275 -0.005892 -0.001720 0.075332 0.016195 -0.006660 0.018288 0.027586 0.000786 0.023115
-0.022332 -0.015939 -0.008648 0.031972 -0.024980 0.005807 -0.006012 -0.000052 0.006673 -0.063648 0.156950 -0.093990 0.056091 0.069525 0.042371 -0.087373 0.005061 0.060631 -0.033822 0.020688 0.001743 0.002039 -0.012244 0.009696 -0.000019 0.001567
-0.007096 -0.013765 0.001698 0.014155 0.003465 -0.010265 0.040646 -0.023988 0.002131 -0.040237 0.011362 -0.007721 -0.025597 -0.002648 0.034586 -0.005425 -0.001157 0.012352 0.044609 -0.008739 -0.000884 -0.007967 -0.007274 -0.018233 0.000009 0.003059
-0.082986 -0.083868 -0.005830 0.116729 -0.072861 0.034645 -0.060822 0.009438 -0.004530 0.059347 0.013921 0.096536 0.035823 -0.014079 -0.012398 -0.024853 -0.077975 -0.002856 -0.023802 0.018474 0.007518 -0.003344 0.021528 0.000282 0.000136 0.046921
-0.078938 -0.048596 -0.020778 0.040727 -0.103230 0.053065 -0.031794 -0.040894 0.008379 0.034421 -0.027959 0.119809 0.054684 -0.046968 0.029952 0.006269 -0.048823 -0.041735 0.005687 0.061895 0.007970 -0.002269 0.016944 0.031880 0.000414 0.051671
-0.166123 -0.080984 -0.001401 -0.042229 -0.152518 -0.004903 -0.030007 0.249003 -0.034623 -0.042116 -0.111622 0.097316 -0.028130 0.050491 0.008884 -0.014728 0.036180 -0.000848 -0.081818 0.059084 0.020487 -0.004280 0.013873 0.005238 0.001970 0.102441
-0.037561 0.022419 -0.020621 -0.029067 0.074427 -0.000526 0.096063 -0.081299 0.002211 -0.002719 -0.066614 0.023258 -0.053430 -0.009408 0.063498 0.001851 -0.000786 0.011982 0.088541 -0.001214 0.003036 -0.008030 -0.008151 -0.008713 0.000166 -0.023576
-0.100860 -0.040328 0.016177 -0.001729 -0.041447 -0.051574 -0.059329 -0.092461 -0.012133 0.012422 -0.026196 0.090388 0.056140 -0.004586 -0.003597 -0.011509 0.036047 -0.007405 -0.035418 0.074989 0.004362 -0.019052 -0.010235 -0.000975 0.000546 0.061814
-0.001032 -0.039922 -0.024945 -0.037486 0.136670 0.008019 0.142729 -0.159315 -0.006872 -0.024928 -0.173796 0.009865 -0.045972 0.007281 0.126292 -0.069410 -0.048437 0.008034 0.157258 -0.039813 0.018359 -0.008999 0.021467 -0.017058 -0.000552 -0.027340
-0.018950 0.026569 0.005079 -0.023556 0.036047 -0.006346 0.076287 -0.039597 0.004544 0.026730 -0.032703 -0.013181 -0.048355 0.005667 0.046489 -0.027439 -0.003878 0.032040 0.065198 -0.004159 -0.003388 -0.003577 -0.011689 -0.005006 -0.000136 -0.020781
-0.066296 0.072696 -0.000478 0.013335 0.046010 0.009694 0.043418 -0.042474 0.005776 -0.051493 -0.021952 0.045256 -0.056482 -0.036762 0.004992 -0.034437 -0.022159 0.027431 0.079672 -0.036663 0.001558 0.003985 0.000168 -0.009934 0.000411 -0.012442
-0.081104 0.034308 0.024652 -0.064563 -0.143375 -0.003440 -0.061433 -0.029202 -0.013126 -0.038930 -0.105245 0.083547 0.046751 -0.013121 -0.023110 0.019778 0.007600 -0.016122 -0.008144 0.010532 0.007799 -0.008424 0.026090 -0.016410 -0.000093 0.088804
-0.158552 -0.147358 -0.027937 0.200827 -0.158628 0.112983 -0.117403 0.049406 -0.004721 0.052074 0.100328 0.115384 -0.007127 -0.033845 0.032490 -0.013592 -0.057021 -0.053481 -0.104113 0.074247 0.016186 -0.004896 0.015297 0.008153 0.000089 0.095274
-0.030041 -0.081366 -0.000209 0.030672 0.021293 0.018404 -0.006372 0.024458 -0.003686 -0.005405 -0.078540 -0.010442 -0.005554 -0.015724 0.004088 0.058125 0.022215 -0.001601 -0.018020 -0.030762 0.006519 -0.002570 0.022342 0.002748 -0.000585 0.023912
0.064925 0.091120 -0.001062 -0.063181 0.171424 0.022827 0.052157 -0.107335 -0.003000 0.009832 -0.228756 0.055066 0.030042 -0.053197 0.043351 0.030824 0.040400 -0.020660 0.002570 0.010588 0.016248 -0.009981 0.000765 0.027036 0.001121 -0.081798
-0.070527 -0.004511 -0.012306 -0.005608 -0.006430 -0.028479 0.051576 -0.053496 -0.001993 -0.046448 0.072544 0.005432 -0.036765 0.032657 0.054353 -0.035875 0.018445 0.005376 0.035531 -0.006058 -0.005674 -0.015265 -0.020150 -0.010750 -0.000805 0.020333
-0.161257 -0.221217 -0.044945 0.282583 -0.224038 0.152269 -0.138200 0.059431 -0.004978 0.132117 0.134475 0.112997 0.030275 -0.053439 0.020827 -0.006461 -0.018586 -0.056927 -0.068771 0.021796 0.014548 0.003716 0.023177 0.011118 -0.000625 0.115037
-0.073780 -0.060101 0.009154 0.092842 -0.123867 0.052282 0.103337 0.052092 0.009690 0.082270 0.084869 0.027589 -0.062231 -0.087163 0.046038 -0.041416 -0.056972 -0.023930 0.119116 -0.104649 -0.003411 0.001320 0.007911 -0.026735 -0.001093 0.039266
-0.078892 -0.041344 -0.019066 0.045465 -0.055516 0.006276 -0.016909 0.016501 0.009117 0.011320 0.056660 -0.012238 0.006381 -0.020778 0.004331 -0.006928 0.012570 0.016984 -0.043911 0.040470 -0.002191 -0.000332 0.002681 0.008509 -0.000161 0.038911
-0.123288 -0.029214 -0.017201 -0.019782 -0.053224 0.027013 -0.132394 0.150866 -0.014937 0.032226 -0.063061 0.109588 0.003711 -0.060495 -0.056991 -0.005138 0.008424 0.045945 -0.003271 0.021339 -0.000433 -0.009029 0.002619 0.021970 0.001212 0.049543
-0.039322 0.025856 0.001031 0.000937 0.050558 -0.014179 0.081791 -0.046346 -0.010519 -0.026053 -0.038993 -0.011044 -0.042724 -0.001596 0.023532 0.018315 -0.047554 0.036961 0.126134 -0.085825 -0.007064 -0.013795 -0.011605 -0.024381 -0.000448 -0.010392
-0.026825 -0.066927 -0.014775 0.032160 -0.003248 -0.042229 -0.031909 -0.011008 -0.013048 -0.009276 -0.015152 0.044397 -0.033341 0.030145 -0.001340 -0.032510 -0.000958 0.003063 0.022640 0.003543 -0.000602 -0.010544 -0.000256 -0.002307 0.000176 0.031659
-0.007144 -0.075614 -0.032687 0.065095 -0.042126 0.055275 0.079303 0.055474 0.003321 -0.021766 0.042868 -0.019966 -0.052426 -0.043477 0.027199 -0.015008 -0.051531 -0.007641 0.065375 -0.061725 -0.006785 0.009875 0.003585 -0.034203 0.000161 0.017699
-0.016368 -0.033305 0.007911 0.045252 -0.066091 -0.008870 -0.009726 0.010566 0.015182 -0.002605 0.000725 0.051479 -0.010654 -0.043285 0.006896 0.020543 -0.012136 -0.000936 -0.012140 0.019092 0.007753 0.002947 0.012705 0.022633 0.000429 0.030208
-0.061248 0.046747 0.011830 0.048491 -0.063594 0.017168 -0.058390 0.055322 0.024716 0.006203 0.058639 0.077864 -0.033428 -0.031519 -0.039444 0.011243 0.030697 -0.028106 -0.042623 -0.064878 0.003318 0.012792 0.026393 -0.008059 -0.000178 0.025161
-0.078428 -0.039521 -0.017082 0.009717 -0.006569 -0.037966 -0.039871 -0.023436 -0.022312 -0.015227 0.037227 0.019821 0.040391 0.011271 -0.001152 -0.015807 0.035980 0.006568 0.003771 -0.001970 -0.002706 -0.010487 -0.013134 -0.011888 -0.000344 0.036289
-0.128121 -0.186370 -0.062202 0.081304 -0.006404 -0.045585 0.062282 0.032953 -0.045954 -0.084895 0.092353 -0.011222 0.000266 0.002971 0.069590 -0.058366 0.006500 0.013467 0.018704 0.035173 0.008389 -0.010614 -0.000114 -0.029217 -0.000251 0.063583
-0.024644 -0.116738 -0.008460 0.147601 0.006472 -0.026095 0.106103 -0.035009 -0.014886 -0.066343 0.124772 -0.102179 -0.034804 -0.014542 0.043709 -0.013303 -0.032182 0.050131 0.115056 -0.047389 -0.012485 0.004206 -0.033962 -0.038395 -0.001734 0.013804
0.112611 -0.019501 -0.069457 0.114025 0.219981 0.108712 0.169354 -0.297105 0.038654 -0.005104 0.208290 -0.216865 -0.116339 0.073210 0.053671 -0.064346 -0.145939 -0.051166 0.245490 0.029735 -0.014249 0.005953 -0.030839 0.033042 0.000498 -0.122977
-0.050214 0.000229 0.038318 0.009422 -0.039138 0.054647 0.035813 0.020348 0.008755 0.084007 -0.050879 0.060197 -0.007292 0.002863 0.041624 -0.000444 -0.002612 0.000245 -0.018247 -0.024679 0.007793 0.000818 0.026142 0.001635 0.000326 0.003263
-0.079333 -0.000907 -0.015548 0.039640 0.123391 -0.040199 0.197183 -0.175214 -0.033258 0.033209 -0.094363 0.018030 -0.084224 -0.041804 0.101747 -0.042417 -0.057446 0.017928 0.247682 -0.094395 0.004899 -0.022456 -0.021366 -0.059683 -0.000750 -0.025019
0.002592 0.013329 -0.001794 -0.023748 -0.016240 0.031733 0.025226 0.000166 -0.006592 -0.035935 0.016294 -0.030356 0.022750 -0.000652 -0.009523 0.006358 0.016504 0.017760 0.028839 -0.047882 -0.000043 0.000505 0.010326 -0.015478 -0.000122 0.002043
-0.192858 -0.138696 -0.047422 -0.001409 0.083871 -0.003554 0.155969 -0.089652 -0.049161 0.093347 -0.102621 0.095135 -0.123812 -0.021099 0.100158 -0.024909 -0.012336 -0.000300 0.158271 -0.062091 -0.005342 -0.023450 -0.001289 -0.038807 0.000292 0.041751
-0.026107 -0.003662 -0.006798 -0.003966 -0.227285 0.135232 -0.009083 0.296518 0.032866 0.082524 0.080120 0.129377 -0.165369 0.069655 0.008839 -0.069830 0.067585 -0.063608 -0.072697 -0.193086 -0.005120 0.018672 0.063768 -0.010165 0.001355 0.050019
-0.056845 -0.044430 0.021857 -0.000888 -0.003771 -0.049020 -0.049323 -0.021013 -0.013640 -0.024826 0.045635 0.028506 0.008816 -0.008099 0.000196 0.005195 0.040198 0.006018 -0.026417 0.014419 0.005326 -0.010108 -0.008226 -0.006486 -0.000678 0.036357
-0.210126 -0.272984 -0.036602 0.272063 -0.249118 0.163422 -0.144113 -0.003048 -0.018995 0.155224 0.083404 0.208528 0.071720 -0.061354 0.046420 -0.006723 -0.024902 -0.057226 -0.055462 0.112769 0.026268 -0.011078 0.015855 0.034660 0.000717 0.138291
-0.167408 -0.090403 0.011950 -0.056981 0.134784 0.027630 0.197397 -0.267991 -0.045505 0.016059 -0.063680 0.115932 -0.069765 -0.036448 0.162359 -0.048913 -0.069930 0.010115 0.141565 -0.011035 0.007251 -0.039111 -0.008583 -0.039576 -0.000268 0.016316
-0.031715 -0.040041 -0.028424 -0.062347 0.071788 -0.015748 0.094713 -0.090132 -0.005827 -0.030573 0.013377 -0.019462 -0.061597 0.012844 0.045527 0.005482 -0.046012 -0.000029 0.087415 -0.061106 -0.013920 -0.016741 -0.011233 -0.006682 -0.000969 0.006607
-0.068854 -0.061673 -0.003080 -0.060348 0.027237 -0.030614 0.000341 -0.037112 -0.025852 0.021941 -0.017916 0.012119 -0.011394 -0.006190 0.009686 0.001323 -0.023937 0.043214 0.030666 0.027417 -0.003296 -0.012981 -0.004048 -0.002821 0.000394 0.029925
0.003298 0.044383 -0.026397 -0.069028 0.120285 0.033485 0.094708 -0.073283 -0.001810 -0.015910 -0.152851 -0.028858 -0.039434 0.019844 0.073031 -0.040975 0.005227 0.003254 0.099786 -0.007613 0.003744 -0.013103 0.000713 -0.004113 0.000116 -0.046795
0.000227 -0.033459 -0.003995 -0.006475 -0.151134 0.067372 0.012873 0.104268 0.023805 0.060384 0.025080 0.065132 -0.075485 0.018023 0.019349 -0.054195 0.009661 -0.007659 0.012403 -0.060784 0.007306 0.018215 0.038431 0.003237 0.001005 0.037613
0.021654 0.043424 -0.013165 -0.101195 0.073121 -0.003511 0.060741 -0.081817 -0.003342 -0.014072 -0.077753 -0.012988 -0.015425 0.038527 0.080195 -0.031805 -0.020737 0.000988 0.035280 0.028156 0.002917 -0.011470 -0.009160 0.007262 -0.000213 -0.031079
-0.106056 -0.029178 0.012765 0.078992 -0.121240 0.014383 -0.046963 0.047176 0.012203 0.059495 0.104232 0.025507 -0.045271 -0.053826 0.011668 0.028495 0.051873 -0.013798 -0.080197 -0.000346 0.013263 0.005372 0.014805 0.002313 0.000568 0.061344
-0.019932 -0.041258 -0.010092 0.030810 -0.059476 -0.000846 0.005563 -0.016343 0.001100 0.026709 0.082197 -0.014975 -0.025270 -0.015431 0.025093 0.031405 0.048508 -0.025966 0.027553 -0.007890 -0.005853 -0.003376 -0.017049 0.009736 -0.000436 0.025789
0.001600 -0.014805 -0.007366 0.011101 0.028157 0.017108 0.073293 -0.020572 -0.007604 0.009821 -0.010319 -0.026853 -0.047392 -0.013271 0.060954 -0.039441 -0.019951 0.001380 0.073500 -0.012559 0.001804 -0.002799 -0.005512 -0.007822 -0.000533 -0.016401
-0.074884 0.024248 -0.006957 0.030147 0.136187 -0.015853 0.112983 -0.044089 -0.003484 0.021543 -0.030124 0.005419 -0.122363 -0.012141 0.058297 -0.044842 -0.012998 0.032840 0.132036 -0.046876 -0.000420 -0.005992 -0.022231 -0.012158 -0.000104 -0.045196
-0.112794 -0.045380 -0.038314 -0.027022 0.069779 -0.013667 0.154098 -0.124031 -0.016947 0.010956 -0.031693 0.019864 -0.063170 -0.026284 0.105343 -0.002949 -0.013272 -0.022867 0.118818 0.019682 -0.003854 -0.014075 -0.008062 0.000538 -0.000032 0.008055
-0.000113 0.044150 0.019754 -0.032789 -0.126252 0.018100 -0.023160 0.004504 -0.011261 -0.006385 -0.017305 0.032074 0.012521 -0.023699 -0.003867 0.038570 0.007656 -0.013259 -0.069444 0.038085 0.005728 -0.007347 0.010793 -0.009659 0.000258 0.041619
-0.102162 -0.125575 0.002257 0.119213 -0.095641 0.148821 0.246418 0.004232 0.006989 0.120225 0.224080 -0.013210 -0.274954 -0.109800 0.106157 -0.060692 -0.076502 -0.032632 0.201012 -0.180435 -0.021110 0.001664 0.014574 -0.044083 -0.002778 0.034180
-0.049517 0.005681 0.024276 0.054318 -0.060440 -0.011775 -0.079015 0.110508 -0.004376 -0.005997 0.054532 -0.016418 0.035999 -0.056895 -0.054427 0.013037 0.067249 0.021049 -0.079205 -0.011040 0.001963 0.000891 -0.001261 -0.010611 0.000899 0.029020
-0.020870 0.019842 -0.005383 0.050915 -0.031714 0.000723 0.011964 0.024913 -0.003001 0.001949 0.004337 0.014681 -0.034155 -0.033430 -0.000953 -0.018492 0.002793 0.006394 0.035503 -0.035239 0.001075 -0.001372 -0.000143 -0.006252 -0.000113 0.006645
-0.003035 0.024040 0.007830 0.019997 0.005672 -0.017240 0.067336 -0.082085 0.005004 -0.017256 0.041251 -0.010274 -0.022025 0.015373 0.043595 -0.007290 -0.015983 0.022386 0.078548 -0.044346 -0.002369 -0.009613 -0.011090 -0.011757 -0.000633 -0.010881
-0.077161 -0.001342 -0.055308 -0.040109 -0.041060 -0.117584 -0.062481 0.169905 -0.039406 -0.080953 -0.120759 -0.005680 0.097092 0.046713 -0.032978 -0.036254 0.107860 0.007067 0.010810 0.005427 -0.014702 -0.009985 -0.025264 -0.007408 -0.000585 0.047607
0.007801 0.040195 -0.039801 0.086461 0.110280 0.012316 0.189364 -0.113286 0.026264 -0.111074 0.172396 -0.115057 -0.090731 0.005237 0.068358 -0.012497 -0.091090 -0.006656 0.067570 -0.023121 -0.010338 -0.000180 -0.017153 -0.023665 0.000177 -0.060141
-0.017965 -0.029080 0.005154 0.065439 0.023646 -0.004348 -0.044295 -0.055935 -0.026499 0.023435 -0.079862 0.080402 0.055145 -0.008749 0.035024 -0.047500 0.008643 -0.008897 -0.015323 0.004824 0.015775 -0.005207 0.011299 -0.005984 0.000791 0.003946
-0.031862 -0.010094 -0.003733 0.002886 0.045641 0.009588 0.080053 -0.078391 -0.001565 0.055865 -0.054941 0.038642 -0.064288 -0.003266 0.068310 -0.039695 -0.011653 0.028845 0.096905 -0.007294 0.002428 -0.005220 -0.003931 -0.001516 0.000602 -0.017836
-0.107627 -0.037754 0.013407 -0.001875 -0.104117 0.014468 -0.045453 0.131216 -0.023550 -0.034537 -0.012197 0.043645 -0.057725 -0.024117 -0.019080 -0.039550 -0.016564 0.010045 0.037954 0.016762 0.008232 -0.005146 -0.000456 -0.024944 0.000721 0.069456
-0.076430 -0.049481 0.011190 0.165861 0.044092 -0.008406 -0.070103 0.029905 -0.017747 -0.043315 -0.018634 0.044567 -0.006414 -0.017065 -0.026687 -0.019016 -0.044678 -0.018866 0.024592 0.002338 0.005592 -0.009145 -0.004258 0.006901 -0.000443 0.012240
-0.057806 0.005690 0.001084 0.041526 -0.015801 0.068208 0.000106 -0.029598 -0.000127 -0.068280 -0.022351 0.072759 0.028890 -0.028418 0.067086 0.000789 -0.019745 -0.013960 0.033800 0.017841 0.013153 -0.001195 0.009390 0.010486 0.000424 0.005048
-0.111537 -0.114806 -0.027184 -0.188724 0.017959 0.101022 0.047909 -0.147815 -0.030390 0.059132 -0.077945 0.093207 -0.010289 -0.028026 0.092207 -0.055882 0.047661 -0.027344 0.072955 0.071813 0.007021 -0.025533 0.012775 0.015778 0.000644 0.050434
-0.075129 -0.060990 -0.008914 0.035211 0.017866 0.006867 0.015236 0.022426 -0.017328 0.020542 0.068528 0.011245 0.050284 0.015958 0.019918 -0.037002 0.014627 0.001229 -0.027614 0.006976 0.003785 -0.003086 -0.004332 -0.002246 -0.000303 0.005413
-0.023559 0.004397 -0.018536 0.042943 0.044421 0.003019 0.032583 -0.023093 -0.001869 -0.035325 0.014612 0.016511 -0.037279 -0.018503 0.003466 -0.021070 -0.014537 -0.004431 0.073792 -0.035198 0.000316 -0.001696 0.001380 0.000725 0.000515 -0.012327
-0.039746 -0.081294 -0.026530 0.023380 -0.057958 0.072872 -0.001540 -0.213919 -0.010939 0.083653 0.005827 0.175869 0.115148 -0.026032 0.149659 -0.099175 -0.047896 0.009454 0.046146 0.125863 0.040394 -0.010436 0.004189 0.034665 0.001548 0.013159
-0.016033 -0.032124 0.017656 0.005411 -0.068397 -0.023446 -0.006561 -0.023087 -0.015482 0.011134 0.011203 0.030098 -0.002676 -0.006844 0.017348 0.017271 0.038193 -0.011454 -0.009417 0.027418 0.004256 -0.009422 -0.011654 -0.007585 0.000055 0.036105
-0.120340 -0.060176 -0.005627 -0.048681 0.017109 -0.028099 0.012489 -0.004837 -0.015412 -0.033141 0.001756 0.015246 -0.059042 -0.005184 -0.004485 0.025077 -0.055644 0.018477 0.046737 -0.041185 -0.017073 -0.016923 -0.020406 0.006868 -0.000215 0.055853
-0.047995 -0.038423 -0.008460 0.026117 -0.031144 0.020973 0.125792 -0.089698 -0.005880 0.023409 0.047901 -0.027053 -0.075307 0.003850 0.087299 -0.049493 -0.018153 0.001257 0.087719 0.004997 0.002127 -0.003232 -0.000247 -0.014657 -0.000306 0.015620
0.014215 0.023640 0.027140 -0.022681 -0.160988 0.027447 -0.028104 0.019826 -0.018026 0.032267 -0.049078 0.044607 0.009005 -0.047714 -0.014315 0.022078 0.048073 -0.005649 -0.061309 0.043552 0.010108 -0.005837 0.005620 -0.004427 -0.000221 0.050232
0.005730 0.105556 0.022229 0.113995 -0.096908 0.142532 0.088325 -0.056543 0.024342 0.018190 -0.056078 0.061582 -0.044833 -0.002422 0.082759 -0.038573 -0.016506 -0.002599 0.000935 -0.193041 0.033514 0.016066 0.042040 -0.039589 0.000408 -0.007481
0.017957 -0.059936 -0.011702 -0.016469 -0.045269 0.042933 -0.048896 0.067553 -0.031130 0.034592 -0.093220 -0.003814 0.009240 0.023848 -0.036895 0.007604 0.024060 -0.004261 -0.004029 -0.049233 -0.003512 -0.004450 0.004925 -0.005262 -0.000466 0.032271
-0.038800 0.051833 -0.000202 0.012750 -0.140182 0.031424 -0.024385 -0.060022 0.004275 0.010162 -0.101179 0.088272 0.025303 0.029790 0.072629 -0.008101 0.025384 -0.028093 -0.030189 0.047936 0.017601 -0.009829 0.027179 0.021472 0.001015 0.044026
-0.013108 0.016265 -0.043607 -0.062103 0.052282 -0.016745 0.113962 -0.097438 -0.009425 0.001029 -0.020464 0.034915 -0.058134 -0.000318 0.082611 -0.020998 -0.057846 -0.030105 0.103372 -0.001128 -0.001663 -0.008246 -0.002791 -0.021253 -0.000544 -0.016298
-0.006520 0.019128 0.000107 -0.034283 -0.098828 -0.003117 -0.019061 0.097624 -0.015150 0.023375 0.016079 -0.011400 -0.000891 0.022129 -0.010598 0.000955 0.060371 -0.014746 -0.029415 -0.016559 -0.002607 -0.003332 -0.009524 -0.012679 -0.000280 0.027164
-0.065426 -0.046843 0.006783 -0.029050 -0.056280 -0.022507 -0.064999 0.043859 -0.038735 0.003758 0.002153 0.024424 0.027948 -0.033466 -0.036328 0.015519 0.076070 0.008430 -0.028195 0.002939 -0.001153 -0.013263 -0.013367 -0.015113 0.000576 0.056899
-0.067514 -0.021062 0.002673 0.136733 -0.012968 0.024061 -0.084856 0.038181 -0.011507 -0.025536 0.001174 0.041326 -0.006591 -0.010814 -0.039933 0.005657 -0.032531 -0.042703 0.027331 -0.002585 0.006158 -0.004156 0.005177 0.007490 0.000116 0.021449
-0.132020 -0.047210 0.029609 -0.029673 -0.065585 -0.023091 -0.114567 -0.047004 -0.000492 -0.032015 -0.099192 0.129674 0.053085 -0.051499 -0.008238 0.027405 -0.001419 0.033262 0.010684 0.118403 0.013336 -0.008757 0.007662 0.016603 -0.000008 0.079642
-0.068783 -0.095248 0.040352 0.067253 -0.273903 0.105849 -0.039702 0.085491 -0.024302 0.123292 -0.105670 0.052123 -0.032740 -0.124256 0.001522 -0.034517 -0.013696 -0.045772 -0.033644 0.069020 0.016644 0.000530 0.031951 -0.019817 0.000712 0.121461
-0.029303 0.030818 -0.000952 0.063154 -0.014479 0.077367 -0.008319 0.099718 0.011428 0.009996 0.017720 0.048335 -0.050591 -0.018365 -0.002832 -0.016367 -0.004643 -0.033413 0.000221 -0.048489 0.008180 0.012957 0.011106 0.007965 0.000849 -0.016143
-0.028936 -0.143459 -0.073254 0.158314 -0.006513 0.019441 0.142122 -0.046890 -0.000361 0.006523 0.191878 -0.074792 -0.054184 -0.030984 0.053086 -0.047157 -0.069124 -0.017368 0.069517 -0.025667 -0.010200 0.006753 -0.013478 -0.050081 -0.000233 0.013734
-0.089987 -0.101597 0.002101 0.112348 -0.128884 0.079207 -0.069191 0.136382 -0.007239 0.051138 0.010384 0.029266 0.003689 0.002767 -0.008095 -0.001642 -0.011396 -0.013904 -0.052627 -0.031694 0.005721 0.006102 0.018813 -0.007602 -0.000451 0.066359
-0.066562 -0.035693 0.006645 0.138233 0.046293 0.000969 -0.050110 0.000221 -0.015550 -0.040696 -0.061971 0.049657 0.011430 -0.030658 -0.000780 -0.005271 -0.020551 0.002842 0.028480 0.009131 0.009889 -0.008995 0.003911 0.013049 -0.000156 0.004995
-0.012933 -0.021343 0.020094 -0.008774 -0.027079 0.019365 0.019058 0.004114 0.017932 0.077074 -0.097539 0.073248 -0.025197 -0.017838 0.060766 0.048165 -0.058558 -0.009702 -0.089126 0.047896 0.011274 -0.002432 0.031744 0.028947 0.000047 0.009634
-0.048483 -0.054308 -0.005460 0.037339 -0.018850 0.007702 -0.028685 -0.036858 0.000447 0.009714 -0.028078 0.073697 -0.045739 -0.022054 0.006817 -0.031291 0.035718 -0.007036 0.020745 -0.029147 0.004594 -0.005003 0.013127 -0.014752 -0.000363 0.039158
-0.061816 0.021136 -0.003391 -0.033557 -0.025864 0.053938 -0.029848 0.046709 -0.016408 0.055869 -0.021189 0.039799 -0.003405 -0.001800 -0.003577 -0.057533 -0.001233 0.020487 -0.007063 -0.045503 0.006168 0.002476 0.014301 -0.003044 0.000139 0.013320
0.009818 -0.016668 0.018800 -0.030397 -0.022012 0.050169 0.030839 0.049406 0.013276 0.046656 -0.071637 0.061242 -0.047730 0.037492 0.056098 -0.026606 -0.010926 -0.034648 -0.041687 -0.016123 0.009838 0.004955 0.017350 -0.006294 0.001660 -0.001046
0.042172 -0.048236 0.026237 0.050384 0.044604 0.063552 -0.013875 -0.032615 0.012030 -0.021175 0.022708 -0.004783 -0.041122 0.038664 0.004320 -0.021439 -0.024528 -0.014098 -0.058742 -0.012258 -0.001254 -0.006539 0.011242 -0.017255 -0.000212 -0.011539
0.020276 0.030650 0.014283 -0.067029 -0.077072 -0.000800 -0.025863 -0.043037 0.001652 -0.040103 -0.047391 0.034631 0.028987 0.012806 0.006814 0.066846 0.020444 -0.003711 -0.007910 0.014289 0.007659 -0.009513 -0.003413 0.015695 0.000680 0.029270
-0.140322 -0.141536 0.041558 0.276748 -0.163459 0.081224 -0.045530 0.133939 -0.027963 0.169228 0.042322 0.046508 -0.096782 -0.090762 -0.013265 -0.041858 -0.008967 -0.065736 -0.049972 -0.026359 -0.001784 -0.003655 0.004516 -0.028833 0.000104 0.086306
-0.016830 -0.079999 -0.006088 0.097141 -0.147484 0.086229 0.131260 -0.016854 0.002375 0.055940 0.175094 0.028998 -0.205179 -0.113365 0.049754 -0.040679 -0.021327 -0.008961 0.106075 -0.128963 -0.015349 -0.007661 0.027533 -0.032775 -0.002171 0.051558
-0.039443 -0.005275 0.026142 0.031355 -0.024842 -0.008637 -0.025715 0.012603 -0.011189 0.028044 0.114225 0.020931 0.002533 -0.036475 -0.008947 -0.022586 0.039456 0.012628 -0.039313 0.041043 0.002843 -0.006097 -0.003549 0.002827 -0.000415 0.005035
0.006433 0.015875 -0.002791 -0.006580 -0.123002 0.093037 -0.008554 0.127293 0.030251 0.057862 0.038066 0.051307 -0.096325 0.058150 0.017600 -0.028915 0.029126 -0.034534 -0.043321 -0.121319 0.000769 0.011091 0.043235 -0.001917 0.000934 0.020113
-0.036307 0.004806 0.023790 0.024506 -0.098388 0.024277 -0.019184 -0.022780 0.003131 0.050292 0.006557 0.054746 -0.008053 -0.033152 -0.006962 0.005984 0.005300 -0.017373 -0.036405 0.010617 -0.003488 -0.004727 -0.000999 -0.000875 0.000090 0.040157
-0.097466 0.007937 0.016567 0.012650 -0.064416 0.014184 0.011548 -0.057343 0.019023 0.055086 0.013574 0.098832 -0.042543 -0.058479 -0.001933 -0.005838 0.011331 -0.018041 -0.013220 -0.011341 0.011356 -0.006781 0.009909 0.008279 0.000019 0.044750
-0.014773 -0.012937 0.009778 0.034199 -0.039113 0.093321 -0.031409 0.208827 0.010364 0.073041 -0.023612 0.110868 -0.092280 -0.036371 -0.049821 -0.043294 -0.073545 0.022176 0.076419 -0.104521 0.007830 0.014961 0.030521 0.030988 0.001388 -0.012724
-0.095895 -0.061720 0.003312 0.006573 -0.070232 -0.012666 0.047366 0.053240 -0.020293 -0.085360 -0.007387 0.038338 0.019933 -0.002559 0.030074 -0.014501 0.013295 0.009242 0.024132 -0.049283 0.010862 -0.002938 0.012571 -0.032595 -0.000164 0.060931
-0.122005 0.021241 0.019506 -0.086442 -0.169616 -0.028445 -0.107005 -0.090968 -0.023624 -0.070712 -0.180236 0.174257 0.100957 -0.017938 -0.037172 0.010309 0.066457 -0.007414 -0.044792 0.091262 0.009866 -0.019871 0.022338 -0.010877 0.000506 0.124529
-0.014625 -0.007890 -0.007128 -0.069297 -0.083295 0.011201 -0.019859 -0.144248 0.005138 -0.009606 0.005116 0.088620 0.055094 0.007430 0.057065 -0.003019 -0.009272 -0.027022 -0.035365 0.094299 0.007538 -0.015493 -0.002580 0.017120 0.000865 0.043341
0.003216 -0.027987 -0.007038 -0.001142 0.019500 0.010541 0.023842 -0.053514 0.002721 0.029213 -0.020702 0.040237 -0.009872 0.001954 0.028814 -0.023589 -0.013365 0.017669 0.031137 0.003726 0.002342 0.000603 0.005013 -0.000814 0.000441 -0.006706
-0.027667 0.031193 0.006965 0.049724 -0.085030 0.041201 -0.008055 -0.062946 -0.000685 0.041394 0.017109 0.084360 0.042721 -0.014655 0.050851 -0.030095 -0.026616 -0.023747 -0.019618 0.048046 0.016234 -0.000825 0.004144 -0.003342 0.000221 0.011038
-0.046979 -0.004887 -0.013147 0.022633 -0.050135 0.022355 -0.039525 -0.016300 0.004093 0.113754 0.008348 -0.003544 0.012853 -0.005989 -0.014838 0.055773 -0.008220 -0.035104 -0.088649 0.009832 -0.000573 -0.013572 -0.000748 0.012565 0.000043 0.028546
-0.077075 0.003769 0.015217 0.058007 0.037959 0.013588 -0.033250 -0.022665 0.000316 0.001974 0.010115 0.074109 -0.035896 -0.052704 -0.000757 0.000799 0.027486 -0.013196 -0.006699 -0.030358 0.006506 -0.004975 0.000097 -0.003651 -0.000285 0.006838
-0.010973 -0.024857 0.001108 0.023081 -0.018713 0.090302 0.024905 0.014157 0.007785 -0.029125 -0.009791 0.019260 -0.037217 -0.028432 0.014846 0.002850 -0.062266 0.013889 0.092000 -0.044669 -0.005989 -0.002613 0.000688 -0.004446 -0.001626 0.002715
-0.018884 -0.030723 0.009818 -0.011959 -0.010071 -0.017764 0.007839 0.062664 -0.019146 -0.026359 -0.063056 -0.038633 -0.015772 -0.006459 -0.006241 0.034121 0.001287 0.010742 0.011692 -0.010501 -0.008568 -0.006625 -0.008051 -0.032725 -0.000470 0.024250
-0.047464 -0.058028 0.001404 -0.066388 -0.022057 0.075109 0.129674 -0.057842 0.013765 0.048856 0.055947 -0.034319 -0.082554 -0.017906 0.095160 -0.020788 0.009019 -0.020533 0.029429 -0.008545 -0.006226 0.001355 0.005772 -0.014842 -0.000181 0.018672
-0.062367 0.034818 0.037626 0.002433 -0.118384 -0.060499 -0.066524 -0.049372 0.013927 0.000139 0.009965 0.070819 0.023141 -0.007183 -0.002020 0.020568 0.069951 -0.028297 -0.051815 0.078086 0.002677 -0.005038 -0.003864 -0.000730 0.000318 0.058734
-0.004694 -0.017899 -0.009751 -0.003578 0.019579 0.013626 0.078083 -0.116783 0.002061 0.065673 0.014366 -0.002682 -0.029914 0.013773 0.075907 -0.034911 -0.016643 -0.023944 0.016981 -0.015313 0.006781 -0.008547 0.000449 -0.012479 -0.000434 -0.005127
-0.124028 -0.078218 -0.020385 -0.045930 0.015271 -0.028760 0.096755 0.021114 -0.035379 0.003782 0.007250 -0.026885 -0.052714 -0.008796 0.048062 -0.018757 0.019306 0.032199 0.073002 -0.037735 -0.010428 -0.019913 -0.007370 -0.030969 -0.001176 0.040066
-0.052519 -0.068879 -0.015728 0.048840 -0.034507 0.119748 0.103599 0.027178 -0.002215 -0.001815 0.098639 0.013398 -0.100571 -0.091771 0.054196 -0.033196 -0.062408 -0.007394 0.147448 -0.077073 -0.006820 -0.003698 0.015024 -0.005065 -0.001395 0.009105
-0.027600 -0.007433 -0.001309 0.032691 -0.070312 0.021941 -0.023634 0.074552 -0.004233 -0.000117 0.037300 0.004760 -0.032876 -0.028903 -0.021670 -0.015331 0.026124 0.003096 -0.021713 -0.045683 -0.004845 0.004605 0.000328 -0.033436 -0.000648 0.031877
-0.101765 -0.144368 0.046608 0.161918 -0.196544 0.074748 -0.082551 0.178204 -0.048437 0.140827 -0.078382 0.056892 0.077145 -0.092447 0.059433 -0.145678 -0.014345 0.051451 -0.041235 0.037617 0.021599 0.002787 0.041044 -0.007450 0.000131 0.078433
-0.238259 -0.148221 0.012171 -0.059504 -0.234360 0.025850 -0.109089 0.140837 -0.043569 -0.006768 -0.036933 0.136324 0.019684 0.007906 -0.029125 0.007951 0.068120 0.017836 -0.085575 0.094215 0.001949 -0.004478 0.008293 -0.011328 0.000983 0.172075
-0.039086 -0.064637 -0.022079 -0.004539 -0.030169 -0.003009 -0.060810 -0.042591 -0.031243 -0.020314 0.071509 -0.000386 0.004381 -0.026227 -0.032496 -0.028847 -0.029877 0.019731 -0.012563 0.018955 0.003786 -0.017267 -0.002234 -0.002913 0.000523 0.052180
-0.083914 -0.086363 -0.019292 0.096487 0.029276 0.013263 -0.006341 0.044438 0.016535 -0.012703 0.016288 0.021867 0.065945 -0.038862 0.001264 -0.061887 -0.061327 0.039517 0.004910 -0.023974 0.007787 0.006634 0.019705 -0.015852 -0.000077 0.013517
-0.099392 -0.160265 -0.024726 0.060158 -0.035675 0.040033 0.084120 -0.077728 -0.015694 0.076949 -0.010637 0.128351 0.019869 -0.039865 0.151774 -0.065588 -0.086429 0.008320 0.057995 0.096660 0.020785 -0.007523 0.012212 0.024810 0.000435 0.030358
0.036303 0.034471 0.048951 0.026233 -0.127006 0.002584 -0.014796 -0.049980 0.041586 0.048599 0.044995 0.028239 -0.050764 -0.025923 0.012158 -0.022756 0.001239 0.007472 0.016647 -0.043838 0.010313 0.012508 0.034686 -0.014335 -0.001524 0.028122
-0.073909 -0.063986 -0.002163 -0.071130 0.043169 0.039695 0.004236 -0.059790 -0.004894 0.039671 -0.027101 0.034803 -0.010069 -0.046829 0.034960 -0.040220 0.009688 -0.016535 0.035370 0.073030 0.001280 -0.009907 0.007128 0.008186 -0.000482 0.017035
-0.102733 -0.104067 -0.020299 0.083335 -0.062930 0.111089 0.012468 -0.035517 -0.019704 0.060044 -0.018063 0.082553 0.018485 -0.042605 0.089376 -0.006284 -0.067242 0.003352 0.073194 0.007098 0.022820 -0.006644 0.023856 0.029067 0.000211 0.035188
-0.066007 -0.010164 -0.002715 -0.026577 -0.036988 -0.010357 -0.008495 0.001712 0.007853 0.011704 0.003278 0.040475 -0.016662 -0.007583 0.004905 0.016176 -0.021008 0.009404 -0.002891 0.034732 -0.005836 -0.009060 -0.007417 0.014742 -0.000081 0.030729
-0.076024 -0.113156 0.017565 0.136633 0.021854 0.025204 -0.082787 0.049282 -0.015112 -0.008296 0.002519 0.025959 -0.003548 -0.033697 -0.057058 -0.008142 -0.027309 0.012491 -0.021379 0.000214 -0.001254 0.002754 0.021036 0.011232 0.000058 0.033559
-0.002707 0.036768 -0.037061 -0.056095 -0.032997 -0.019539 -0.028681 -0.124356 0.005893 -0.023181 -0.092111 0.067141 0.079170 0.034178 0.037906 0.029522 0.039431 -0.038412 -0.034944 0.055951 0.011167 -0.017165 0.014712 0.013327 0.000556 0.022834
-0.057178 0.059933 0.006612 0.034189 -0.082616 -0.004094 0.005144 0.010046 0.002014 -0.006109 0.004103 -0.001244 -0.061809 0.020028 0.022975 -0.007961 0.019147 -0.004666 0.018880 -0.029393 0.011452 -0.009400 -0.003182 -0.013434 0.000448 0.029430
-0.094397 -0.001852 0.005494 0.023728 -0.046699 -0.015741 -0.110214 -0.041782 -0.000193 -0.039181 -0.053153 0.155408 0.040475 -0.025004 0.031224 -0.017880 -0.045485 -0.042069 -0.034634 0.058670 0.020208 -0.013384 0.001124 0.013159 0.000789 0.053608
-0.078024 -0.115325 -0.026876 0.056674 0.075118 0.049865 0.044703 -0.076614 -0.007202 0.034450 0.031428 0.077351 0.006920 -0.045059 0.065131 -0.062725 -0.080293 0.024437 0.085962 0.015988 0.012573 -0.009089 -0.001490 0.021422 0.000346 -0.006808
-0.035511 -0.022348 0.005885 -0.009171 -0.059210 0.053332 0.101437 0.049280 0.003366 0.032026 0.174610 -0.012292 -0.090163 -0.049342 0.027929 -0.042223 0.012485 0.017392 0.055072 -0.117989 -0.001152 0.004785 0.009004 -0.025945 -0.000137 0.010417
-0.056190 -0.095250 0.010589 0.071861 -0.004902 0.043262 0.085223 -0.027848 -0.003995 -0.089259 0.074141 0.001091 -0.036396 -0.050209 0.029784 -0.032503 -0.040484 0.021628 0.048448 0.012324 -0.004820 0.006238 -0.000483 -0.019206 -0.000334 0.025477
-0.056767 -0.052481 0.017550 0.016291 -0.034154 -0.004493 -0.021840 -0.030329 -0.011149 0.024447 0.049979 0.037001 -0.038915 -0.028730 -0.000702 -0.001468 0.033165 -0.015603 -0.020699 0.054063 0.001087 -0.014129 -0.019835 -0.007827 -0.000124 0.038537
-0.074227 -0.034127 -0.010029 -0.023925 -0.036212 -0.004128 -0.050887 -0.026865 -0.002040 -0.004805 -0.049335 0.100577 -0.003224 -0.025394 0.022572 -0.021977 -0.032584 -0.000182 0.004033 0.074890 0.009597 -0.010327 0.007361 0.029420 0.000866 0.044117
-0.019406 0.041317 -0.019607 0.004067 -0.085291 0.037969 0.007705 -0.026662 0.001159 0.016821 -0.019960 0.002784 0.029681 -0.021529 0.021861 0.001059 -0.019747 -0.012433 0.110160 -0.017100 -0.004066 0.002602 0.005206 0.006332 -0.000186 0.014292
-0.000113 0.038092 -0.003698 -0.012239 -0.093967 0.009727 0.012613 0.058816 -0.003178 0.054718 0.004043 0.013882 -0.024445 -0.024372 -0.005305 0.010812 0.031216 -0.022344 -0.048174 0.025512 0.007928 0.004268 0.017204 -0.000531 0.001151 0.014817
-0.145234 0.003053 -0.016924 0.071198 0.115833 -0.017723 0.051659 -0.068478 -0.031244 0.020387 -0.127652 0.088033 -0.073361 0.023139 0.048460 0.018403 -0.008420 -0.019827 0.066895 -0.019650 -0.003024 -0.018095 0.003881 -0.026315 0.000029 -0.005015
-0.029050 -0.027263 0.012953 -0.000650 -0.001402 0.020597 0.022587 0.035299 -0.001707 0.066501 0.036754 0.042557 -0.097837 0.000992 0.018957 -0.008150 0.035608 -0.014395 -0.017472 -0.080018 -0.001463 -0.000371 0.015169 -0.012207 -0.000208 0.007681
-0.027440 -0.002271 0.007514 0.113191 -0.015798 0.015922 -0.065099 0.018390 -0.006518 -0.033478 -0.023352 0.030467 0.007909 -0.012733 -0.028854 0.007998 -0.008043 -0.016942 0.029578 0.003016 0.005083 -0.003548 0.008505 0.006738 -0.000248 0.009342
-0.074119 0.001000 -0.000506 0.030714 0.107201 -0.041288 0.124873 -0.109627 -0.017250 0.056010 -0.048663 0.021656 -0.037854 -0.027625 0.053560 -0.016922 -0.030580 0.024673 0.142048 -0.073657 -0.000050 -0.013895 -0.022534 -0.029321 -0.000827 -0.025403
-0.074565 -0.077764 -0.031658 0.071135 0.001072 -0.040796 0.050447 -0.033264 -0.005316 0.065999 0.101330 0.006893 -0.046299 -0.015340 0.011591 -0.047058 -0.042633 0.003093 0.064470 -0.024930 -0.002229 0.006899 -0.002664 0.001661 -0.000308 0.022030
-0.112225 0.019254 0.050965 -0.010288 -0.062160 0.050121 0.050842 0.044349 0.023466 0.106256 0.046390 0.077038 -0.060106 -0.016910 0.029713 -0.005259 -0.026994 -0.023571 -0.010387 -0.071773 0.017696 0.005442 0.032968 -0.004668 0.000717 0.020185
-0.050668 -0.041673 -0.000430 -0.033900 -0.050998 -0.013467 -0.082993 -0.075866 0.019238 -0.025775 0.096994 0.104040 0.024477 0.008981 0.000079 -0.000756 0.005778 -0.025187 -0.079732 0.070506 0.001533 -0.006278 -0.001877 0.033763 -0.000412 0.050188
-0.028193 -0.038625 -0.012580 0.004850 0.014169 0.033951 0.016620 -0.021599 -0.004837 0.031385 -0.006751 0.038609 0.012085 -0.005041 0.020895 0.018749 0.010765 -0.030933 0.031660 -0.039236 0.014442 -0.007234 0.000732 0.018881 -0.000103 0.001805
-0.073057 0.000094 0.014280 0.022551 0.002494 0.010089 -0.033238 0.068028 -0.014086 0.013420 -0.058243 0.024568 0.007841 -0.041846 -0.029965 0.008365 0.009281 -0.003558 0.003281 -0.026037 0.000294 -0.001765 0.009878 -0.004457 -0.000003 0.017118
-0.062771 0.047429 0.008035 -0.030213 0.064812 0.022118 0.030632 -0.035395 0.016847 0.046872 -0.001002 -0.026197 0.014559 0.010006 0.006502 0.024309 -0.024115 -0.012936 0.005899 0.000098 -0.000585 -0.000634 0.004965 0.008128 -0.000091 -0.025021
-0.023982 0.012718 0.030795 -0.003874 -0.188850 0.031901 0.024449 0.021135 -0.015769 0.098141 -0.001701 0.123349 -0.040272 0.022629 0.037842 -0.042113 0.027514 -0.014961 0.006438 0.014995 0.004568 -0.001731 0.030854 -0.005900 -0.000055 0.042570
-0.038843 -0.008238 0.023268 0.045100 -0.039642 0.018887 0.018221 0.076419 -0.003817 -0.021358 -0.016945 -0.005921 -0.061247 -0.019580 0.010054 0.026754 -0.003681 0.015102 0.041053 -0.038699 0.001214 -0.002219 0.003083 -0.013050 -0.000621 0.016557
-0.039869 -0.039170 -0.013822 -0.015096 0.001941 -0.011275 0.003514 0.029302 -0.020453 -0.005198 0.046989 0.006891 -0.005371 -0.032573 0.000164 0.017172 0.024990 0.005682 0.034534 -0.022117 -0.003410 -0.005000 -0.019642 -0.011462 0.000162 0.015185
-0.041413 -0.005302 -0.025749 0.034847 -0.019105 0.086856 -0.034109 0.148860 0.003017 0.076218 -0.134246 0.122183 -0.046248 -0.028364 -0.028515 0.012593 -0.061170 0.001840 0.092868 -0.030305 0.004599 0.004178 0.014434 0.043684 0.002014 -0.011984
-0.008533 0.040691 0.010870 -0.072821 -0.035902 0.022124 0.099276 -0.059364 0.020822 -0.003294 -0.017282 -0.005619 -0.023047 -0.003667 0.069643 0.018053 -0.001080 -0.007373 0.020233 0.018480 -0.004204 -0.006860 -0.000115 -0.019764 -0.000928 0.001845
-0.019955 -0.014158 -0.012249 0.106044 0.068476 0.035814 0.073747 -0.134970 0.011733 0.036094 0.046329 0.069111 0.006640 -0.055714 0.054620 -0.057623 -0.034183 -0.003301 0.060928 -0.013580 0.012891 -0.012738 -0.006603 0.039080 -0.000140 -0.039123
-0.049803 0.003312 0.001019 0.013839 -0.033413 -0.002483 -0.019147 -0.045737 -0.003527 -0.001831 -0.031035 0.060979 0.023457 -0.035663 -0.010763 0.032263 0.004504 0.001292 -0.004020 0.005043 0.002427 -0.008758 0.000711 0.000007 -0.000176 0.029601
-0.041733 0.010745 0.002614 0.029041 -0.089810 0.021327 -0.007606 -0.019041 0.014098 0.014195 0.127570 -0.010304 -0.061969 -0.022890 0.005731 0.011299 0.016454 -0.015028 -0.043676 -0.048662 0.005096 -0.000853 0.019804 0.002528 -0.000749 0.040946
-0.051910 -0.035374 -0.027618 -0.000809 -0.072599 0.063167 -0.073667 0.055906 -0.025515 0.011028 -0.052976 -0.018761 0.045089 -0.024249 -0.040153 0.007883 -0.005825 -0.007721 -0.001401 -0.012988 -0.000691 -0.003902 0.006541 -0.002930 -0.000210 0.051966
-0.087902 0.001591 -0.021969 0.084112 -0.045496 0.019998 -0.018490 -0.037503 -0.029406 0.048902 -0.081351 0.110624 0.064938 -0.038751 0.064325 -0.071923 -0.010582 -0.009250 0.005791 0.067391 0.014793 -0.004775 0.009062 0.018310 0.000975 0.017001
-0.089304 -0.047454 -0.013530 0.032366 0.024719 0.047735 -0.029185 0.035347 -0.004756 0.112060 -0.110423 0.077542 0.010273 -0.035266 0.010518 0.012212 -0.072699 0.046984 0.033987 -0.008636 0.004328 -0.009202 0.012089 0.052578 0.000914 0.002743
-0.159732 -0.048060 0.006558 0.216984 0.093960 -0.070116 0.141858 -0.129676 -0.020267 0.069974 -0.046567 0.070552 -0.056313 -0.033392 0.117491 -0.053864 -0.030126 -0.014349 0.065930 -0.049840 0.009742 -0.003185 0.003100 -0.016506 -0.000577 -0.002443
-0.035891 -0.049309 -0.000845 -0.016891 -0.029275 -0.026165 -0.029729 -0.002693 -0.007799 -0.020157 -0.042896 0.057444 -0.011965 0.019723 -0.005430 -0.005970 0.001730 0.023004 0.033349 0.007718 0.003121 -0.007062 0.002964 -0.001121 0.000053 0.038319
-0.038798 0.087027 0.057516 0.108451 -0.162574 0.008436 -0.025298 -0.065025 0.032743 0.105192 -0.060576 0.181186 -0.034025 -0.031262 0.063887 0.001815 0.008807 -0.036589 -0.097519 0.016392 0.031382 0.001639 0.042081 0.017298 0.001068 0.033005
-0.014453 -0.035589 -0.015875 0.012418 0.012133 -0.018900 0.115416 -0.123030 -0.011991 0.033192 0.029231 -0.031866 -0.106795 0.011991 0.080844 -0.029938 -0.055280 -0.015217 0.111018 -0.018633 -0.001565 -0.007916 0.000491 -0.034285 -0.001069 0.008816
-0.023609 -0.048292 0.022389 0.038940 -0.010341 -0.027539 -0.021469 0.051821 -0.016122 -0.024241 -0.022674 0.031142 -0.001543 -0.012793 0.016332 -0.011000 0.004704 0.020115 -0.039276 -0.001906 0.009281 -0.005174 0.005059 -0.003685 0.000243 0.021202
-0.034267 -0.034355 0.002648 -0.010317 -0.021858 -0.003118 -0.037898 -0.025384 -0.004995 0.003591 -0.033065 0.055690 0.003079 0.037170 0.004333 -0.023650 -0.015634 0.026078 0.015813 0.025270 0.006208 -0.008855 -0.002027 0.000037 0.000449 0.025932
-0.020201 -0.026892 0.023418 -0.000784 0.013699 0.003367 0.030077 0.000178 -0.009898 0.077973 -0.085522 0.048328 -0.033660 0.014602 0.020040 -0.006513 -0.013303 0.031996 0.069969 -0.027163 -0.001879 -0.003828 0.005668 -0.013151 0.001105 -0.005730
-0.001193 -0.028393 0.012597 0.034218 -0.045724 0.025955 0.010655 -0.037836 -0.017055 -0.027129 -0.038314 0.061921 0.002250 -0.043449 0.041901 -0.056762 0.005311 -0.015450 -0.006537 0.048161 0.000868 -0.008547 0.002626 -0.012108 -0.000516 0.022315
0.041904 0.002007 -0.002022 0.040889 -0.060771 0.022197 -0.027561 0.078672 -0.013203 -0.079074 0.035874 -0.048378 0.001358 -0.038232 0.000675 0.025881 0.004932 0.022697 0.010959 0.003792 0.016486 0.006726 0.015461 -0.030185 0.000604 0.006095
-0.080649 0.009604 0.001630 0.125719 -0.056748 0.031975 -0.100761 -0.015423 -0.014192 -0.020054 -0.130059 0.117445 0.062370 0.023754 0.066769 -0.048535 -0.014416 0.001372 -0.087213 0.156610 0.029725 -0.001288 0.018346 0.018315 -0.000851 0.022896
-0.069357 -0.091934 -0.005166 0.075618 -0.050367 -0.016127 -0.011030 -0.004274 0.019525 -0.008142 0.157905 0.017310 -0.054283 -0.033284 0.030078 -0.062025 0.008961 0.049918 0.005038 0.049087 0.003772 0.004114 0.019813 -0.006156 -0.000215 0.037846
-0.061186 0.038675 -0.008803 0.083663 -0.114951 0.075950 0.061952 -0.030232 0.005656 0.003463 0.055124 0.032657 -0.074336 -0.123684 0.033101 0.002507 0.024187 -0.046234 0.019559 -0.010654 -0.005957 -0.006297 0.021695 -0.016706 -0.002016 0.034570
0.002539 -0.040165 0.001958 0.051559 -0.073978 0.049929 0.036130 0.019255 0.004272 0.026136 0.008624 0.001664 -0.000250 -0.044647 0.016864 0.020255 -0.040836 -0.000429 0.032771 -0.042185 0.003304 0.004436 0.023129 -0.010421 0.000629 0.018869
-0.170940 -0.162338 -0.012984 0.161105 -0.179970 0.090951 -0.088722 0.074477 -0.029963 0.079952 -0.003244 0.102990 0.060138 -0.041144 0.038011 -0.009661 -0.013359 -0.023969 -0.064347 0.074020 0.014637 -0.011361 0.005084 0.012019 0.000331 0.104587
-0.013442 -0.103191 -0.014042 0.037223 -0.027986 0.051180 0.086798 0.002756 -0.008690 0.083921 -0.071858 0.054248 -0.021422 -0.047324 0.087778 0.004711 -0.023993 0.000338 0.083791 -0.051088 0.005329 0.002315 0.011399 0.003088 -0.000405 0.009492
-0.138987 -0.089908 -0.011201 -0.045118 -0.006529 0.016887 0.102810 -0.022640 -0.017670 0.100954 -0.015885 0.089611 -0.080878 -0.055293 0.076965 -0.038676 -0.025462 0.020466 0.094955 -0.016493 0.001972 -0.007138 0.004160 -0.008043 0.000743 0.037394
-0.004207 -0.070529 -0.044746 0.031170 -0.024054 0.062320 0.152361 -0.027676 0.004344 0.049840 0.185464 -0.003598 -0.091068 -0.038112 0.050079 -0.037422 -0.072367 0.019484 0.131247 -0.091246 -0.006952 0.008025 0.015416 -0.034315 -0.000165 -0.009872
-0.176036 -0.254616 0.005045 0.261295 -0.069309 0.049301 -0.086148 0.095852 -0.036524 0.109503 0.036047 0.129507 0.041685 -0.134811 -0.052703 -0.025158 -0.034110 0.042732 -0.037145 -0.017493 -0.000509 0.003177 0.045146 -0.009036 0.000493 0.088717
-0.061157 0.097062 0.000750 0.055369 -0.087194 -0.030758 -0.028291 -0.204759 0.015065 0.033745 -0.113437 0.207083 0.042870 0.029465 0.102016 -0.004018 -0.011511 -0.024342 -0.080309 0.075527 0.032261 -0.016199 0.026083 0.030511 0.002059 0.028473
-0.027526 -0.041292 0.020318 0.028814 -0.047712 0.041242 0.028649 -0.010329 0.005157 0.076242 -0.009393 -0.003893 -0.021288 -0.019891 0.020901 -0.015993 0.006611 -0.000789 0.008162 -0.036047 -0.005886 0.001918 0.003714 -0.014759 -0.000099 0.022638
-0.031310 -0.032660 0.009460 0.086829 0.063500 -0.002249 -0.040631 0.044349 -0.019256 -0.042227 -0.031439 0.051261 0.005346 0.001486 -0.003394 -0.030209 -0.055628 -0.011483 0.009678 0.015220 0.005944 -0.008094 -0.004296 0.018567 -0.000052 -0.012427
-0.139406 -0.067887 -0.023708 -0.122886 -0.132660 0.078453 -0.023006 0.085432 -0.045144 -0.082632 0.025566 -0.011193 0.024092 -0.062589 0.000071 0.023756 0.074198 -0.027620 0.081769 -0.005000 -0.003378 -0.009079 0.024961 -0.031260 -0.000277 0.100463
-0.112319 0.076650 0.005620 0.059913 -0.085973 0.091554 -0.115137 0.174934 0.021084 0.061380 0.021339 0.034151 -0.024357 0.038333 -0.011015 0.036212 0.072674 -0.058674 -0.066331 -0.162205 0.019899 0.022578 0.029981 -0.009063 0.001505 0.023523
-0.116010 -0.127294 0.020084 0.128075 -0.027467 0.049740 -0.047346 0.091359 -0.022511 0.134607 -0.049071 0.118654 0.070287 -0.055171 -0.006737 -0.058379 -0.044762 0.043657 -0.003819 0.042493 0.013426 0.003955 0.010109 0.010678 0.000873 0.021049
-0.095166 0.003235 0.012045 -0.011064 -0.003552 -0.020918 -0.011663 0.066747 -0.016047 -0.002543 -0.044871 0.026158 -0.024377 -0.004435 -0.025600 0.040749 -0.042467 0.032009 0.052528 -0.098018 -0.007767 -0.013209 -0.005833 -0.015725 0.000037 0.031290
0.015927 -0.040807 0.008351 0.071376 -0.020528 0.003399 -0.051340 -0.010004 -0.011317 0.068108 -0.031173 0.034130 0.001386 0.000755 -0.038807 -0.014007 -0.046005 0.018184 -0.011030 -0.050739 -0.005969 0.012622 0.010785 -0.017975 -0.000859 0.016433
0.130431 0.067405 0.004266 -0.025991 -0.140062 0.074415 0.093817 0.185091 0.031048 0.012756 -0.057825 0.043692 -0.119697 0.066861 0.083690 -0.059218 0.015795 -0.060378 0.033636 -0.102533 -0.002202 0.009726 0.018291 0.006381 0.000906 -0.027813
-0.112130 -0.056423 0.022946 -0.019138 -0.091769 0.010646 -0.022103 0.100666 -0.017647 -0.017865 -0.032345 0.084703 0.001054 0.002278 -0.003270 -0.007560 -0.015894 0.006494 -0.054743 0.029430 0.019144 -0.002035 0.014838 0.006442 0.001147 0.067054
-0.041668 -0.094039 -0.013319 0.062439 -0.059735 0.049097 -0.021140 -0.003850 -0.007162 0.030827 0.112178 0.028914 -0.048052 -0.089442 0.011481 -0.033389 0.047424 -0.010540 -0.060744 0.052692 0.005531 -0.003300 0.020268 0.002831 0.000418 0.041500
-0.004546 -0.031078 0.008800 0.083721 0.022119 0.023357 0.045726 -0.079901 -0.017450 0.009628 -0.013220 0.053668 -0.044866 -0.054589 0.046294 -0.059494 -0.046194 0.005103 0.069996 0.019733 0.010137 -0.003617 -0.000405 -0.023752 -0.000587 -0.008635
-0.048807 -0.051108 -0.008586 0.109926 0.023755 0.019253 0.031647 -0.083808 -0.022449 -0.045549 -0.072109 0.062551 0.057084 -0.034547 0.069469 -0.020902 -0.037045 -0.006288 0.024524 0.070337 0.008678 -0.000387 -0.007177 0.012058 -0.000205 0.003230
-0.070842 0.021985 0.018854 0.086107 -0.009067 0.015863 -0.029464 0.001197 0.001432 -0.016897 0.033484 0.089905 -0.025814 -0.062731 0.010437 0.001272 0.022669 -0.001644 -0.019380 -0.025518 0.011421 -0.000976 0.002744 -0.008990 -0.000848 0.009036
0.014047 0.080764 0.039765 -0.060326 -0.087705 0.034889 -0.061272 0.067663 0.003907 -0.053467 -0.017944 0.060080 -0.014148 -0.031175 -0.039617 -0.013101 0.001540 0.012636 0.007856 -0.029938 -0.004305 -0.000698 -0.014283 0.001617 -0.000653 0.018897
-0.051084 0.079775 0.031827 0.051532 -0.027571 0.017777 0.004678 0.002060 0.010534 -0.002868 0.032237 0.069258 -0.080781 -0.010488 0.027907 -0.001651 0.017410 -0.024125 -0.030906 -0.044641 0.010721 -0.002397 -0.002427 -0.003250 0.000824 -0.000086
-0.085159 0.029895 0.026836 -0.016898 -0.159428 0.095690 -0.169356 0.312522 0.020077 0.054391 0.040367 0.010492 -0.101635 0.120101 -0.067451 0.039978 0.127140 -0.046457 -0.135135 -0.193380 0.001899 0.019204 0.029447 -0.016319 0.001484 0.064619
-0.010338 0.059441 0.022571 0.013190 -0.051196 0.082921 -0.041793 0.099836 0.006403 0.124785 -0.011258 -0.007331 -0.046717 0.000751 -0.031030 -0.041459 -0.062108 -0.001349 -0.027910 -0.075678 -0.002350 0.017651 0.012163 -0.025277 -0.000321 -0.005496
-0.005477 -0.001075 -0.009992 0.004428 -0.067692 0.141894 -0.018751 0.094014 0.025390 0.065167 -0.038049 0.070694 -0.074645 0.019163 0.006394 -0.020424 0.001904 -0.005114 0.023024 -0.093212 0.012271 0.019515 0.047599 0.007806 0.000973 0.001723
-0.018285 -0.025129 0.007968 0.041621 0.008877 -0.001146 -0.033602 -0.025888 0.008704 -0.030150 0.038966 0.023875 0.015592 -0.008253 0.006778 -0.006189 0.019758 0.015537 -0.022391 -0.055118 0.002315 -0.009392 0.002546 -0.005659 0.000215 0.012614
-0.110610 0.007064 0.006379 0.017584 -0.026711 0.076024 -0.027545 0.078112 -0.003204 -0.029920 -0.004174 0.092370 -0.013620 -0.001221 0.016383 -0.027809 -0.030714 -0.018935 0.026813 -0.044256 0.005794 -0.001279 0.006744 0.004660 0.000766 0.019877
-0.075842 -0.033551 0.012436 -0.043270 -0.084087 -0.021815 -0.009710 0.053977 -0.017362 -0.033527 -0.010076 0.002569 0.028009 0.054677 0.011521 0.025817 0.048495 0.016794 0.014723 -0.069461 -0.004172 -0.002912 0.008796 -0.024548 -0.000365 0.059822
-0.012635 -0.037150 0.021927 -0.037788 -0.013965 0.047159 0.025590 -0.052725 0.021600 -0.019931 0.112412 -0.021843 -0.040687 -0.013939 0.014272 -0.023142 0.020013 -0.050663 0.001833 -0.019795 -0.000918 -0.012550 0.004589 0.004130 -0.000388 0.021026
-0.030786 0.047054 -0.008165 -0.028033 0.005885 0.006817 0.005458 0.061087 0.001982 -0.024712 -0.045982 -0.018733 -0.017993 -0.028894 0.009508 0.010480 0.021209 0.011570 -0.050664 -0.020618 -0.002224 -0.003442 0.006299 0.000056 -0.000324 0.002489
-0.187386 -0.092308 0.000035 0.063853 -0.134342 0.005677 -0.047786 0.094583 -0.042046 0.036647 -0.018735 0.136428 0.053395 -0.015818 -0.014624 -0.035779 0.025756 -0.006840 -0.034546 0.004136 0.013938 -0.015277 0.001262 -0.018571 0.001031 0.096903
-0.155786 -0.060635 -0.005243 0.147649 -0.047920 0.027627 -0.047361 0.039541 0.015586 0.056780 0.054723 0.081016 -0.056053 -0.088340 0.020999 0.025710 0.064778 -0.033987 -0.040245 -0.034334 0.010216 0.005538 0.001315 0.003261 0.000413 0.051715
-0.020214 0.079718 -0.006460 0.060703 -0.113784 0.039741 -0.031153 0.029208 0.032106 0.028358 0.042716 0.047348 -0.074359 -0.034103 -0.010447 0.008405 0.064033 -0.036673 -0.042705 -0.104651 0.005746 0.011016 0.034194 -0.027839 0.000030 0.028563
-0.002185 -0.011118 0.010747 -0.007868 -0.068935 -0.028943 0.001108 0.011823 -0.019613 0.000805 -0.027596 0.023424 0.031766 -0.010371 0.021524 0.028592 0.023172 -0.000505 0.006895 -0.008792 0.007512 -0.004592 -0.000719 -0.007008 0.000061 0.027183
-0.336400 -0.178547 -0.036890 0.021558 -0.260398 0.009653 -0.157334 0.263826 -0.064794 -0.025605 -0.045982 0.175771 0.007108 -0.063335 -0.102318 -0.031800 0.072608 -0.028995 -0.070104 -0.061710 -0.009691 -0.016093 0.016957 -0.061410 -0.000247 0.230333
-0.023929 -0.026481 0.010346 0.083003 -0.137516 0.050837 -0.048848 0.023399 0.009913 0.006524 0.068628 0.062990 -0.008775 -0.034387 -0.006652 0.006558 -0.006978 -0.043085 -0.013175 0.016438 0.008279 0.002432 0.017895 0.005835 0.000289 0.045620
-0.052262 0.023726 0.013821 0.008244 0.025362 -0.026032 0.036547 -0.023228 -0.009686 -0.021783 -0.005181 0.010977 -0.024197 0.001546 0.007880 0.018101 -0.036853 0.038118 0.093244 -0.089128 -0.005139 -0.013801 -0.010859 -0.016413 -0.000352 0.001665
0.000094 0.028186 0.021895 -0.132957 -0.040888 0.046285 0.089966 0.009524 0.013567 0.054564 -0.037018 0.064663 -0.073753 -0.021355 0.056616 -0.039277 -0.021040 0.008476 0.032517 0.022811 0.006396 0.000744 0.010950 -0.005446 0.000199 -0.004227
-0.020041 0.018667 0.019689 0.017150 -0.044820 0.003586 -0.047485 0.063975 -0.002041 0.022878 -0.013054 -0.008309 0.040215 0.006457 0.000601 -0.015283 -0.000515 0.024167 0.003285 0.026995 0.001844 -0.003336 -0.010206 0.011219 -0.000211 0.002145
-0.007900 -0.006771 -0.004334 0.054695 -0.045300 0.084976 0.011824 0.081459 0.005371 0.012468 0.029097 0.049831 -0.048860 0.007519 0.001626 -0.022484 -0.022689 -0.004551 0.019333 -0.028651 0.005510 0.007097 0.016535 -0.011959 0.000735 -0.007583
-0.087548 -0.008683 0.008889 0.051075 -0.031814 0.006359 -0.055758 0.039764 -0.010183 0.087204 -0.018218 0.019484 -0.003596 0.009774 -0.035059 -0.024283 -0.000237 0.010196 0.008590 -0.048114 -0.005967 -0.002438 0.009477 0.006899 -0.000541 0.028129
-0.085964 -0.110647 -0.008722 0.029657 -0.005822 0.015836 0.033497 0.000397 -0.022535 -0.036327 0.090001 0.026864 0.047183 -0.005773 0.045510 -0.022068 0.021901 -0.000092 -0.011947 0.022274 0.010513 -0.001600 0.000923 -0.003211 0.000148 0.029259
-0.100660 0.015959 0.024015 0.046972 -0.052999 -0.010476 -0.046733 0.012378 0.019301 0.007982 -0.132580 0.175943 -0.023236 -0.016474 0.038500 -0.002276 0.029791 -0.029251 -0.050165 0.083844 0.020802 -0.014188 0.011047 0.027777 0.002050 0.034522
-0.103361 0.021675 0.034501 -0.064793 -0.164645 -0.013468 -0.079951 -0.048710 -0.022338 -0.044509 -0.163543 0.148856 0.064918 0.000281 -0.040932 0.008420 0.051295 -0.010867 -0.030994 0.024581 0.008520 -0.017250 0.025014 -0.021326 0.000227 0.111080
-0.047933 -0.032442 0.005438 0.027002 -0.029554 -0.015584 -0.037270 -0.064032 -0.003527 0.012432 -0.035446 0.084760 -0.017185 -0.008544 0.008840 -0.054967 0.002395 -0.019005 0.010959 0.015330 0.005259 -0.009572 0.003278 -0.001051 0.000025 0.040555
-0.002754 -0.026942 0.021390 0.022059 -0.019947 0.025560 -0.036448 0.045585 -0.003694 0.029974 -0.011033 0.071890 -0.018635 0.044892 0.015697 -0.038185 -0.016574 -0.025752 -0.039553 -0.018846 0.008994 0.002811 0.015020 0.023067 0.000322 0.004950
0.014420 0.017300 0.029468 0.029398 -0.004648 0.081223 -0.013440 0.045615 0.007639 -0.051090 -0.032647 0.026462 -0.002101 -0.010928 -0.001267 -0.021976 -0.023856 0.000151 0.036019 -0.039041 0.010722 0.012979 0.008902 -0.002431 0.000518 -0.014676
-0.058772 -0.050212 -0.000377 0.011128 -0.044823 -0.053360 -0.019521 0.012548 -0.010925 -0.021120 0.041577 0.032517 0.024472 0.025424 0.002248 -0.002788 0.062094 0.014160 -0.039300 -0.003985 0.001183 -0.003480 0.006187 -0.011157 -0.000091 0.043380
-0.032691 -0.013520 -0.025137 0.026172 -0.055059 0.011100 0.067754 -0.092536 -0.006606 0.084637 -0.018580 0.033134 -0.029866 0.007440 0.056955 0.001695 0.007251 -0.047862 0.017574 -0.029828 0.004882 -0.011611 0.011426 0.005955 -0.000754 0.025201
0.043757 -0.099519 0.012700 0.175136 -0.147537 0.051103 -0.029467 0.040706 -0.022346 0.001724 -0.003020 0.029391 -0.062137 -0.094551 0.030210 -0.017887 0.029666 -0.019051 -0.053721 0.050974 0.005761 0.005389 0.046987 -0.009431 0.000397 0.051505
0.028457 0.038630 -0.012561 0.015233 -0.059338 0.089276 -0.024324 0.039617 0.030377 0.016373 0.005326 0.066060 -0.108829 0.068726 -0.019113 -0.021312 -0.012132 0.000063 0.006391 -0.070725 0.002216 0.016005 0.031562 -0.005422 0.001030 -0.002801
-0.137752 -0.004604 0.044407 0.125646 -0.072401 0.101498 0.007224 -0.001845 0.020988 0.104449 0.038640 0.116261 -0.058715 -0.072827 0.032569 0.023516 0.018789 -0.042313 -0.123707 -0.002404 0.021262 -0.004047 0.022073 -0.007620 0.001212 0.032228
-0.052210 -0.039831 -0.006303 0.071749 -0.001496 0.059671 0.170530 -0.007320 -0.014170 -0.048598 0.109571 -0.033168 -0.039099 -0.021121 0.069817 -0.028399 -0.050597 0.013488 0.065873 -0.053481 -0.005540 -0.003821 -0.008201 -0.072641 0.000726 -0.006736
0.006786 0.008156 0.011437 0.041280 0.009349 0.037485 -0.023393 0.138767 0.000901 0.011413 -0.088273 0.004433 0.031061 -0.031924 0.045952 -0.074232 -0.054926 0.046045 -0.016278 0.000765 0.007238 0.007486 0.005224 -0.002741 0.001021 -0.027990
-0.071412 -0.053609 -0.013281 0.161606 -0.050383 0.024052 0.028223 -0.046849 -0.017422 -0.016148 -0.015793 0.098512 0.020790 -0.055392 0.064069 -0.039207 -0.024702 0.004802 0.024778 0.021777 0.022710 0.005324 0.018315 0.006862 0.000517 0.024451
-0.097558 -0.063590 -0.087412 -0.113615 -0.009143 0.039700 0.142697 -0.159099 -0.031568 0.107827 -0.144638 0.084466 0.000165 -0.008421 0.118687 -0.022279 0.018551 0.020751 0.137495 0.045314 0.016503 -0.018302 0.007592 0.008211 0.000060 0.026888
-0.046940 -0.031193 0.012991 -0.011195 -0.007240 0.006212 0.013993 0.024051 -0.010345 0.000986 0.008559 0.032593 -0.019192 -0.016568 0.020051 -0.026831 0.001173 0.018581 0.008546 0.001387 0.004285 -0.001058 0.004534 0.001970 0.000209 0.014340
-0.121471 -0.029376 -0.000835 0.058523 -0.011196 0.051057 -0.041631 0.003008 0.009925 0.006064 0.052510 0.018927 0.037118 0.014654 0.037991 -0.025472 -0.000340 -0.006877 -0.031074 -0.001291 0.018489 -0.000364 0.012336 -0.017146 0.000045 0.024385
-0.049468 -0.034144 0.041794 -0.022485 -0.105751 0.032350 -0.030313 -0.007007 -0.020947 -0.004059 -0.004715 0.076055 -0.010333 -0.014040 -0.000857 0.006433 0.026129 0.009584 -0.018032 0.040091 0.008291 -0.012609 -0.000557 -0.003899 0.000042 0.056464
0.085252 -0.020217 0.003747 0.036101 -0.102684 0.052053 0.174576 0.005627 -0.026491 0.001243 0.173413 -0.058120 -0.157053 -0.123052 0.019998 -0.041651 -0.044168 -0.072879 0.072525 -0.159970 -0.035820 -0.010944 -0.021560 -0.095980 -0.002064 0.022431
-0.039010 0.016779 0.013731 0.031834 -0.050364 -0.004011 -0.037375 0.043776 -0.012716 0.005885 0.007103 -0.006960 0.031508 -0.007478 -0.020723 0.001066 0.024550 0.020534 -0.010772 -0.022302 -0.004767 -0.004374 -0.007178 -0.008204 -0.000382 0.019859
-0.001287 -0.062350 -0.054852 -0.075520 -0.074190 0.055567 0.109823 -0.101643 -0.003916 0.080284 0.017123 0.045715 -0.047006 0.016589 0.126353 -0.002511 -0.003021 -0.026273 0.051342 0.024638 0.012621 -0.010778 0.011419 -0.013395 0.000086 0.021921
0.003863 0.001285 0.001604 0.017073 0.089769 -0.020823 -0.007624 0.024032 -0.009058 0.143038 -0.062886 -0.008574 -0.036418 0.047765 -0.040346 -0.017847 0.003599 0.005184 -0.046812 -0.085789 -0.011186 0.003947 0.016692 -0.005102 -0.000364 -0.029706
-0.099442 0.011087 -0.041210 0.107584 0.008581 0.024080 0.071857 -0.183544 -0.018397 -0.000662 0.053105 0.114634 0.027408 -0.024855 0.091183 -0.027642 -0.043380 -0.018733 0.086473 0.065219 0.017866 -0.014726 -0.020779 0.019979 0.000737 -0.008504
-0.099393 -0.055080 0.012441 0.058297 -0.038994 0.022610 -0.000065 0.028523 0.001953 0.013978 -0.001998 0.061867 -0.064676 -0.065357 -0.007729 -0.013127 0.013675 -0.009096 0.012995 0.004363 0.002593 -0.000026 0.012523 -0.013067 -0.000445 0.045092
-0.017463 -0.018805 0.046935 0.009389 -0.058255 0.015022 0.027012 0.077098 0.005811 0.007523 0.006791 -0.005025 0.004272 -0.002036 0.031057 -0.008916 0.040531 -0.037828 -0.084510 0.000167 0.004190 -0.007970 -0.002938 -0.002536 0.000367 0.018589
-0.086887 -0.035735 0.006538 -0.055116 -0.062733 -0.034411 -0.022938 0.072367 -0.021503 -0.059282 -0.040698 0.072007 -0.046196 0.003347 -0.019402 0.006936 0.070996 0.012950 0.007224 -0.008428 -0.003720 -0.010424 -0.007524 -0.024380 -0.000212 0.065806
-0.090368 -0.041328 0.012008 0.260312 0.054857 0.019486 0.100635 -0.037251 0.014893 -0.057630 0.013084 0.025139 -0.025205 -0.032616 0.027582 -0.048992 -0.048619 0.011470 0.065924 -0.059711 0.008272 0.006112 0.007207 -0.012188 -0.000272 -0.014274
-0.036333 -0.011604 0.004757 0.065065 -0.025076 0.002484 -0.033651 0.033925 -0.020496 -0.004355 -0.046253 -0.012793 0.026534 -0.001684 0.013915 -0.001680 0.020309 0.018899 0.029809 -0.003582 0.003220 -0.000744 -0.013209 -0.017392 -0.000370 0.013269
-0.027226 -0.020924 0.034830 0.026218 -0.041399 0.058020 0.011264 -0.021795 -0.007685 0.064066 -0.072381 0.022746 -0.005233 -0.034604 0.039677 -0.025237 -0.010872 0.009392 0.032119 0.013076 0.008841 -0.003983 0.023189 0.006040 -0.000118 0.012199
-0.069898 -0.139447 -0.041731 0.193386 -0.129867 0.053330 -0.026757 -0.087175 -0.023859 0.059992 0.016528 0.155063 0.061997 -0.105180 0.065240 -0.043037 -0.009382 -0.020922 -0.020278 0.150573 0.030376 -0.002820 0.036664 0.008771 0.001404 0.057870
-0.186201 -0.222677 0.001580 -0.029211 -0.111724 0.042149 -0.016114 0.009819 -0.023928 0.049701 0.097601 0.060005 -0.042454 0.012212 -0.015522 -0.028348 -0.041472 0.005894 -0.026534 -0.029904 -0.005407 -0.026337 0.027936 -0.014355 0.000037 0.137410
-0.097193 -0.063571 -0.017140 -0.055376 -0.028730 0.020100 -0.043921 -0.041989 -0.023512 -0.033732 -0.118644 0.149432 0.000727 -0.032527 0.072774 -0.017653 -0.040780 -0.006084 0.037485 0.063248 0.019935 -0.021547 0.011075 0.027822 0.001259 0.057528
-0.090873 -0.062537 -0.010376 0.030641 -0.089773 -0.010868 -0.003713 0.032039 -0.030061 -0.021117 -0.032231 0.069876 -0.022894 -0.009025 0.041067 -0.019453 0.077500 -0.004792 -0.022297 -0.034607 0.016868 -0.011851 0.016772 -0.025415 0.000572 0.071256
