0.313030 0.138700 0.164451 -0.322528 -0.080799 0.236080 0.322615 0.036024 0.038015 -0.041166 -0.095392 -0.067040 -0.323103 0.059975 0.036692 0.107738 -0.018917 -0.253456 -0.101101 -0.299524 -0.042359 -0.007954 0.085113 -0.064734 -0.000663 -0.031020
-0.167188 -0.198421 0.037184 0.089200 -0.083844 0.002630 -0.318530 0.079958 -0.008170 -0.068963 -0.168463 0.311215 0.100008 0.017849 -0.099399 -0.042204 0.005083 -0.076380 -0.139474 0.102405 0.007471 -0.004816 0.006614 0.117393 0.003186 0.141725
0.015310 0.025914 -0.054200 -0.098895 0.121319 -0.026383 0.277991 -0.185140 -0.005408 -0.025454 0.057909 -0.170981 -0.113363 -0.008087 0.093031 0.061075 -0.008207 -0.072928 0.170889 -0.154858 -0.026394 -0.003698 -0.011065 -0.055837 -0.002674 -0.028992
0.251513 0.177858 0.118932 -0.213721 -0.103945 0.132759 0.165828 0.191250 0.010944 -0.135531 0.021155 -0.139649 -0.199699 0.055778 -0.008771 0.069768 -0.026547 -0.129353 0.033254 -0.374248 -0.045592 0.002599 0.029169 -0.058124 -0.002997 -0.030207
0.120690 -0.120787 -0.045744 -0.152316 0.203909 -0.065200 0.250601 -0.205078 -0.018194 -0.130237 0.059553 -0.227749 -0.086045 0.002861 0.039810 0.154421 -0.112123 -0.016133 0.249503 -0.095206 -0.014573 -0.008991 0.000868 -0.043606 -0.002915 -0.032909
0.298255 0.097889 0.117010 -0.260563 -0.093781 0.180475 0.272982 0.176132 0.018067 -0.003152 -0.080797 -0.117750 -0.197399 0.098668 0.038096 0.044344 -0.009068 -0.168237 -0.066614 -0.272283 -0.041973 -0.011523 0.047122 -0.049232 -0.002371 -0.048650
0.200423 0.167281 0.151107 -0.272202 -0.096754 0.201856 0.198669 0.158107 0.031423 -0.162672 -0.186106 -0.011519 -0.198256 -0.011409 0.030103 0.045105 -0.050087 -0.166892 0.056593 -0.347238 -0.036314 0.014838 0.069640 -0.058523 -0.002726 -0.008339
0.133867 -0.011670 -0.042985 -0.107900 0.164561 -0.052958 0.235330 -0.234115 -0.009014 -0.105791 0.045238 -0.218083 -0.040485 -0.000304 0.048530 0.073053 -0.061747 -0.045049 0.189095 -0.017342 -0.014764 -0.011848 -0.007071 -0.038948 -0.001901 -0.055938
0.089760 -0.047213 -0.024660 -0.055556 0.100069 -0.038186 0.139858 -0.216365 -0.008120 -0.200764 0.100604 -0.204374 -0.035555 -0.037716 0.027565 0.126444 -0.059251 -0.024463 0.140060 -0.023548 -0.009265 0.001307 0.014571 -0.030860 -0.002691 -0.001917
0.046378 -0.005730 -0.068144 -0.110113 0.104492 -0.017858 0.258001 -0.225058 -0.024406 -0.033361 0.095411 -0.181304 -0.155726 -0.033085 0.106525 0.055198 -0.032663 -0.080214 0.189916 -0.132653 -0.023986 -0.008491 -0.028556 -0.048257 -0.003180 -0.013568
0.016639 -0.099764 -0.036735 -0.035478 0.213453 -0.061337 0.211310 -0.225451 -0.026322 -0.047496 0.031144 -0.248703 -0.006656 -0.015947 0.060576 0.120415 -0.057493 -0.014872 0.158313 -0.036157 -0.008845 -0.016055 -0.010608 -0.027707 -0.003139 -0.032296
0.141885 0.033058 -0.067173 0.017855 0.163345 -0.102820 0.400928 -0.365156 -0.039901 -0.232685 0.186812 -0.364304 -0.024587 0.021161 0.127351 -0.038650 -0.156673 -0.026571 0.255441 -0.022609 -0.036471 0.000661 -0.032811 -0.119041 -0.004086 -0.068959
0.205070 0.047994 0.094965 -0.188966 -0.070178 0.140756 0.107106 0.135423 0.016107 -0.095580 -0.288712 -0.041183 -0.320630 -0.100507 0.010542 -0.016108 0.057372 -0.198197 0.116928 -0.322009 -0.053801 0.013433 0.065643 -0.012165 -0.005711 0.038602
0.200793 -0.092115 -0.026048 0.167158 0.028158 -0.062078 -0.034453 -0.220525 0.012506 -0.065503 0.236467 -0.057815 -0.240070 0.207452 -0.179704 0.166643 -0.238421 -0.009108 0.019055 -0.285958 -0.020582 0.006225 0.009583 -0.103479 -0.001358 0.033340
-0.046756 -0.097146 0.035302 0.144071 0.138572 -0.040917 -0.112858 -0.027787 -0.043007 -0.105944 -0.311418 0.085992 0.055187 0.029062 -0.040231 0.018104 -0.021333 0.049647 -0.035186 0.042399 0.002422 -0.034128 -0.019582 0.061045 0.002599 0.016942
0.249934 0.053528 0.016445 -0.084565 -0.089220 0.040606 0.057772 0.093628 -0.010038 -0.126521 -0.111037 -0.054265 -0.103558 -0.086514 -0.130406 0.072953 0.003686 -0.004023 0.154824 -0.135324 -0.027122 0.030692 0.059943 -0.052015 -0.001631 -0.006385
-0.058124 -0.059216 -0.056443 0.042354 0.147867 -0.027288 0.219728 -0.324288 -0.022818 -0.065580 0.016158 -0.094949 -0.088261 0.001833 0.062316 0.094759 -0.117247 -0.044990 0.159954 -0.098804 -0.027661 -0.005009 -0.025163 -0.050521 -0.003093 0.012007
0.039016 0.035599 -0.046061 -0.059280 0.065300 -0.059732 0.271777 -0.178490 0.014310 -0.093644 0.108472 -0.093622 -0.081743 0.049547 0.118353 0.001667 0.013576 -0.038935 0.144147 -0.080883 -0.021318 0.004250 -0.005279 -0.060104 -0.001685 -0.034911
-0.053779 0.056471 0.050263 -0.097416 -0.127279 0.146260 -0.218987 0.015546 0.015523 0.076909 -0.038307 0.211228 0.016682 -0.090517 -0.030898 0.061046 -0.001210 -0.108818 -0.075429 0.001580 0.034556 -0.001564 0.018866 0.068957 0.002071 0.054874
-0.037879 0.055299 -0.044435 -0.109471 0.069656 -0.028820 0.315714 -0.174334 -0.003992 -0.027129 0.085272 -0.166918 -0.105543 0.112018 0.147001 -0.008284 -0.010283 -0.036324 0.106172 -0.081620 -0.030696 -0.009985 -0.027234 -0.070319 -0.001243 -0.024209
0.000024 -0.075553 0.030328 -0.001573 -0.152021 0.076954 -0.227071 0.026437 0.010989 -0.065686 -0.066317 0.223055 0.007199 -0.005335 -0.101693 0.008421 0.063602 -0.067708 -0.178068 0.068913 0.006390 0.000972 0.026477 0.069860 0.002284 0.101432
0.148849 0.361505 -0.104743 0.239207 -0.209675 -0.041045 0.488287 -0.470351 -0.020349 0.170722 0.696339 -0.475496 -0.068306 -0.056024 0.330565 0.122106 -0.091006 -0.277610 0.020977 -0.507946 -0.025378 -0.011643 -0.076304 -0.008115 -0.002755 -0.058815
-0.077596 -0.045156 -0.015472 -0.076156 0.022178 -0.018112 -0.136908 -0.063293 0.006528 -0.027461 -0.052272 0.195599 0.065488 0.058453 -0.052203 0.001957 -0.037587 -0.041980 -0.084189 0.068706 0.004508 -0.017719 -0.016712 0.059003 0.002534 0.047782
0.051027 -0.072761 0.027019 0.141436 -0.277957 0.163864 -0.301391 -0.009873 0.013574 0.054724 -0.049236 0.198297 0.136413 -0.126409 -0.084034 0.125612 -0.011480 -0.130582 -0.044710 0.076005 0.038173 0.012879 0.042296 0.094385 0.003269 0.093936
-0.115292 -0.054928 0.041287 0.001110 -0.031512 -0.009074 -0.220861 0.097704 -0.002461 -0.068195 -0.130310 0.206736 0.037094 -0.009999 -0.113648 -0.019059 0.012298 -0.033101 -0.106713 0.048671 0.001929 -0.003886 0.003792 0.066120 0.001782 0.082271
0.027651 0.052302 -0.021287 -0.068765 0.078203 -0.056518 0.208866 -0.134087 0.007619 -0.053127 0.037131 -0.144182 -0.089720 0.071769 0.072440 0.022870 -0.022462 -0.002815 0.081006 -0.098871 -0.022340 -0.007155 -0.010155 -0.047277 -0.002132 -0.025818
0.048094 0.037034 -0.024413 0.032773 0.184747 -0.029126 0.153872 -0.142295 -0.001738 -0.064857 -0.019965 -0.194127 0.021045 0.019801 0.039854 0.047906 -0.020535 -0.014828 0.094441 -0.001760 -0.007797 -0.006703 -0.017970 -0.038161 -0.001337 -0.077026
0.192473 0.090985 0.043626 -0.098329 -0.066183 0.051094 0.069182 0.163590 -0.006599 -0.072430 -0.007681 -0.111205 -0.209946 0.112226 -0.055993 0.060141 0.025928 -0.118047 -0.025938 -0.204952 -0.044951 -0.006569 0.002824 -0.068518 -0.001330 -0.009293
0.184636 0.031926 0.025974 -0.110529 -0.104312 0.034384 0.072069 0.092113 -0.007041 -0.091785 -0.071387 -0.070628 -0.093657 -0.067968 -0.089239 0.070834 0.004258 0.031586 0.105836 -0.101752 -0.018131 0.022853 0.046777 -0.054396 -0.001166 0.009851
0.024644 0.030148 -0.031594 0.042539 -0.063324 -0.019990 0.250924 -0.181330 -0.001924 0.065785 0.395222 -0.215670 0.021269 -0.106977 0.077003 0.015251 -0.084233 -0.113982 -0.019031 -0.218241 -0.016797 0.000523 -0.002056 -0.024630 -0.002328 0.008514
-0.020322 -0.009184 -0.055673 -0.082217 0.125043 -0.068058 0.261832 -0.188260 -0.019280 -0.081974 -0.019214 -0.135838 -0.054414 0.008013 0.109398 -0.003135 -0.059658 -0.007053 0.153193 -0.032089 -0.024130 -0.007840 -0.025248 -0.046879 -0.001676 -0.014482
0.013276 0.015592 -0.055188 0.043955 0.045146 -0.066831 0.277858 -0.182454 -0.004652 -0.123464 0.127713 -0.168615 -0.055475 -0.051630 0.056365 0.082667 -0.106017 -0.040733 0.138478 -0.058254 -0.035367 0.005273 0.000919 -0.025174 -0.002390 -0.009346
0.082592 0.096072 -0.062308 -0.022963 0.069326 -0.085406 0.162468 -0.228329 -0.019511 -0.091302 0.027839 -0.177688 -0.156910 0.000610 -0.010862 0.160751 -0.103143 -0.052930 0.153565 -0.229856 -0.036001 -0.015907 -0.018700 -0.060997 -0.002594 0.004956
0.200233 0.105349 0.057427 -0.142594 -0.016078 0.004964 0.055260 -0.015097 0.026750 -0.111256 -0.009425 -0.097377 -0.196359 0.011488 -0.079343 0.137099 -0.096063 -0.080561 0.031975 -0.177076 -0.033395 0.010534 0.016859 -0.063173 -0.000222 0.000880
0.001761 -0.007875 -0.078302 -0.140742 0.170992 -0.095725 0.275268 -0.199465 -0.017721 -0.083838 0.086432 -0.190942 -0.081384 0.051269 0.108638 -0.032838 -0.053235 0.008090 0.117896 0.010199 -0.022636 -0.013920 -0.020081 -0.067725 -0.001481 -0.034071
0.218348 0.059704 0.019718 -0.120782 -0.029350 0.122875 0.001177 0.023196 0.025488 0.005811 0.109179 -0.005316 -0.219487 0.059610 -0.043868 0.095900 -0.056518 -0.158500 -0.047586 -0.142405 -0.008251 0.019963 0.046759 -0.109273 0.001426 -0.025563
0.131158 0.033763 -0.039045 -0.107482 0.072392 -0.112041 0.238764 -0.120571 -0.025607 -0.165769 0.009012 -0.239007 -0.105506 0.039391 0.012533 0.134814 -0.040576 -0.048980 0.141797 -0.317544 -0.036182 -0.017029 -0.047915 -0.081083 -0.002285 0.009712
0.258999 0.138479 0.106431 -0.250170 -0.114996 0.120748 0.218567 0.042756 0.003785 -0.121256 -0.081645 0.007779 -0.214811 -0.010272 0.073878 0.047556 0.000256 -0.202514 -0.071608 -0.149845 -0.018806 0.001859 0.036803 -0.049613 0.001065 -0.010948
-0.001604 0.004630 -0.036357 -0.023544 0.128906 -0.040061 0.168268 -0.214074 -0.010236 -0.072220 0.065647 -0.184891 0.027147 -0.038129 0.040464 0.080300 -0.035183 -0.051534 0.090873 0.011990 -0.010255 -0.010690 0.001808 -0.030028 -0.002751 -0.024423
0.084342 0.024968 -0.003289 0.038763 -0.029188 -0.025131 0.019718 -0.040549 -0.003825 -0.167354 0.021076 -0.070116 -0.068203 0.006693 -0.060206 0.089690 -0.022329 -0.009661 0.112643 -0.181804 -0.014995 0.005868 0.008004 -0.047889 -0.001090 0.026138
0.037961 -0.083481 0.000004 0.139007 -0.061182 0.031408 -0.107152 -0.160745 -0.001838 0.074092 0.044880 0.064778 0.046049 -0.014851 -0.015784 -0.034121 -0.071605 -0.108837 -0.049802 0.059110 0.004285 -0.003409 -0.004371 0.037522 -0.000200 0.039726
-0.053021 -0.006656 -0.052317 -0.083711 -0.041254 0.027086 0.174358 -0.050556 0.017690 0.072172 0.138436 -0.185585 -0.072014 0.054815 0.125670 -0.004658 -0.031234 -0.048668 0.057399 -0.080167 -0.017881 0.010025 0.000957 -0.016507 -0.003213 0.016860
0.003446 0.006362 0.033520 0.209901 -0.208995 0.018054 -0.148666 0.110280 -0.012173 -0.017100 0.079076 0.084225 -0.014590 -0.059638 -0.062047 0.065071 -0.002443 -0.081416 -0.003366 -0.077924 0.012111 0.019013 0.014792 -0.007245 0.000792 0.063776
0.083769 0.021680 -0.023956 0.049520 0.020599 -0.079559 0.248388 -0.205091 -0.024049 -0.108760 0.065553 -0.132274 -0.039604 -0.013126 0.095878 0.000998 -0.089556 -0.020812 0.151832 -0.009663 -0.021668 0.003554 -0.016071 -0.045098 -0.001732 -0.022682
0.002388 0.034491 -0.051196 -0.061956 0.093406 -0.047008 0.246464 -0.207704 -0.018413 -0.040010 0.089168 -0.102678 -0.095588 0.001133 0.075886 0.043460 -0.047941 -0.047697 0.077101 -0.062961 -0.023100 -0.009363 -0.011511 -0.024257 -0.002184 -0.020180
0.109232 0.031668 -0.040865 -0.097948 0.134977 -0.135257 0.254051 -0.348495 -0.009620 -0.038353 0.053971 -0.164061 -0.195102 -0.053882 0.047348 0.054727 -0.098868 0.010435 0.214154 -0.258135 -0.034121 -0.011736 -0.026817 -0.044740 -0.004299 -0.003910
-0.008161 0.053843 -0.014935 -0.027300 0.084667 -0.005691 0.115325 -0.080185 -0.006676 -0.164382 0.012738 -0.045433 -0.066361 -0.042072 0.013951 0.048265 -0.001671 0.020436 0.179668 -0.098691 -0.010180 0.006111 0.006694 -0.060403 -0.000367 -0.020511
0.049441 -0.115865 -0.062100 -0.056211 0.054224 -0.017813 0.207681 -0.078704 0.000052 0.027043 0.068837 -0.196555 -0.027815 0.009565 0.049432 0.021879 -0.079457 0.040589 0.149145 -0.066740 -0.026011 -0.000433 0.002629 -0.045290 -0.002308 -0.009480
0.118867 -0.042592 0.019692 -0.080740 -0.081149 0.036425 -0.009972 0.112761 -0.013281 -0.111606 -0.019554 -0.022670 -0.058660 -0.046924 -0.099201 0.039861 0.022074 0.041275 0.121243 -0.076885 -0.025116 0.025455 0.026744 -0.056524 -0.001106 0.027002
0.071049 0.021714 0.008543 -0.017772 0.084341 -0.036490 0.065195 -0.155439 -0.006220 -0.153772 0.039987 -0.136593 -0.058241 -0.051640 0.027036 0.075840 -0.031583 -0.004741 0.107250 -0.010307 -0.004529 0.004034 0.007898 -0.013864 -0.001994 -0.014861
-0.029274 -0.092435 -0.055522 0.042862 0.157546 -0.048258 0.113930 -0.289071 -0.039087 -0.022443 -0.049623 -0.025129 -0.034329 -0.015908 0.056531 0.034848 -0.149717 -0.040577 0.037823 -0.011571 -0.013052 -0.007404 -0.012549 0.015628 -0.002541 0.014536
0.120799 -0.056375 -0.012831 -0.164251 -0.015447 -0.020144 0.160543 -0.117264 -0.013272 -0.102216 0.000793 -0.149330 -0.067990 -0.043547 0.038261 0.092608 -0.069224 -0.066585 0.164551 0.011112 -0.014632 -0.003671 0.007562 -0.004532 -0.001504 0.023479
-0.071531 -0.073804 0.020394 0.035200 -0.041775 0.008641 -0.182307 0.065874 0.004226 -0.023400 -0.082164 0.170997 0.042132 -0.055479 -0.078326 0.028098 -0.011297 -0.046085 -0.093193 0.051600 0.005343 -0.001120 0.025164 0.066310 0.001216 0.065617
0.061428 0.163602 -0.042426 -0.116058 -0.037600 -0.106156 0.292238 -0.178914 0.015972 -0.007049 0.153191 -0.090509 -0.130359 -0.029258 0.057888 0.081173 -0.052700 -0.045937 0.069278 -0.029411 -0.020020 -0.004310 0.008762 -0.031020 -0.000893 -0.024710
0.136335 -0.009871 -0.016820 -0.102760 0.137818 0.060994 0.090220 0.010378 -0.021271 0.007835 0.018316 -0.057557 -0.198462 0.045872 -0.010842 0.152009 -0.102300 -0.097004 0.002618 -0.126255 -0.012958 0.003929 0.023163 -0.091466 0.000636 -0.052117
0.143412 0.007552 -0.064503 -0.027106 0.009231 -0.090011 0.309559 -0.280350 -0.024427 -0.074576 0.175066 -0.271989 -0.244177 -0.063214 0.116910 0.072743 -0.021190 -0.088745 0.269310 -0.312795 -0.037998 -0.004785 -0.036269 -0.078310 -0.004762 0.019528
0.256720 0.023696 0.007348 -0.142287 -0.031227 -0.013475 0.051812 -0.062869 -0.007664 -0.246348 -0.036206 -0.069034 -0.153617 0.041391 -0.018675 0.080174 -0.046408 -0.051657 0.078430 -0.194789 -0.019250 0.007592 0.006857 -0.082256 0.000163 0.025054
-0.012627 0.076284 -0.007039 -0.033545 0.114637 -0.055366 0.099692 -0.091455 -0.010143 -0.151392 -0.002038 -0.057175 -0.055245 -0.042046 0.013152 0.037959 -0.013601 0.032378 0.127695 -0.062173 -0.011777 0.000630 -0.004171 -0.038752 -0.000990 -0.026536
-0.082466 -0.040321 0.035872 -0.023994 -0.003763 -0.023804 -0.176177 0.110733 -0.009875 -0.065049 -0.171075 0.186777 0.011821 -0.078055 -0.096634 0.026311 -0.029108 -0.006642 -0.069565 0.079113 0.001144 -0.002777 0.017509 0.052439 0.001097 0.060080
0.088065 -0.017610 0.071291 -0.137268 0.016070 0.181479 0.190124 0.146778 -0.004904 0.024447 -0.325702 0.067136 -0.095956 -0.202665 0.129583 0.008165 -0.056275 -0.164889 -0.104879 -0.091314 -0.017598 -0.000177 0.030482 0.098370 -0.003752 -0.013986
0.078250 -0.079149 -0.062485 -0.113312 0.142018 -0.113875 0.143292 -0.166200 -0.040010 -0.053392 -0.015102 -0.153645 -0.116726 0.007583 -0.013123 0.058833 -0.039653 0.027366 0.188519 -0.165218 -0.028844 -0.011235 -0.018680 -0.038338 -0.001879 0.009453
-0.048205 0.017172 -0.009968 -0.060348 0.047717 -0.042613 -0.038838 -0.145101 0.006852 0.024457 -0.059986 0.129387 0.024937 0.030832 0.018322 -0.030916 0.016135 -0.046023 -0.008788 0.091279 0.005390 -0.014883 -0.013413 0.043627 0.001268 0.006477
0.051719 -0.008333 -0.014256 -0.030508 0.080784 -0.017814 0.130256 -0.204559 -0.000599 -0.145731 0.039939 -0.163945 -0.005916 -0.040312 0.023815 0.080434 -0.050998 0.003123 0.160987 -0.017752 -0.001252 0.002173 0.025012 -0.039364 -0.001626 -0.009723
-0.016417 -0.009227 -0.044556 -0.071003 0.102860 -0.096906 0.168920 -0.120300 -0.005208 -0.061576 0.133965 -0.110935 -0.028246 0.026104 0.078777 -0.030746 -0.039631 0.001624 0.079969 0.031913 -0.009670 -0.007169 -0.007604 -0.020619 -0.001077 -0.024948
-0.010475 0.113717 -0.056841 0.038733 -0.063778 0.004353 0.314311 -0.150705 0.004859 0.035698 0.052414 -0.178366 0.002431 0.047373 0.185821 0.030917 -0.088768 -0.116295 0.035496 -0.098583 -0.020253 0.016353 0.009597 -0.043854 -0.002004 -0.017314
0.001586 0.069883 -0.068656 -0.168190 0.074650 -0.039785 0.273988 -0.242560 -0.011147 -0.018903 0.020152 -0.083451 -0.108654 0.029963 0.089016 0.029503 -0.046405 -0.016405 0.138081 -0.090835 -0.026834 -0.018090 -0.025599 -0.034494 -0.002230 -0.013418
-0.003236 0.020051 0.032225 0.045126 -0.057338 0.062544 -0.109367 0.053671 0.025260 0.008014 -0.066216 0.126229 -0.001246 -0.085118 -0.054462 0.080199 0.000806 -0.063902 -0.122004 -0.004149 0.001306 0.006878 0.022405 0.033804 0.000774 0.026000
0.010119 -0.010725 -0.019665 -0.050693 0.065039 -0.001698 0.173218 -0.052478 -0.003052 -0.037836 0.019158 -0.104573 -0.072152 -0.010633 0.060235 0.050310 -0.017971 -0.054627 0.082517 -0.058795 -0.009547 0.001662 -0.001617 -0.019759 -0.001515 -0.016248
0.187170 0.135769 0.034397 -0.189669 0.020767 0.081330 0.132829 0.049864 0.016318 -0.034019 0.014602 -0.113728 -0.244456 0.072539 -0.070567 0.084306 -0.130757 -0.072321 0.048835 -0.241219 -0.036499 0.009390 0.002937 -0.053092 -0.000331 -0.040471
0.004326 -0.061990 -0.064857 -0.025748 0.043975 -0.027162 0.178912 -0.113630 -0.004273 0.004130 0.110609 -0.133234 -0.044448 -0.004309 0.031940 0.037430 -0.079347 -0.026298 0.111522 -0.061442 -0.025140 -0.003495 0.007784 -0.018843 -0.001982 0.002074
0.036073 0.043656 -0.034521 -0.015427 -0.049621 0.031032 0.178249 -0.140995 -0.021545 0.152668 0.162933 -0.104663 0.007392 -0.060622 0.170110 0.016580 -0.056993 -0.066972 0.027564 -0.077893 -0.001710 0.000168 -0.020300 -0.018365 -0.001454 -0.027087
0.090506 0.002164 0.049417 0.119154 -0.362239 0.221937 -0.234746 0.199990 0.035557 0.080540 0.032695 0.120719 0.065992 -0.117743 -0.060198 0.163824 0.006240 -0.136364 -0.025100 -0.085476 0.036163 0.033903 0.045065 0.074970 0.002052 0.067102
-0.038235 -0.025534 -0.031160 0.012962 0.021155 0.000797 0.181506 -0.152998 -0.007643 0.040917 0.073490 -0.052761 0.023887 -0.066338 0.115186 0.000967 -0.092231 -0.012612 0.068786 0.035359 0.007541 0.005483 0.003153 -0.022379 0.000616 -0.012042
0.000869 -0.024257 -0.050429 0.071780 0.081894 -0.025766 0.185270 -0.130955 -0.018062 0.015087 0.114024 -0.099490 -0.028431 -0.037608 0.108257 0.000274 -0.018895 -0.078213 0.061514 -0.063063 -0.003943 0.002347 0.004619 -0.033401 -0.002258 -0.031470
0.028473 -0.010534 -0.036782 0.143640 -0.054922 0.022690 0.083784 -0.076781 -0.032847 0.068693 0.091584 -0.144713 0.005936 -0.150962 0.109813 0.042209 -0.062932 -0.050176 0.039050 -0.162717 -0.001366 0.002542 -0.018476 -0.002609 -0.001998 0.012397
-0.007501 -0.069372 -0.047870 0.008474 0.131627 -0.025594 0.221386 -0.146847 -0.011619 -0.101616 -0.009131 -0.177680 -0.045869 -0.030576 0.033164 0.049440 -0.088335 0.029268 0.112096 -0.014580 -0.022387 -0.001760 -0.007659 -0.053153 -0.001514 -0.008999
0.183032 -0.015444 0.001623 0.049637 -0.103208 -0.033684 -0.065400 -0.039009 -0.023081 -0.115901 0.112823 0.038620 -0.127056 0.003686 -0.142223 0.067668 -0.058212 -0.032550 0.099459 -0.194718 -0.025139 0.000367 -0.007212 -0.071358 -0.000860 0.046379
-0.015456 -0.001811 -0.040772 -0.158725 0.130487 -0.042035 0.241688 -0.223428 -0.007670 0.039392 0.081392 -0.147966 -0.092434 0.036399 0.076651 0.017919 -0.070528 0.016956 0.096305 -0.053768 -0.018106 -0.014159 0.004995 -0.044227 -0.002077 -0.021767
0.094793 0.027746 -0.014232 -0.069291 0.077347 -0.063138 -0.026687 -0.088351 0.005712 -0.169062 0.042426 -0.125347 -0.088176 0.075329 -0.060435 0.193201 -0.100981 -0.050442 0.023711 -0.091676 -0.025538 0.006266 -0.005430 -0.053555 0.000465 0.011619
0.113263 0.069960 -0.032204 0.068002 -0.026482 -0.018219 0.023997 -0.141238 -0.011353 -0.125420 0.024864 -0.039544 -0.138562 0.003818 -0.042242 0.146425 -0.136068 -0.030857 0.145558 -0.176060 -0.018548 -0.009599 -0.034906 -0.056200 -0.000896 0.016002
0.213143 0.017782 0.059102 0.210609 -0.330039 0.190996 -0.167948 0.101180 0.050814 0.066789 0.173541 -0.043244 -0.035520 -0.125263 -0.100967 0.190308 -0.033374 -0.168279 0.018544 -0.266487 -0.002540 0.047600 0.040025 0.001081 -0.002711 0.052400
0.093408 -0.025967 0.024540 -0.089983 0.034242 -0.069373 0.073046 -0.001522 -0.018653 -0.103814 -0.018886 -0.086499 -0.039254 -0.035580 -0.019369 0.007829 0.022329 0.029972 0.105491 -0.092921 -0.016139 -0.001008 -0.001667 -0.034747 -0.000302 0.004008
-0.012445 0.018979 -0.020147 -0.064103 -0.049176 -0.015734 0.163837 -0.061506 -0.013342 0.101950 0.093897 -0.152569 -0.040922 0.020519 0.133657 0.034957 -0.034348 -0.062479 0.029561 -0.031501 -0.014872 0.000825 -0.003101 -0.033113 -0.001819 0.004145
0.045055 -0.028189 0.017523 0.201898 -0.284973 0.093080 -0.107222 0.015854 0.003120 0.055134 0.118515 0.047282 0.054180 -0.054802 -0.058417 0.043898 -0.019925 -0.031866 0.048405 -0.040808 0.009647 0.009379 0.016584 0.004322 0.000560 0.064121
0.020130 0.014209 -0.029496 -0.009368 0.024362 -0.044992 0.156631 -0.114120 0.001507 -0.011257 0.088134 -0.083177 -0.041255 0.012703 0.081451 -0.005617 0.006551 -0.037643 0.111116 0.006837 -0.007690 0.002710 -0.005881 -0.019603 -0.000414 -0.024774
0.165693 0.090332 -0.031035 0.184454 -0.262016 0.011338 0.070994 -0.039379 -0.031943 0.117815 -0.042596 -0.103833 0.149850 -0.092314 0.221215 -0.091500 -0.028047 -0.095602 -0.125818 0.074410 0.004814 -0.004056 -0.001253 0.004959 -0.002814 -0.001929
0.148448 0.182233 -0.088850 0.039090 0.079446 -0.032537 0.193328 -0.119084 -0.003954 -0.095834 -0.008862 -0.176626 -0.207499 -0.010437 -0.004900 0.017772 -0.054638 -0.013479 0.190320 -0.180159 -0.010857 -0.003390 -0.018017 -0.096807 -0.000287 -0.065407
0.092529 -0.025468 -0.005843 -0.070656 -0.008187 -0.009916 0.068704 -0.098953 0.000133 -0.132195 -0.006056 -0.142474 -0.080099 -0.050162 0.002933 0.089311 -0.027024 -0.019825 0.157380 0.003224 -0.008142 0.011738 0.026792 -0.017545 -0.001109 0.021507
0.081109 0.007296 -0.039598 -0.021390 0.089168 -0.092887 0.158703 -0.217425 -0.032691 -0.008713 0.038877 -0.129882 -0.082509 -0.066783 0.019798 0.064144 -0.044468 0.004848 0.136349 -0.077222 -0.020640 -0.007911 -0.028994 -0.014214 -0.002296 -0.016677
0.125045 -0.031129 -0.058098 -0.028453 0.056236 -0.039984 0.253969 -0.232948 -0.036939 0.152778 0.130393 -0.149115 -0.074760 -0.111018 0.129531 0.029438 -0.121965 -0.080702 0.067823 -0.070333 -0.010720 -0.007080 -0.012500 -0.006541 -0.002241 -0.037135
0.083715 0.088760 -0.025482 -0.002904 0.031344 0.020507 0.100242 -0.142694 0.000313 -0.046747 0.050832 -0.141165 -0.072648 -0.040025 0.024639 0.071494 -0.028876 -0.052858 0.114858 -0.029246 -0.014483 0.009497 -0.001682 -0.010053 -0.000657 -0.035305
0.104650 -0.036097 -0.041958 -0.130326 0.129027 -0.064530 0.143927 -0.174699 -0.008218 -0.023090 -0.003676 -0.079141 0.016902 -0.029637 0.040209 0.024089 -0.016637 -0.008543 0.114088 0.028299 -0.013390 -0.005150 -0.006245 0.000836 -0.001606 -0.042954
-0.014528 0.027607 -0.044338 -0.078099 0.081011 -0.006462 -0.025740 -0.107417 0.016897 -0.034090 -0.081271 0.191887 0.014310 0.029465 0.007336 -0.012003 -0.063452 -0.091330 -0.037696 0.051096 0.007578 -0.014991 0.007133 0.057403 0.000772 -0.008710
0.159845 -0.065242 -0.039716 -0.001123 -0.029440 -0.009559 0.068358 -0.108831 -0.013812 -0.079424 0.111319 0.009550 -0.132403 -0.036421 -0.071503 0.120818 -0.125997 -0.013401 0.134291 -0.164820 -0.016709 -0.001396 0.014086 -0.050898 -0.000644 0.022339
0.055117 -0.065227 0.011513 0.114161 -0.061061 0.077033 -0.123791 -0.085988 0.007338 0.039504 0.048663 0.031885 0.015348 0.014429 -0.055148 -0.015613 -0.066839 -0.113238 -0.058869 0.027468 -0.010677 0.002542 -0.003062 0.028514 0.000205 0.033389
0.155307 0.078341 0.023625 0.063276 -0.009129 -0.014077 -0.058002 -0.037445 0.004909 -0.242865 0.014550 0.087412 -0.184004 -0.012199 -0.139903 0.127114 0.030351 -0.020717 0.178943 -0.309993 -0.008109 0.013341 0.014547 -0.086903 -0.001958 0.012019
0.102060 -0.040285 -0.023130 -0.066315 0.056365 0.004962 0.075572 -0.126843 -0.004786 -0.181618 0.057319 -0.130844 -0.055898 -0.054911 0.031326 0.091046 -0.018945 -0.024848 0.108382 0.007760 0.001461 0.010095 0.018655 -0.010074 -0.000860 -0.001640
0.064120 -0.002080 0.004137 -0.062184 -0.051961 0.019005 0.044498 0.033810 -0.006593 -0.037545 -0.022579 -0.039578 -0.088558 -0.025242 -0.048090 0.041102 0.008610 0.027387 0.082580 -0.046523 -0.016494 0.010466 0.017819 -0.036361 -0.000936 0.016202
0.084672 0.110708 0.003320 -0.006110 0.078283 -0.149261 0.220680 -0.206926 -0.021336 -0.048594 0.142129 -0.199368 -0.054776 -0.075259 0.097845 0.025423 -0.062160 -0.025905 0.133556 -0.028753 -0.017731 -0.008607 -0.034974 -0.058656 -0.002635 -0.052025
-0.089354 -0.054578 0.001142 -0.107170 -0.007442 -0.035606 -0.137225 -0.029572 -0.005287 -0.068264 -0.008286 0.189251 0.011605 0.042525 -0.025496 0.018266 0.008301 -0.064266 -0.097005 0.033233 0.004576 -0.014308 0.001135 0.074470 0.001131 0.072374
0.012582 0.008085 -0.052428 -0.107697 0.077892 -0.062201 0.210027 -0.209153 -0.015129 -0.034227 0.119158 -0.145578 -0.015678 0.042152 0.089529 -0.028215 -0.103469 -0.033714 0.089179 0.010122 -0.017987 0.001343 -0.008513 -0.060654 -0.001226 -0.014977
0.015525 0.001922 -0.055520 0.021143 0.069150 -0.053148 0.167377 -0.198742 -0.021650 -0.011617 0.091502 -0.071883 -0.046974 0.047351 0.154724 -0.016527 -0.018916 -0.101726 0.023706 0.034514 -0.002503 -0.005818 -0.015028 -0.029932 -0.000958 -0.025555
0.134097 -0.037567 0.039585 -0.075344 -0.211819 0.044989 -0.040117 0.085907 -0.015325 -0.031092 0.022015 -0.063997 -0.016834 -0.027383 -0.091829 0.112835 -0.046731 -0.092039 -0.004728 -0.040777 -0.023663 0.009869 0.013585 -0.023683 -0.002233 0.076153
-0.280839 -0.032131 -0.066618 -0.254985 0.022058 -0.073607 0.326172 -0.168990 0.001866 -0.034359 0.305600 -0.194249 -0.179622 0.144600 0.135741 0.037538 -0.077745 -0.055108 0.160471 -0.158556 -0.055150 -0.004672 -0.059914 -0.025969 -0.002238 0.087206
0.041811 -0.021317 -0.024078 0.085870 0.030986 -0.073327 0.126481 -0.157350 -0.012703 -0.021785 -0.057800 -0.019325 0.081895 -0.031172 0.116464 -0.041715 -0.057681 -0.035364 0.083442 0.041723 0.012571 -0.004616 -0.001056 0.015433 0.001298 -0.021551
-0.013105 0.126533 -0.109146 -0.013550 0.101583 -0.078749 0.153561 -0.201366 -0.013360 -0.084285 0.001121 -0.201711 -0.109652 0.035788 0.045608 0.090967 -0.121711 0.026221 0.186134 -0.143498 -0.019964 -0.015046 -0.016929 -0.000644 -0.003029 -0.017710
0.056101 -0.006789 0.049770 0.060086 0.064337 0.026455 -0.122535 -0.014664 -0.026267 -0.061560 -0.198113 -0.028157 -0.083511 -0.049432 0.057021 -0.059484 0.074425 -0.092523 -0.126285 0.015256 -0.018331 -0.005430 0.009479 0.096157 -0.001538 0.014458
-0.115368 -0.111027 0.057659 0.025832 0.080777 -0.091913 -0.165295 0.111419 -0.040977 -0.061969 -0.219627 0.093769 0.013135 -0.006959 -0.078049 -0.022308 0.004560 0.022829 -0.042625 0.111761 0.001147 -0.016652 -0.003534 0.033527 0.001142 0.055748
-0.048762 0.020814 0.007846 -0.035935 -0.062569 -0.025091 -0.141567 0.013663 0.001784 0.003221 -0.055455 0.214027 0.063567 0.029427 0.003414 -0.024502 0.011363 -0.021005 -0.117181 0.082054 0.016372 -0.005405 -0.010335 0.060548 0.002362 0.033645
0.085202 0.084910 -0.021843 0.159626 -0.250318 -0.023073 0.076643 -0.047685 -0.032519 0.080739 0.018932 -0.083519 0.093976 -0.134753 0.186363 -0.094337 -0.046960 -0.095469 -0.106218 0.091519 -0.008849 -0.012922 -0.024951 0.004259 -0.002179 0.027893
-0.089909 -0.025891 -0.051976 -0.142097 -0.020302 -0.049300 0.238220 -0.160955 -0.015100 0.073975 0.139060 -0.164357 -0.078378 0.068049 0.169020 0.036829 -0.037336 -0.035871 0.108900 -0.100416 -0.022269 -0.007365 -0.024770 -0.025943 -0.001437 0.037032
0.110502 -0.102152 -0.041667 -0.111188 0.051817 -0.103982 0.260472 -0.235918 -0.035816 0.122638 0.218802 -0.264437 -0.079760 -0.184120 0.077780 0.037003 -0.144637 -0.064773 0.083645 -0.131589 -0.030293 0.002497 -0.005368 -0.032278 -0.004394 0.018470
0.079824 -0.057872 -0.079940 -0.062882 0.065352 -0.107495 0.322579 -0.259411 -0.044851 0.067712 0.227053 -0.163791 0.009906 -0.071833 0.148935 0.013300 -0.065722 -0.028026 0.133110 -0.095606 -0.019178 -0.018085 -0.038821 -0.025785 -0.001937 -0.031697
0.015223 -0.024079 -0.048562 -0.125839 0.065181 -0.048000 0.166846 -0.156316 0.002632 -0.078206 0.065853 -0.133203 -0.020692 -0.075407 -0.001444 0.067012 -0.050404 0.066796 0.156582 0.008470 -0.016166 -0.005184 -0.006042 -0.028692 -0.001197 0.000401
0.095260 -0.100396 -0.062000 0.239182 -0.019579 0.004669 0.014067 -0.232588 -0.024679 0.050651 0.094421 0.021158 0.173360 -0.084531 0.130492 -0.034278 -0.096567 -0.040703 -0.044170 0.093132 0.035777 -0.017080 0.006984 0.032547 0.001339 -0.020737
-0.080934 -0.167684 -0.004281 0.068818 -0.087363 0.019065 -0.145560 -0.011283 0.015938 0.022742 -0.011217 0.087432 0.023410 0.031188 -0.017926 -0.002684 0.019990 -0.099674 -0.049176 0.063225 -0.003390 0.005137 0.008033 0.066117 0.001009 0.095392
0.021491 0.100130 -0.078016 -0.207945 0.082208 -0.142799 0.400518 -0.387709 -0.010506 -0.055126 0.220765 -0.174030 -0.065078 0.011437 0.166079 0.026926 -0.121992 0.000089 0.115418 0.032271 -0.030563 -0.004676 -0.014703 -0.097904 -0.000668 -0.031071
0.099910 -0.003489 -0.056337 -0.089306 0.033920 -0.016973 0.243608 -0.207892 -0.028962 0.150325 0.101442 -0.184983 -0.134681 -0.060502 0.135136 0.026231 -0.090499 -0.092274 0.085694 -0.062048 -0.019769 -0.008656 -0.025068 -0.007846 -0.001868 -0.023196
-0.135968 -0.077424 -0.073678 -0.164379 0.003071 -0.090720 0.219726 -0.188645 -0.005251 0.009798 0.062064 -0.141960 -0.028506 0.121011 0.195526 -0.000614 -0.035377 -0.010601 0.070424 -0.023295 -0.026266 0.000396 -0.015523 -0.006854 -0.001027 0.062934
0.118366 0.011179 -0.072060 -0.025325 0.101142 -0.182864 0.230266 -0.290563 -0.020432 -0.078913 0.053323 -0.149690 -0.169725 -0.036426 0.045544 0.083486 -0.105280 0.009765 0.238406 -0.318554 -0.036911 -0.008394 -0.036471 -0.036813 -0.004332 0.009074
0.142525 0.049010 -0.037633 -0.056595 0.056560 -0.105626 0.148993 -0.055145 -0.018709 -0.117798 0.023220 -0.168745 -0.184850 -0.061793 -0.021343 0.040537 -0.045120 0.047720 0.190956 -0.088301 -0.012126 -0.002943 -0.016749 -0.054933 -0.000492 -0.022312
0.263051 0.252099 0.041729 0.139153 -0.424022 0.144983 -0.146685 0.146946 0.106546 -0.231305 0.066652 0.193542 -0.243063 0.019614 -0.187333 0.305291 0.030108 -0.094642 0.119750 -0.440947 0.003574 0.059388 0.078792 -0.064735 -0.000108 0.059683
-0.004157 -0.070951 0.014251 0.103910 -0.107606 0.026379 -0.228672 -0.102025 -0.016818 -0.026984 -0.102099 0.203267 0.098997 -0.098611 -0.078429 0.054310 -0.007430 -0.033698 0.007796 0.106216 0.025936 -0.004834 0.030681 0.053455 0.002237 0.073631
0.064799 0.095529 0.003008 0.238579 -0.231243 0.012256 0.154348 -0.020545 -0.010920 0.121591 0.125847 -0.265411 0.048886 -0.125104 0.142687 0.018398 0.006282 -0.144091 -0.132691 -0.145222 -0.019962 0.002297 -0.036981 0.012481 -0.003121 0.026485
0.203078 -0.003470 0.011131 -0.144894 -0.123385 0.171267 -0.115968 0.189245 0.025103 0.086762 0.032345 -0.127169 -0.316125 0.001324 -0.204894 0.136664 -0.028621 -0.042928 0.038585 -0.273116 -0.031131 0.015223 0.006505 -0.042216 -0.003634 0.043842
0.164113 -0.040853 -0.046635 -0.029350 0.011934 -0.037048 0.237322 -0.201099 -0.024208 0.158400 0.141785 -0.156930 -0.061738 -0.125805 0.117065 0.112240 -0.116767 -0.103947 0.012874 -0.060518 -0.016443 -0.005426 -0.012207 0.014759 -0.003005 -0.029636
0.060892 0.081432 -0.020416 0.000696 0.001902 -0.032887 0.143818 -0.112388 -0.008261 0.034658 0.125801 -0.111242 -0.006273 -0.068321 0.062426 0.032453 0.000132 -0.046705 0.091796 -0.109876 -0.005753 0.001090 -0.005659 -0.017093 -0.002235 -0.035903
0.010070 -0.041943 -0.061864 -0.107459 0.006014 -0.033827 0.175230 -0.286753 -0.029938 0.028816 0.117817 -0.137868 -0.052855 -0.030742 0.130741 0.047142 -0.064721 0.031093 0.188540 0.014946 -0.007031 -0.022831 -0.005391 -0.011383 -0.001137 0.014803
0.056755 0.011289 -0.035946 -0.087783 0.039862 -0.048136 0.213635 -0.154326 -0.019262 0.082248 0.100285 -0.184484 -0.103207 -0.042459 0.119669 -0.003628 -0.087084 -0.078936 0.057054 -0.035704 -0.015449 0.001495 -0.007463 -0.017678 -0.001890 -0.014762
0.002117 0.102349 -0.053761 -0.024705 -0.014885 0.051595 -0.045126 -0.169284 0.027053 0.019185 -0.001718 0.117818 0.063128 0.067302 0.025744 0.000902 -0.035621 -0.127899 -0.081287 0.078503 0.012514 -0.005091 0.005672 0.044496 0.000591 -0.011186
0.149132 0.369243 -0.010602 0.116567 -0.310475 0.022830 0.111708 -0.060935 0.083283 0.180328 0.257412 -0.226041 -0.038069 -0.110999 -0.077782 0.082951 0.018534 -0.062345 -0.041340 -0.311678 -0.018489 0.022356 0.044996 -0.038661 -0.004195 -0.012178
0.063068 0.024782 0.074145 0.054262 -0.394781 0.212692 -0.156012 0.063641 0.054116 0.088184 0.198440 0.007006 -0.011972 -0.042274 -0.131697 0.164739 -0.088047 -0.058647 -0.100535 0.003877 -0.009891 0.018859 0.063709 -0.022697 -0.001153 0.097016
0.073249 0.035735 -0.044146 -0.053429 0.024366 -0.046183 0.190698 -0.183025 0.000810 -0.038709 0.093421 -0.135119 -0.163815 -0.001143 0.055769 0.060549 0.035244 -0.073376 0.185057 -0.250867 -0.029812 -0.000783 -0.014470 -0.063615 -0.002346 0.006339
-0.075095 0.028302 -0.068887 -0.121776 0.241007 -0.078101 0.253171 -0.212402 -0.017246 -0.020163 0.047475 -0.227509 -0.083724 0.087019 0.093258 -0.046380 -0.063892 0.014483 0.085625 -0.060157 -0.025157 -0.014972 -0.022405 -0.037804 -0.002601 -0.042735
0.071143 -0.015291 -0.055315 -0.069205 0.068350 -0.155842 0.116651 -0.077906 -0.011642 0.000255 0.087292 -0.137562 -0.082584 -0.048748 -0.012300 0.049973 -0.053650 -0.002818 0.102165 -0.023092 -0.021001 -0.002192 -0.010574 -0.019631 -0.001520 -0.007126
0.089900 -0.007880 -0.027633 0.098300 0.026014 -0.005437 0.186361 -0.130509 -0.015557 -0.008605 0.505792 -0.207075 -0.096871 -0.033024 0.027628 0.053493 -0.035452 -0.140205 0.023518 -0.175756 -0.013958 -0.010841 -0.011695 -0.018544 -0.001630 -0.038348
0.133681 0.018764 -0.076328 0.068685 0.018094 -0.092502 0.279367 -0.234060 -0.028168 -0.093510 0.152436 -0.234503 -0.225242 -0.071030 0.111006 0.086279 -0.044814 -0.063637 0.276381 -0.283492 -0.024488 -0.001271 -0.036974 -0.043486 -0.004229 -0.001032
0.109777 0.040909 -0.046996 -0.004516 0.027966 0.025173 0.124512 -0.037064 -0.015620 0.101225 0.303379 -0.145720 -0.078309 0.037832 0.083755 -0.041468 -0.037621 -0.129857 0.068145 -0.089508 0.017511 -0.005306 -0.004686 -0.031885 0.000000 -0.073720
0.258460 -0.061952 0.015169 -0.047161 -0.095169 0.198558 -0.115265 0.206282 0.022221 0.006073 -0.001056 -0.094197 -0.356126 -0.009916 -0.258794 0.137739 -0.060736 -0.008264 0.086800 -0.300321 -0.022839 0.022000 0.022532 -0.074932 -0.002490 0.035546
0.032889 -0.027586 0.029204 0.053318 0.000680 -0.142644 0.178340 -0.020833 -0.049179 -0.074540 -0.038590 -0.069816 -0.033330 -0.027701 0.068504 -0.043107 0.001758 0.042983 0.054748 -0.068465 -0.014386 -0.001320 -0.000214 -0.068796 -0.001354 0.011708
-0.068558 -0.109446 0.006960 0.054800 0.031454 -0.016200 -0.180714 0.055242 -0.019913 -0.033953 -0.128195 0.042745 0.018952 0.036940 -0.064935 -0.035666 0.008906 -0.037010 -0.058679 0.015504 -0.003923 -0.015768 -0.018336 0.054161 0.001097 0.062441
0.036415 0.049877 -0.044109 0.096863 0.000761 -0.089915 0.151257 -0.167660 -0.021780 -0.006631 0.099634 -0.129231 0.021727 0.043876 0.160966 -0.028976 -0.065178 -0.116680 0.009402 -0.019672 -0.000672 -0.009433 -0.012132 -0.003594 -0.002195 -0.018894
0.234734 -0.018950 0.041536 -0.116125 -0.062474 0.068599 0.068895 0.210804 -0.019443 -0.001553 0.117254 -0.104933 -0.256300 -0.003019 -0.032495 0.076434 -0.036168 -0.081112 0.058473 -0.281641 -0.020214 0.010376 0.011459 -0.034506 -0.003228 -0.012974
0.002210 -0.056948 -0.017360 0.023354 0.049337 0.021253 0.104992 -0.104714 -0.004919 -0.021298 0.010397 -0.009770 0.036529 -0.048675 0.093406 -0.051333 -0.070806 -0.055800 0.031274 0.058559 0.015213 -0.002023 0.005866 0.006958 -0.000315 -0.013509
0.037954 -0.001494 -0.019714 -0.011830 0.046271 -0.055982 0.079491 -0.122892 -0.001798 -0.192130 0.055722 -0.072402 -0.105841 -0.011059 -0.057142 0.136321 -0.130589 -0.000130 0.126136 -0.158096 -0.018689 0.006458 -0.012222 -0.062184 -0.001440 0.032758
0.145227 0.092065 -0.020040 -0.007801 -0.032997 0.064707 0.090769 0.054864 -0.007249 -0.074952 -0.142285 -0.138821 -0.051938 -0.056619 -0.026665 0.065552 0.038245 -0.007027 0.123632 -0.037133 -0.012786 0.011137 0.030033 -0.034009 -0.001141 -0.038049
0.008297 0.087553 -0.016587 -0.040628 -0.011313 -0.042802 0.212436 -0.216023 -0.001787 0.030543 0.179830 -0.120729 -0.052948 -0.052871 0.070583 0.045498 -0.021608 -0.049357 0.053336 -0.031933 -0.007786 -0.005757 -0.003207 -0.021995 -0.002349 -0.012457
-0.122162 -0.067493 0.021108 -0.060986 -0.069196 -0.057012 -0.155526 0.106346 -0.024243 -0.076046 -0.031546 0.120280 0.054106 0.035125 -0.016073 -0.002806 0.047294 0.006079 -0.107379 0.056295 0.003650 -0.008528 -0.013353 0.068219 0.001109 0.086367
0.070796 -0.094275 -0.047179 0.313374 -0.040563 -0.047847 -0.045761 -0.281066 -0.037618 0.036132 0.045429 0.126260 0.168272 -0.057584 0.116068 -0.077930 -0.101944 -0.065623 -0.094766 0.114080 0.034311 -0.022124 -0.004329 0.060608 0.001914 0.006897
0.097108 -0.035626 0.024747 -0.024204 -0.045977 -0.002003 0.019546 0.096833 -0.011778 -0.088883 0.010208 -0.048721 -0.068894 -0.016582 -0.052818 0.037703 -0.010794 -0.001157 0.084910 -0.088487 -0.016959 0.019455 0.029598 -0.041145 -0.000939 0.014559
-0.022660 -0.046439 -0.038717 -0.009165 0.018198 -0.046768 0.179903 -0.095798 -0.018081 -0.012462 0.066397 -0.076978 -0.050822 0.013287 0.115436 -0.013757 -0.042248 -0.030700 0.050448 0.019086 -0.001960 0.004181 0.012297 -0.033581 0.000829 0.005060
0.006425 0.022065 -0.072373 0.023852 -0.132057 -0.014580 0.202897 -0.146265 0.010410 0.131247 0.116120 -0.110684 0.079880 0.067524 0.162866 0.023801 -0.065427 -0.103105 0.014027 -0.031439 -0.004515 0.008020 0.013524 -0.015478 -0.001082 0.007757
0.134833 0.067765 0.025080 0.060556 -0.071040 -0.064878 0.021010 -0.017627 0.011041 -0.229223 0.016698 -0.071638 -0.083815 -0.012950 -0.087552 0.131383 -0.049310 0.030733 0.117357 -0.163593 -0.012002 0.005677 0.010619 -0.040476 -0.000976 0.022950
0.176785 -0.025066 -0.041638 -0.022038 0.022729 0.009223 0.249354 -0.178559 -0.032107 0.205368 0.106585 -0.173973 -0.107358 -0.119463 0.134718 0.085755 -0.095825 -0.114883 0.005478 -0.093975 -0.015545 -0.004631 -0.008183 0.003425 -0.003310 -0.044558
-0.016669 0.016837 0.027966 0.186903 -0.110146 0.010055 -0.116889 0.118254 -0.009233 -0.051884 0.048763 0.029238 -0.084793 -0.040376 -0.048160 0.079848 0.011590 -0.054210 -0.000131 -0.115689 0.006776 0.018327 0.017428 -0.017094 -0.000361 0.043618
-0.081095 -0.072935 0.021230 0.100989 0.122433 -0.043743 -0.157763 0.039516 -0.031156 -0.051670 -0.251731 0.018607 0.065726 0.014815 -0.038094 0.012742 0.001048 0.040379 -0.052830 0.021742 -0.001620 -0.020465 -0.002552 0.049904 0.000238 0.022632
-0.188413 0.018793 -0.043085 -0.196152 -0.109660 -0.071642 0.287464 -0.173462 0.009195 0.080997 0.271340 -0.192103 -0.102346 0.066566 0.158880 0.033784 -0.074028 -0.019173 0.154474 -0.139305 -0.030400 -0.005642 -0.032500 -0.027874 -0.002246 0.079326
0.005360 0.088077 -0.028905 0.103568 -0.005163 -0.026268 -0.020697 -0.177976 0.009507 0.022322 0.010189 0.100756 0.124292 -0.005096 0.074499 -0.018737 -0.067022 -0.093274 -0.047779 0.121757 0.021923 -0.009399 0.004804 0.017401 0.001606 -0.029787
0.064312 -0.046983 0.086539 -0.131170 0.057985 0.026221 0.125848 0.193495 -0.040351 -0.120242 -0.247356 -0.012999 -0.137531 -0.100003 0.029957 -0.037305 0.011536 -0.118133 0.035096 -0.107893 -0.021047 -0.002697 0.025274 0.022028 -0.002755 0.011618
0.014326 0.021683 0.003385 -0.000850 -0.038114 0.018383 0.093516 0.003962 -0.016938 -0.054617 0.033643 -0.106368 -0.090355 -0.074757 0.065338 0.136385 -0.018307 -0.021562 0.106153 -0.218366 -0.011183 0.002488 0.011694 -0.042905 -0.003064 0.021219
0.077460 0.053686 -0.032944 -0.051282 0.063134 -0.065343 0.178639 -0.170331 0.015434 -0.062351 0.044846 -0.061173 -0.050663 -0.006778 0.000803 0.006969 -0.019571 -0.042771 0.149649 -0.126399 -0.020002 0.006343 -0.005018 -0.056586 -0.001884 -0.024308
0.021737 0.025294 -0.021076 0.013694 0.000626 -0.010378 0.126746 -0.060521 -0.012904 0.106691 0.059465 -0.119628 -0.011544 0.013244 0.111602 0.042712 -0.039913 -0.074598 -0.026897 -0.008583 -0.012296 0.002102 0.005877 -0.028728 -0.001762 -0.025857
-0.217055 -0.269290 0.040348 0.082791 0.020559 -0.020579 -0.349951 0.044508 0.024195 -0.032849 -0.107638 0.401367 0.007519 -0.057766 -0.168293 0.016765 -0.073558 -0.015217 -0.185603 -0.011904 0.007016 -0.002217 0.007182 0.181366 0.002564 0.155537
-0.156492 -0.123681 -0.015787 -0.147551 0.074410 -0.018344 0.212550 -0.014604 -0.012650 -0.028524 0.136795 -0.143911 -0.123197 0.068408 0.064479 0.012503 -0.037314 0.002364 0.101882 -0.111450 -0.038270 -0.003972 -0.031564 -0.025080 -0.000957 0.046012
0.078913 0.005882 -0.031320 -0.006357 0.000494 -0.039100 0.167676 -0.131408 -0.021072 0.097765 0.112695 -0.176539 -0.065774 -0.081614 0.086647 0.009006 -0.061594 -0.066472 0.043951 -0.069440 -0.008534 0.003738 -0.004338 -0.026376 -0.002143 -0.010730
0.016573 -0.001784 0.006990 0.155751 -0.091331 0.066504 -0.168834 -0.077803 0.014633 -0.029314 -0.040327 0.173833 0.146674 -0.112243 -0.040380 0.092779 -0.055534 -0.067554 -0.010108 0.051319 0.026891 0.011320 0.049653 0.065318 0.001375 0.022899
-0.040767 -0.129722 0.057888 0.044325 -0.053585 -0.058827 -0.094819 0.070359 -0.019843 0.024527 -0.050061 0.042583 0.110276 0.018442 -0.023903 0.042328 -0.022117 0.015143 -0.103853 0.029204 0.008216 -0.001999 -0.005919 0.027141 -0.000348 0.058974
0.032920 -0.006393 -0.061053 -0.158830 0.008165 -0.067942 0.133634 -0.056259 0.002532 -0.050637 0.032630 -0.038386 -0.032806 -0.027854 0.060766 0.026797 -0.026111 0.057409 0.115099 0.022294 -0.001927 -0.015220 -0.013900 0.008803 0.000740 -0.003004
-0.038718 -0.071920 0.093316 0.034365 -0.061689 -0.060611 -0.247233 0.188579 -0.037641 -0.062692 -0.191475 0.181131 0.159266 0.014798 -0.092772 -0.049684 0.035588 0.036139 -0.131848 0.032262 0.021589 -0.003149 0.013505 0.039449 0.002164 0.063601
0.178673 0.110357 0.014900 0.001803 -0.188997 -0.004954 0.048528 0.101072 -0.016823 -0.074727 0.037447 -0.143191 -0.017728 -0.012704 -0.005730 0.069115 0.005675 -0.017256 0.063126 -0.145861 -0.011872 0.014831 0.006619 -0.085459 -0.001397 0.007328
-0.051648 -0.082871 0.041230 0.013013 0.096358 -0.005110 -0.119667 -0.030883 0.011377 -0.017534 -0.115750 0.192160 -0.009899 -0.013120 -0.031330 0.001326 -0.040041 0.008169 -0.048613 -0.076882 0.008743 0.000212 0.017252 0.098546 0.000636 0.024352
0.014289 0.127891 -0.055809 -0.168104 0.054733 -0.052394 0.309814 -0.273594 0.001195 -0.081972 0.194381 -0.159991 -0.091736 0.030999 0.104760 0.052932 -0.112087 -0.020069 0.100706 -0.054548 -0.020994 0.000916 0.004498 -0.074404 -0.000705 -0.027109
0.095681 -0.074282 -0.004104 0.224350 -0.131320 -0.022262 0.106380 -0.113762 -0.049716 0.041411 0.269298 -0.062133 0.098503 -0.201523 0.141196 0.120413 -0.041349 -0.061180 0.017453 -0.162516 0.000476 0.000174 -0.004187 0.023032 -0.006196 0.010285
-0.029387 -0.022280 -0.050655 -0.037395 -0.026771 0.024658 0.107091 -0.025407 0.005543 0.075235 0.116152 -0.106592 0.015152 0.035016 0.119192 0.031942 -0.054557 -0.057557 0.000528 -0.014936 -0.006478 0.007660 -0.006925 -0.022514 -0.002034 -0.001327
0.093442 0.072632 -0.026265 0.154983 -0.063703 0.053934 0.095730 -0.054293 0.013892 0.028127 0.195701 -0.063976 -0.061090 -0.150661 0.105340 0.098088 -0.016069 -0.137743 0.100280 -0.249798 0.010186 0.021162 0.013675 0.004808 -0.003256 -0.032624
0.029853 0.031225 -0.042166 0.052080 -0.023255 -0.021742 0.116663 -0.133653 -0.015255 0.047281 0.056885 -0.052119 0.007320 -0.004253 0.094099 0.029697 0.018715 -0.061502 0.037313 0.016846 -0.000165 -0.001145 -0.000303 -0.022352 -0.000639 -0.019447
0.089665 0.098115 -0.000754 -0.106840 -0.038187 0.020791 0.034160 -0.095035 0.048055 0.034615 0.038914 0.037349 -0.047271 0.016407 -0.017828 0.034723 -0.039302 -0.065842 0.005136 -0.013529 -0.011333 0.011305 -0.005113 0.037509 -0.001661 -0.018767
0.041773 -0.020941 -0.055024 -0.080716 0.114841 -0.041114 0.206903 -0.046831 -0.000330 -0.109845 0.054204 -0.087510 -0.116586 0.049198 0.101021 -0.007334 0.046726 -0.073384 0.136814 -0.087387 -0.008693 0.004781 -0.000063 -0.035047 -0.001152 -0.036618
0.280270 -0.003717 0.003784 -0.001989 -0.060786 0.145946 -0.082260 0.076260 0.048209 0.007372 0.059435 -0.095279 -0.414441 -0.001293 -0.283076 0.210487 -0.064029 -0.033282 0.122627 -0.337716 -0.020843 0.025862 0.025390 -0.058210 -0.001863 0.017653
-0.004945 0.027821 -0.031378 0.045084 0.042323 -0.004595 0.149580 -0.166198 -0.020382 -0.007226 0.062845 -0.064683 -0.033943 -0.031801 0.066650 0.050027 -0.010182 -0.026498 0.065754 -0.073304 -0.002374 -0.004537 0.000853 -0.001168 -0.002515 -0.017462
0.157652 0.342499 -0.051884 0.121624 -0.295219 0.141235 0.113484 -0.301482 0.093702 0.316483 0.329053 -0.095233 -0.162983 -0.068008 -0.030932 0.122721 -0.052692 -0.134392 -0.034084 -0.280287 -0.012689 0.012420 0.032021 -0.048275 -0.002654 -0.017930
-0.015986 -0.106107 -0.005192 0.053513 -0.076769 -0.023335 -0.126158 -0.042500 -0.019403 -0.000033 0.029103 0.081977 0.128299 -0.010126 -0.017674 -0.061133 -0.023524 -0.029491 -0.058378 0.091728 0.011349 -0.009328 -0.009254 0.037627 0.000614 0.058904
-0.069692 0.041958 -0.033798 -0.104631 0.085564 -0.041758 0.233685 -0.174179 -0.002657 -0.001979 0.053926 -0.158307 -0.079822 0.063927 0.081397 0.018258 -0.017033 -0.013540 0.056628 -0.029107 -0.023901 -0.004381 -0.000697 -0.039419 -0.002132 -0.007810
0.110154 0.063979 -0.035850 0.093239 -0.113347 0.052064 0.184960 -0.176566 -0.010010 0.204913 0.105758 -0.088724 0.015659 0.034270 0.193088 -0.046001 -0.015439 -0.068145 0.024507 -0.014160 0.016805 -0.000224 -0.006856 -0.022795 -0.000875 -0.052249
-0.057508 -0.083451 0.011994 0.081702 -0.026072 -0.041741 -0.004115 0.006898 -0.026712 -0.059725 -0.020213 0.049385 0.068003 -0.006333 0.021990 -0.030432 0.013820 0.040678 -0.028363 0.019619 0.011487 -0.011604 0.003273 0.015036 0.000160 0.037046
-0.023419 -0.098537 0.017676 0.080450 -0.026334 0.003739 -0.157393 0.070836 -0.010228 -0.072481 -0.099596 0.071103 0.060967 -0.016412 -0.078615 0.001333 -0.024994 -0.006291 -0.107027 0.037788 -0.001456 0.002151 0.012127 0.029276 0.001127 0.060145
0.134752 0.038468 -0.014015 0.123308 0.023027 -0.095494 0.121601 -0.226044 -0.020126 0.038202 0.092549 -0.167077 0.031089 -0.057244 0.101675 0.018700 -0.030506 0.033263 0.039163 -0.150358 -0.000981 -0.008859 -0.047097 0.022722 -0.000444 -0.035860
-0.018819 -0.033017 0.012394 0.089229 0.060594 -0.119059 0.141314 -0.024410 -0.019818 -0.032791 -0.029842 -0.066240 -0.000709 0.030212 0.116026 -0.043473 -0.029339 -0.023746 -0.016332 0.033014 0.008030 0.001850 0.028729 -0.013162 0.000523 -0.015105
-0.016036 0.053693 -0.024990 -0.093730 -0.099418 0.055219 0.236621 -0.119383 -0.025121 0.116497 0.113282 -0.195110 -0.162532 -0.024766 0.044981 0.082607 -0.057622 -0.089685 0.152052 -0.158479 -0.012790 -0.005412 0.017205 -0.018849 -0.003033 0.032943
0.015555 0.083136 -0.036684 -0.034703 0.055017 -0.056140 0.155172 -0.169248 -0.016090 0.038310 0.088785 -0.088189 0.000589 -0.057866 0.078220 0.021967 -0.020224 -0.062857 0.058951 -0.054546 -0.005579 -0.014979 -0.020505 -0.008506 -0.000930 -0.032963
0.003261 0.102045 0.007612 -0.040602 -0.062129 0.059166 0.194529 -0.025318 0.008797 -0.012471 0.094986 -0.154339 -0.067882 -0.043141 0.084758 0.028605 -0.010673 -0.018499 0.030712 -0.085913 -0.026575 -0.004681 -0.032142 -0.032253 -0.001067 -0.011119
-0.105116 -0.051213 0.022028 0.053744 0.056144 -0.036122 -0.147110 0.104479 -0.017243 -0.050033 -0.179723 0.070239 0.033244 0.029696 -0.069936 0.000301 -0.009699 -0.006581 -0.066738 0.010061 -0.000511 -0.014102 -0.011467 0.036247 0.000812 0.042526
-0.082527 -0.017528 -0.059509 -0.059847 -0.002035 -0.063772 0.219959 -0.234279 -0.007024 0.029817 0.025670 -0.110796 -0.021142 0.080989 0.191597 0.044327 -0.029166 -0.025251 0.014290 -0.055745 -0.013497 -0.004204 -0.007888 0.000488 -0.001216 0.036321
0.031018 -0.006015 -0.052454 -0.003936 0.023296 -0.056889 0.144674 -0.195620 -0.021777 -0.070442 0.068869 -0.148272 -0.074930 -0.041362 0.002333 0.130667 -0.092645 -0.006073 0.138468 -0.111086 -0.018026 0.002003 0.003658 -0.048857 -0.002333 0.025324
-0.005369 0.039314 -0.055667 -0.042510 0.130631 -0.041201 0.146650 -0.172294 -0.011383 0.002074 -0.060902 -0.066323 0.036890 0.049539 0.035327 0.030035 -0.035677 0.018915 0.051346 -0.014275 -0.011925 -0.012972 -0.005293 -0.003300 -0.001006 -0.042838
-0.024803 -0.156046 -0.000283 0.150931 -0.044391 -0.075102 0.012550 0.090064 -0.027866 -0.008912 0.010654 -0.021298 0.033874 0.001675 0.006377 -0.029898 -0.034929 0.020975 0.012363 -0.004701 0.003187 -0.000972 0.005815 -0.025893 -0.000032 0.042293
-0.046782 0.046203 -0.030254 -0.033527 0.074513 -0.029142 0.191612 -0.123729 0.010122 -0.037432 -0.003504 -0.077919 -0.073266 0.029684 0.064143 0.056812 0.026379 -0.035593 0.123213 -0.104071 -0.019124 0.004423 0.004937 -0.032793 -0.001551 -0.015696
0.105910 0.009172 -0.023611 -0.110775 0.114043 -0.139072 0.166993 -0.062987 -0.033197 -0.064375 -0.017835 -0.157738 -0.190565 -0.005766 -0.017330 0.033547 0.009379 0.020897 0.137002 -0.215138 -0.029529 -0.010242 -0.035731 -0.065252 -0.000605 -0.004724
0.081910 -0.031773 -0.033385 -0.019276 -0.003237 -0.019581 0.177362 -0.142928 0.001267 -0.071728 0.112257 -0.025855 -0.046293 0.013717 0.105328 0.015446 0.023845 -0.067609 0.120296 0.010711 -0.008254 0.005446 -0.017909 -0.016553 -0.000104 -0.020245
0.082335 -0.078406 -0.043656 -0.059844 0.005082 -0.023800 0.175509 -0.070906 0.000587 0.042000 0.018192 -0.148484 -0.066513 0.013641 0.041449 0.011855 -0.018435 0.022647 0.153684 -0.064621 -0.023368 0.001640 0.003992 -0.050070 -0.001842 -0.003484
-0.133578 0.057149 -0.081384 -0.452914 -0.048348 -0.082154 0.576613 -0.178496 -0.014341 -0.027788 0.258327 -0.313539 -0.280357 0.088854 0.264603 0.113313 -0.104194 -0.041909 0.165269 -0.322283 -0.068580 -0.010046 -0.070126 -0.065538 -0.002526 0.076877
0.088336 0.112811 -0.062640 0.139430 -0.104909 -0.031094 0.239352 -0.265809 -0.009667 0.182912 0.160446 -0.169523 0.125325 0.003321 0.189925 -0.064019 -0.087650 -0.036899 0.051129 -0.077770 0.013607 -0.013976 -0.008926 -0.004276 -0.002461 -0.051445
0.083938 0.342356 -0.050364 0.249077 -0.301607 -0.033323 0.110032 -0.201348 0.003990 0.232976 0.228189 -0.228379 0.023464 -0.152331 0.125759 0.061536 -0.050030 -0.167396 -0.201246 -0.146610 -0.004541 -0.002314 -0.053876 0.032585 -0.003948 0.007981
-0.002064 -0.034182 -0.063405 -0.075804 -0.081502 -0.060461 0.155375 -0.180850 -0.007505 0.133047 0.242884 -0.110692 -0.022761 -0.003814 0.117906 -0.026090 -0.043723 -0.053224 0.022568 -0.020606 -0.004783 -0.000364 0.004872 -0.025122 -0.001369 0.032582
0.032596 0.066125 -0.028355 -0.069706 0.088895 0.034498 -0.023181 -0.150084 0.037995 0.035367 -0.104069 0.206813 -0.025563 -0.014000 0.010452 0.049613 -0.080592 -0.134244 -0.035474 -0.035529 0.006962 -0.010972 0.022246 0.070332 0.000363 -0.026495
0.116270 0.060657 -0.041733 0.101154 -0.090766 -0.002292 0.135253 -0.097363 -0.002072 0.145565 0.128577 -0.166023 -0.022718 0.060712 0.133625 0.016626 -0.081032 -0.054963 0.000919 -0.058541 -0.001208 0.010315 -0.001039 -0.031799 -0.001604 -0.037932
0.115731 -0.004824 -0.042127 0.014437 0.151629 -0.063210 -0.043363 -0.151858 -0.016788 -0.242908 -0.007002 -0.096209 -0.057651 0.041711 -0.043816 0.165164 -0.089195 -0.034568 0.042298 -0.102615 -0.011646 0.001650 -0.013635 -0.063545 0.000288 -0.001998
0.001198 -0.090860 0.046207 0.040115 0.051367 0.019587 -0.078246 0.107841 -0.036877 -0.115153 -0.141294 0.052265 0.073657 0.005350 0.011845 -0.017403 0.008060 0.010056 -0.041406 0.003852 0.004318 -0.003160 -0.004806 0.033176 0.001305 0.007245
0.033356 -0.060542 -0.045399 -0.031818 0.022751 -0.060871 0.184613 -0.130879 0.002592 -0.013792 0.094408 -0.120845 -0.012484 -0.005925 0.031920 0.035897 -0.098542 0.015558 0.095854 -0.025542 -0.027497 -0.001608 -0.002742 -0.025772 -0.002000 0.003620
0.084540 -0.051027 0.039788 -0.132973 -0.026564 0.003998 -0.018031 0.050674 -0.002354 -0.032040 0.022764 -0.049973 -0.019937 -0.038171 -0.039859 0.029621 0.072818 -0.033333 0.040236 -0.080673 -0.017145 0.005604 0.006443 -0.005998 -0.000571 0.024246
0.003552 -0.071551 0.016859 0.097100 0.030304 -0.054908 -0.033601 -0.006188 -0.022607 -0.038199 -0.076865 0.042934 0.070440 -0.010483 0.013806 -0.029384 -0.005422 0.015230 -0.039748 0.047427 0.016145 -0.008822 -0.000445 0.018482 0.000399 0.006905
-0.048186 0.027347 -0.062757 0.105675 0.168175 -0.044825 0.115179 -0.196674 -0.013468 -0.150026 0.000002 -0.203982 -0.109666 -0.035760 0.015420 0.034565 -0.054692 -0.004986 0.238904 -0.198220 -0.009389 -0.010399 -0.019881 -0.020279 -0.003695 -0.004585
-0.032346 -0.009778 -0.040288 -0.111396 0.067612 -0.020116 0.157039 -0.135725 -0.004349 -0.005637 0.063207 -0.109966 -0.023448 0.031341 0.073578 -0.017309 -0.065752 0.003711 0.026079 -0.010183 -0.011735 -0.006769 0.004552 -0.024631 -0.001568 -0.000457
-0.045064 -0.020056 0.012801 -0.086069 -0.080981 0.058077 -0.098431 0.026894 -0.019420 -0.004390 -0.060544 0.054436 0.067108 0.076268 0.009328 0.049975 -0.004575 0.041032 -0.003012 -0.013142 0.017816 -0.019802 -0.012485 0.019431 0.001096 0.043329
-0.011180 0.040573 -0.017845 -0.099188 -0.001331 0.001515 0.036046 -0.026503 0.010309 0.084403 0.037989 -0.043406 -0.006944 -0.067506 0.022148 0.009559 -0.021862 -0.044179 -0.002868 -0.081186 -0.000431 0.005489 0.017213 -0.025617 -0.001345 0.007186
0.016160 0.013734 -0.043084 0.085698 -0.016779 -0.022208 0.079633 -0.189769 -0.037602 0.045704 0.090145 -0.080857 0.032882 -0.078125 0.128478 0.022446 -0.026639 -0.050630 0.034562 -0.119357 0.006081 -0.008206 -0.014133 -0.012637 -0.001207 0.007239
-0.073742 -0.159104 0.041602 -0.107143 0.022061 0.079896 -0.092919 0.209415 -0.031459 -0.036693 -0.078082 0.155542 -0.000563 0.036990 -0.050370 0.002267 0.036611 -0.011858 -0.030153 -0.019465 0.012184 -0.007624 0.012197 -0.002361 0.001932 0.040369
-0.040047 0.022888 -0.053766 0.026531 -0.024949 0.022107 0.163065 -0.056802 -0.001589 0.044886 0.056398 -0.095758 0.027840 0.032995 0.134118 0.063021 -0.058642 -0.074788 0.042138 0.004167 -0.008375 0.001268 -0.017275 -0.038426 -0.001529 -0.016882
0.014713 -0.010326 -0.026652 -0.008044 0.071312 -0.063277 0.133914 -0.139954 -0.037616 -0.015463 0.063435 -0.092716 -0.009202 -0.038307 0.130835 -0.036414 -0.003222 -0.081541 0.103949 0.007623 -0.001165 -0.008689 -0.028581 -0.025186 -0.000996 -0.020831
0.182316 0.080380 0.011149 0.057060 -0.150225 -0.012450 0.254440 -0.076250 -0.008501 0.025239 0.071647 -0.271010 -0.040280 -0.082167 0.117483 0.079188 -0.017204 -0.051005 0.063614 -0.179368 -0.004771 0.008587 0.036106 -0.079170 -0.004784 -0.008549
0.025197 -0.057183 -0.047861 -0.157434 -0.026095 0.036280 0.167027 -0.096537 -0.009152 0.069167 0.057707 -0.157590 -0.040838 -0.101937 0.067159 0.053435 -0.068535 0.054129 0.171278 0.022755 -0.009114 -0.009256 0.005020 -0.003863 -0.002407 0.008110
-0.030426 -0.015172 -0.032375 0.029290 0.076386 -0.025509 0.099109 -0.078297 -0.010635 -0.007296 0.072402 -0.056251 -0.025348 -0.040351 0.052388 0.028416 0.006848 -0.062768 0.028138 -0.029866 -0.009766 0.003327 0.001292 -0.012582 -0.001555 -0.013638
-0.041191 0.119133 -0.014188 -0.170305 -0.071698 0.040239 0.266307 -0.082300 0.019509 0.007417 0.132516 -0.163720 -0.150529 -0.007168 0.123859 0.025804 -0.041510 -0.044416 0.046915 -0.027255 -0.041302 -0.000334 -0.025336 -0.017648 -0.000783 0.006755
0.029767 0.057235 0.016219 -0.016340 0.089764 -0.029732 0.073693 -0.086734 -0.026299 -0.018496 0.055911 -0.097489 -0.034095 -0.042707 0.095089 -0.035379 0.004755 -0.076654 0.070012 0.007781 -0.000468 -0.005407 -0.026919 -0.019752 -0.000740 -0.044506
0.119167 -0.049079 -0.047128 0.010912 0.045914 -0.058454 0.183313 -0.141522 -0.033082 0.119902 0.073075 -0.111146 -0.009846 -0.080103 0.085648 0.029941 -0.090918 -0.055239 0.052100 -0.061592 -0.010318 -0.003557 -0.009620 -0.005423 -0.001941 -0.034134
0.021824 -0.047307 -0.023937 -0.111664 0.147508 -0.057335 0.171163 -0.190365 -0.025395 0.016706 0.014903 -0.101009 -0.090633 0.004828 0.043230 0.011477 -0.068879 0.032868 0.107844 -0.072749 -0.012322 -0.021543 -0.002938 -0.023345 -0.001526 -0.016300
0.095573 -0.025299 -0.045622 -0.026901 -0.005297 -0.035415 0.188878 -0.123298 -0.020161 -0.029144 0.137808 -0.144292 -0.098699 -0.069750 0.132207 0.067625 -0.009692 -0.091786 0.082511 -0.191373 -0.016155 -0.008917 -0.040978 -0.020976 -0.000985 0.008400
-0.064014 0.048942 -0.029282 0.015811 0.046708 0.004559 0.218887 -0.210327 0.012337 -0.121205 0.019207 -0.140623 -0.119489 0.026260 0.044064 0.142496 -0.041935 -0.067340 0.245700 -0.174890 -0.031840 0.010065 -0.020670 -0.093367 -0.003209 0.016539
0.023536 -0.083972 0.017697 0.064936 0.001457 0.018798 -0.103222 0.014821 -0.010028 -0.060724 -0.052627 0.031763 0.032465 -0.030738 -0.049038 -0.014721 -0.061989 -0.029540 -0.065164 0.079043 -0.006050 -0.005388 -0.001418 0.020948 0.000199 0.030256
0.048462 0.050585 -0.042836 0.060742 -0.042611 -0.058068 0.160323 -0.158041 -0.013714 -0.081351 0.157892 -0.199513 -0.017235 -0.037677 0.089045 0.003388 -0.003606 -0.040985 0.040613 -0.028696 -0.011879 0.003257 -0.000338 -0.048068 -0.001997 0.005536
0.067970 0.018363 0.014063 -0.074709 0.008737 -0.034987 0.109224 -0.009127 -0.013563 -0.071616 0.003973 -0.121017 -0.049367 -0.070056 -0.022930 0.025525 0.010846 0.020349 0.124779 -0.142283 -0.022508 0.005981 -0.003587 -0.048687 -0.001931 0.004548
0.052571 -0.044091 0.006120 0.113816 0.033980 0.031070 0.026669 -0.006011 -0.020287 -0.035593 0.029319 -0.012016 -0.019197 -0.069228 0.027757 0.062430 -0.054921 -0.068234 0.031030 -0.049891 0.012989 0.001629 0.003281 -0.008046 -0.001364 -0.018681
-0.086084 -0.088336 0.022971 0.159478 0.009879 0.024501 -0.180687 -0.002959 -0.008816 -0.036887 -0.128810 0.051806 0.097011 -0.046137 -0.033001 0.038823 -0.052248 0.014125 -0.081025 -0.015596 0.012664 -0.001354 0.030370 0.068509 0.000111 0.055795
0.057311 0.061469 -0.046805 -0.037266 0.009709 0.006647 0.145772 -0.136148 -0.007571 -0.011770 0.079859 -0.074977 -0.016846 -0.037710 0.130210 0.033654 -0.024779 -0.032618 0.072108 -0.058526 0.010602 0.001843 -0.002818 -0.004235 0.000183 -0.033900
-0.037437 0.081559 -0.032752 0.000921 -0.052006 -0.005938 -0.022106 -0.110586 -0.001209 -0.029590 -0.014739 0.118018 0.079431 -0.017790 0.073336 -0.039680 -0.031303 -0.103083 -0.024125 0.117941 0.016915 -0.007754 0.008023 -0.008748 0.001440 0.010727
0.044307 0.034559 0.048616 0.000521 0.114122 -0.006760 -0.027640 -0.009353 0.002876 -0.072064 -0.150019 -0.065552 -0.086609 -0.020518 0.039465 -0.005769 0.075795 -0.044660 0.005814 -0.039309 -0.021956 -0.005974 -0.025441 0.055697 -0.000609 -0.023887
0.044619 0.152088 -0.070216 0.013642 -0.284012 0.027499 0.038813 -0.192962 0.079381 0.117428 0.254754 0.028853 -0.043440 -0.047366 0.095850 -0.012620 -0.090587 -0.178701 -0.038178 0.104387 0.005856 0.018176 0.013344 0.007186 -0.000525 0.040815
-0.047420 -0.057604 -0.072419 -0.081918 0.153273 -0.053753 0.184896 -0.132693 -0.034980 0.036848 0.054936 -0.155516 -0.037685 0.034011 0.072831 -0.023867 -0.098703 0.000874 0.030071 0.010417 -0.010733 -0.023127 -0.013202 -0.031344 -0.001477 -0.016571
-0.020101 -0.015283 0.002825 -0.095662 -0.138187 0.048028 -0.048731 0.048418 0.012636 0.007764 0.008316 0.159285 0.035545 0.028187 0.029094 0.011877 0.003890 -0.049802 -0.049604 0.043808 0.006717 -0.000407 0.005331 0.050443 0.001444 0.043310
0.093338 0.212982 -0.041454 0.191006 -0.230732 0.015370 0.142754 -0.251808 -0.020661 0.080864 0.168888 -0.089577 0.088689 -0.101227 0.191600 0.016667 -0.054883 -0.120308 -0.032189 -0.041936 0.021261 -0.013192 -0.030901 0.019443 -0.000724 -0.013012
-0.112289 0.046437 -0.087200 -0.330724 -0.075812 -0.027867 0.498464 -0.225001 -0.024159 0.142146 0.260822 -0.282040 -0.141731 0.036764 0.218500 0.173516 -0.155552 -0.061964 0.185092 -0.386942 -0.033346 -0.011318 -0.065419 -0.033441 -0.002909 0.058312
0.025911 0.181926 0.009274 0.062246 -0.144489 0.013173 -0.181155 0.017225 0.051866 0.023844 -0.025777 0.071926 -0.069174 0.031509 -0.135652 0.095434 0.061076 -0.011379 -0.025101 -0.180650 0.002067 0.015816 -0.005460 0.018577 0.002159 0.033918
0.046388 0.005275 -0.051042 -0.076766 0.042906 -0.082516 0.095229 -0.033302 -0.004157 0.038552 0.115754 -0.094417 -0.081880 -0.011819 -0.008240 0.032162 -0.093056 -0.036733 0.051341 -0.045634 -0.025682 0.004102 -0.016538 -0.022119 -0.001297 -0.009892
-0.019134 -0.048355 0.019464 0.272974 0.031340 -0.001934 -0.091123 -0.089003 -0.020602 -0.045590 -0.123895 0.086887 0.136989 -0.048303 0.025208 0.002435 -0.054719 -0.016010 -0.033614 0.041108 0.025902 -0.004870 0.018166 0.026983 0.000102 -0.000554
0.221312 0.194275 -0.013474 0.041394 -0.165039 -0.131112 0.319041 -0.294107 -0.011214 0.061725 0.285019 -0.137170 -0.022722 0.042980 0.200143 0.066487 -0.096558 -0.056745 -0.049709 -0.162141 -0.006724 -0.008886 -0.048136 -0.001035 0.000413 -0.043297
-0.166776 0.043696 -0.096526 -0.593506 -0.072115 -0.145327 0.540617 -0.126237 0.005688 0.012202 0.240222 -0.261048 -0.323469 0.127502 0.240666 0.063649 -0.081424 -0.018967 0.101191 -0.155989 -0.077103 -0.001375 -0.040019 -0.040914 -0.001856 0.100265
0.100787 0.148102 -0.009306 0.099767 -0.067619 -0.022776 0.128358 -0.112721 0.005166 0.158392 0.105922 -0.102832 0.038171 0.023099 0.145443 0.060000 -0.119598 -0.062075 -0.014725 -0.096210 0.004267 0.002215 -0.011016 -0.021831 -0.002053 -0.063842
0.082011 -0.037795 0.068975 -0.096664 0.018318 0.020941 -0.031177 0.092140 -0.023355 -0.078622 -0.199362 0.034040 -0.105883 -0.111507 0.002269 -0.013958 0.020580 -0.047297 0.112841 -0.166205 -0.019212 0.012228 0.020867 0.021579 -0.003127 0.027757
-0.074482 -0.088156 -0.004332 -0.109952 0.061146 -0.024358 -0.082370 -0.159679 -0.039038 0.008162 -0.208100 0.248474 0.031253 0.051482 0.007370 -0.041104 -0.031105 0.050753 -0.057915 0.116252 0.007412 -0.016539 0.018968 0.088172 0.002210 0.046612
0.028729 0.003474 0.064030 0.139177 0.155033 0.055310 -0.151319 -0.024609 -0.013804 -0.029173 -0.279936 0.024858 -0.151141 -0.151186 -0.077346 -0.044612 -0.073763 -0.078523 -0.000078 -0.101900 -0.033324 -0.023242 -0.018273 0.028576 -0.003083 0.008377
-0.056603 -0.084468 0.045054 0.011184 0.142129 -0.035236 -0.143953 0.070584 -0.029542 -0.089623 -0.225474 0.106778 0.009386 -0.011152 -0.063898 0.001819 -0.057166 0.023561 -0.065439 0.066920 0.000075 -0.022267 -0.004352 0.054959 0.001073 0.018193
0.212502 0.076748 0.032539 0.077955 0.001400 -0.035000 -0.014797 -0.056638 0.015732 -0.196593 -0.092836 0.022867 -0.161486 0.011861 -0.093205 0.114797 0.003672 -0.005967 0.148032 -0.228226 -0.006736 0.014428 0.005570 -0.073458 0.000437 -0.011013
0.038211 -0.051278 -0.011932 -0.126448 0.130883 -0.058860 0.124047 -0.105805 -0.019236 0.006379 -0.061266 -0.067952 -0.077314 -0.027536 0.076380 0.067203 -0.035047 0.019797 0.120911 -0.031905 -0.010137 -0.015291 -0.018745 -0.007619 -0.002037 -0.021834
0.031943 0.013186 -0.033615 0.008535 0.062395 -0.036870 0.165306 -0.147122 -0.006202 -0.054085 0.121684 -0.094803 -0.098837 -0.031204 0.089755 0.051795 0.010122 -0.057027 0.102788 -0.157898 -0.011221 -0.008601 -0.029263 -0.027726 -0.000205 -0.014384
0.069695 -0.066146 -0.003085 0.150658 -0.025721 0.017404 -0.065964 -0.083243 -0.001451 0.002863 0.003607 0.032462 0.059011 -0.036626 0.009791 -0.012883 -0.088298 -0.073390 -0.052955 0.057121 0.014265 -0.005914 0.004696 0.029772 -0.000624 0.009818
0.053653 0.015285 -0.006467 -0.034881 -0.058976 -0.036703 0.086489 -0.020389 -0.004966 -0.033956 0.035375 -0.094219 -0.029345 -0.036204 0.022113 0.044779 -0.002761 -0.026285 0.043337 -0.048714 -0.008767 -0.000841 0.022613 -0.041927 -0.001229 0.018621
-0.006068 -0.040394 -0.038811 0.022660 0.010389 -0.058812 0.169721 -0.098354 -0.029351 -0.021241 0.187501 -0.083678 -0.063392 0.032579 0.139610 -0.022770 -0.020166 -0.105078 -0.003428 -0.000768 -0.000088 -0.003683 -0.012033 -0.031968 -0.000586 0.002226
0.027110 -0.022244 -0.006425 0.017713 0.037822 -0.089447 0.139965 -0.071236 -0.034580 -0.080819 0.017181 -0.035059 -0.047984 -0.014267 0.040033 -0.036190 0.002395 0.035374 0.062658 -0.072209 -0.007734 -0.003667 -0.001837 -0.033424 0.000050 0.001527
0.074819 0.158089 -0.028028 0.114939 -0.154543 0.121225 -0.054243 -0.005986 0.056566 0.024313 -0.004340 -0.033237 0.069797 -0.033020 -0.011294 0.078609 -0.044296 -0.133550 0.018373 -0.062237 0.000605 0.030410 0.043612 -0.027086 -0.002250 -0.011824
0.064897 -0.049626 -0.038460 -0.071674 0.011224 -0.072108 0.107051 -0.084914 0.000841 -0.074711 0.097095 -0.070492 -0.047245 0.005594 0.055350 0.000041 0.001320 -0.017885 0.057273 0.031167 -0.008221 0.000547 -0.010872 -0.005419 -0.000130 0.005325
0.055321 -0.013119 0.027889 -0.023060 -0.053162 -0.006753 0.028761 0.028864 -0.008512 -0.029867 -0.029127 -0.051096 -0.077338 0.005182 -0.044193 0.011861 0.027166 0.020983 0.069814 -0.039984 -0.018534 0.009366 0.020068 -0.036186 -0.000929 0.021109
0.044133 -0.025793 -0.041367 -0.052378 0.146992 -0.028386 -0.031877 -0.122927 -0.018355 -0.084275 0.056243 -0.085065 -0.051229 0.100099 -0.043609 0.125570 -0.122518 -0.035681 0.015564 -0.092354 -0.019424 0.006722 -0.003760 -0.066690 0.000964 -0.004054
0.062056 0.007539 -0.015977 0.152292 0.020830 -0.008291 -0.006772 -0.095043 -0.010042 -0.025354 -0.029772 0.014004 0.026946 -0.025675 0.010308 0.028963 -0.011544 -0.016582 0.032179 -0.036097 0.010976 0.006131 0.004930 -0.011079 0.000222 -0.021229
-0.036326 0.017514 -0.015719 -0.084266 0.104335 -0.036344 0.215894 -0.101080 -0.013407 0.005938 0.018755 -0.167630 -0.069615 0.088165 0.100092 -0.011538 -0.049857 -0.005570 0.045250 -0.051402 -0.025611 -0.017426 -0.028072 -0.030384 -0.001784 -0.023657
0.000562 0.036677 -0.021684 0.053996 -0.038803 -0.010378 -0.014152 -0.126117 0.000160 0.055397 -0.011962 0.090889 0.134935 -0.081754 0.045783 -0.001981 -0.047515 -0.080082 -0.082664 0.112187 0.017517 -0.008547 0.011300 0.016519 0.000217 -0.000391
0.123610 -0.071311 -0.035734 -0.064273 -0.011672 -0.021444 0.148664 -0.171746 0.000492 0.062918 0.058813 -0.173645 -0.062135 -0.027806 0.048940 0.115089 -0.046969 -0.033166 0.069354 -0.054404 -0.025169 -0.002948 -0.002741 -0.038355 -0.001804 0.011900
0.089928 -0.035706 0.007577 0.074458 -0.104830 -0.005344 0.039448 -0.031704 -0.004150 -0.045715 0.016528 -0.080332 -0.025506 -0.006320 -0.014255 0.035061 0.019809 -0.043414 0.040053 -0.003380 -0.000183 0.014874 0.010404 -0.021573 0.000236 0.030439
0.072144 0.050197 -0.032223 -0.055879 -0.143276 0.007003 0.135251 -0.149371 -0.001687 0.120242 0.196818 -0.078225 0.024488 -0.066506 0.111819 0.032889 -0.086952 -0.084397 -0.029748 -0.065353 -0.006226 -0.005253 -0.022295 -0.028251 -0.001816 0.017313
-0.012460 0.013389 -0.024266 0.000345 -0.003008 -0.050880 0.095178 -0.107456 -0.001294 -0.011282 -0.011516 -0.017813 -0.009151 -0.001905 0.059193 -0.020743 -0.025904 -0.059435 0.073255 -0.002925 0.001669 -0.003736 -0.008988 0.008712 0.000767 0.009867
0.050730 -0.004825 -0.000271 -0.082704 -0.135726 -0.001964 -0.147499 0.037364 0.011929 -0.070932 -0.056149 0.180664 -0.057575 0.027546 -0.069961 -0.003900 0.057581 -0.051329 -0.108108 0.021826 -0.000388 0.004282 0.025146 0.033794 0.002255 0.075228
0.029517 0.030904 0.050023 0.067607 0.120364 0.006205 0.035439 -0.038736 0.007844 -0.059587 -0.065102 -0.044445 0.030774 0.015488 0.031047 0.010931 -0.017772 -0.013568 -0.024083 -0.071713 0.012347 -0.003297 -0.002720 0.022684 -0.000838 -0.049411
0.048406 0.103655 0.026112 0.031511 -0.076063 0.044759 -0.020145 0.049928 -0.000258 0.012993 -0.019273 -0.105764 0.056327 -0.029492 -0.006630 -0.005606 0.001184 0.011719 0.038040 -0.065798 -0.004360 0.003198 0.003425 -0.036080 -0.002132 -0.014856
-0.056298 -0.014019 -0.027924 0.005588 0.065192 0.000110 0.143405 -0.075998 -0.011054 -0.077363 0.043691 -0.082087 -0.033533 0.059702 0.123046 -0.019134 0.020370 -0.089084 0.043610 0.008959 -0.008710 -0.008665 -0.009993 -0.004933 -0.000674 -0.010300
0.170636 0.013654 0.030064 0.011045 -0.110988 -0.030599 0.166574 -0.032727 -0.010208 -0.042087 0.018768 -0.203769 -0.045832 -0.095179 0.041679 0.049091 -0.022419 -0.036042 0.093390 -0.151510 -0.011450 0.004885 0.036470 -0.050186 -0.004031 0.015972
0.112095 0.029854 0.007239 -0.105337 -0.180329 0.092931 -0.022708 -0.004771 0.043033 0.153409 0.137630 -0.052452 -0.013255 -0.040603 -0.021669 0.035087 -0.043638 -0.084970 -0.011303 -0.051679 -0.020099 0.012370 0.010022 -0.002512 -0.001553 0.024360
-0.087607 0.045379 -0.039740 -0.173761 -0.096513 0.010229 0.358365 -0.132737 -0.019783 -0.034980 0.203617 -0.262900 -0.192917 0.032661 0.133845 0.134138 -0.065874 -0.068815 0.199678 -0.318150 -0.036710 -0.008797 -0.047959 -0.051104 -0.002045 0.069328
0.036159 -0.004122 0.016887 0.019069 0.106114 -0.027326 0.120247 -0.165986 -0.009053 -0.139808 0.030514 -0.129256 0.027751 -0.012015 0.032642 0.064228 -0.018217 0.023244 0.091512 -0.022829 0.001890 -0.003887 0.006781 -0.046082 -0.001548 -0.027479
-0.089430 -0.069641 0.023474 0.095701 -0.074614 0.039542 -0.118271 0.025313 -0.006964 -0.000444 -0.096595 0.091312 0.057033 0.008270 -0.041707 0.033935 -0.049134 -0.082720 -0.113579 0.070274 0.005639 0.000293 -0.003287 0.040656 0.002159 0.071684
0.043585 0.028574 -0.028102 0.005224 -0.018623 0.035610 -0.072404 -0.048710 0.029583 0.040905 -0.004728 0.068685 0.011995 0.044335 0.007833 -0.000052 -0.083807 -0.099160 -0.042421 0.031279 0.013643 0.004624 0.024297 0.064525 0.000846 -0.007769
0.162023 0.095728 -0.019317 0.184156 -0.181252 0.030364 0.098939 -0.136039 -0.011617 0.150275 0.113736 -0.204259 0.001188 -0.057535 0.132479 0.027067 -0.009641 -0.111200 -0.082606 -0.055937 -0.003887 0.000080 -0.016943 0.015128 -0.001703 -0.012026
-0.109193 -0.057867 -0.036884 -0.119245 0.157835 -0.099305 0.217569 -0.085815 -0.034453 -0.065670 0.002060 -0.100175 -0.064014 0.034833 0.048692 0.000676 -0.139740 0.046369 0.093411 -0.058348 -0.021373 -0.017046 -0.018121 -0.050446 -0.001337 0.011347
0.170228 0.072232 0.000336 -0.066431 -0.166257 -0.015734 0.067933 0.018172 0.004963 -0.066078 0.048900 -0.097091 0.013809 -0.045442 0.006496 0.042339 0.009346 0.003630 0.045956 -0.071353 -0.006065 0.010334 0.025423 -0.043964 -0.001130 0.011725
-0.059146 -0.117291 0.022005 0.165966 -0.024206 -0.008495 -0.165963 0.034284 -0.008041 -0.032536 -0.113035 0.081691 0.003645 0.004635 -0.028824 0.066764 -0.048726 -0.054693 -0.051747 -0.007215 0.018733 0.005926 0.014195 0.040107 0.001392 0.068227
0.093657 -0.025117 0.043138 -0.071854 0.003292 -0.022495 0.000395 0.037161 0.009610 -0.029767 0.052103 -0.056931 -0.022451 -0.035086 -0.017408 0.022389 0.040108 -0.022995 0.011114 -0.054661 -0.009472 0.014323 0.018800 0.011085 -0.001057 -0.004053
0.037591 -0.136338 -0.075768 -0.040174 -0.049381 0.056973 0.269110 -0.113154 -0.040268 0.184569 0.442383 -0.099308 -0.051101 -0.025503 0.128620 -0.050419 0.068257 -0.136524 -0.014455 -0.094971 0.007304 -0.022423 -0.002783 -0.030422 -0.002409 -0.008960
-0.026200 0.116389 -0.010597 0.192255 -0.063336 -0.014333 0.041076 -0.020998 -0.002873 0.114119 0.035769 -0.154569 0.047467 -0.115096 0.056155 0.041120 -0.037012 -0.067209 -0.075339 -0.094532 -0.012417 0.000303 -0.036985 0.015983 -0.002858 -0.004666
-0.074765 -0.073272 -0.033131 0.136318 0.069990 0.028129 -0.058439 -0.096365 -0.012776 0.044957 -0.032993 0.088957 0.083703 -0.038022 0.055447 0.005370 -0.031522 -0.063854 -0.013362 0.037140 0.022603 -0.001689 0.005286 0.031370 0.002598 -0.001889
0.075490 -0.085216 -0.038166 0.108670 -0.028787 -0.036720 0.104566 -0.080422 -0.024726 -0.014376 0.024628 -0.063898 0.063690 -0.035084 0.062157 0.002952 0.002985 -0.061048 0.045972 0.018192 0.007309 -0.007977 -0.004209 -0.044604 0.000929 0.002619
0.007153 0.053457 -0.009751 -0.012056 0.078261 -0.067266 0.157209 -0.102713 -0.002127 -0.024684 0.080892 -0.119397 -0.024237 0.004580 0.072964 -0.033946 -0.025876 -0.009965 0.069715 -0.022789 -0.011957 -0.002796 -0.010217 -0.030658 -0.001241 -0.039278
-0.000909 0.022239 -0.024205 0.042168 0.026818 -0.028776 0.089784 -0.076596 -0.009671 0.020594 0.063583 -0.015386 -0.037789 0.001449 0.069589 -0.004801 -0.003547 -0.056574 0.026303 -0.007155 -0.001638 0.001838 -0.003735 -0.022187 -0.000849 -0.021258
0.099184 0.016801 0.000642 -0.005115 -0.211522 0.129027 -0.013661 -0.057614 0.040633 0.134842 0.075470 0.003159 0.033294 0.038090 -0.004248 -0.032734 -0.049757 -0.104449 -0.035332 0.049767 -0.006066 0.014185 0.012912 0.018617 0.000294 0.023288
-0.079976 -0.004880 0.027850 -0.074612 0.150819 -0.026163 -0.167593 -0.015364 -0.018346 -0.053029 -0.258226 0.132365 -0.078123 0.069932 -0.089360 -0.074136 0.060652 0.031986 -0.029661 0.031060 0.004436 -0.013941 0.020017 0.036254 0.002232 0.022585
0.202644 0.136220 -0.034223 0.027600 -0.145908 0.018479 0.264027 -0.139651 -0.000933 0.068303 0.092367 -0.264196 -0.025962 -0.044087 0.155112 0.098525 -0.010788 -0.055404 0.058304 -0.167659 0.001333 0.011139 0.026539 -0.086662 -0.003652 -0.036638
0.083408 0.035549 -0.060886 -0.008670 0.084236 0.062746 0.076009 -0.106642 0.005802 -0.004386 0.019132 0.037235 -0.030423 -0.077062 0.040428 0.087874 -0.079393 -0.022938 0.042029 -0.093103 0.000835 -0.001590 0.006374 -0.010299 -0.000342 -0.053639
-0.055782 0.000910 -0.037974 -0.116618 0.048007 -0.041708 0.150798 -0.138871 0.000906 -0.022411 0.063454 -0.117679 -0.067369 0.041863 0.056481 -0.011099 -0.027209 -0.018556 0.022739 0.030794 -0.016495 0.001159 -0.000611 -0.016836 -0.000872 0.017494
0.088248 0.164632 -0.048308 0.200951 -0.255515 -0.036661 0.119503 -0.098035 -0.030854 0.163752 0.050934 -0.187171 0.083864 -0.051702 0.113420 0.015034 0.029102 -0.103155 -0.151770 -0.039811 -0.002391 -0.011591 -0.059693 0.014196 -0.002148 0.017455
0.020681 0.063931 0.025110 0.000930 -0.023644 0.106787 -0.068117 -0.097413 0.041927 0.041290 -0.014684 0.097788 0.026296 -0.086451 -0.017292 0.051131 -0.023676 -0.023484 0.007018 -0.018027 0.017799 0.014567 0.027946 0.050819 -0.000876 -0.013339
0.065378 0.049742 -0.007132 0.073194 -0.070205 -0.003606 -0.147423 -0.123469 0.023714 -0.041573 0.034886 0.128776 0.052027 -0.076650 -0.034689 0.076474 -0.074813 -0.069615 -0.038784 0.009580 0.020791 0.008143 0.040580 0.067637 0.001067 0.021209
0.003423 -0.000749 -0.041901 -0.118866 0.106581 -0.001432 0.226380 -0.008108 0.010633 -0.009200 0.053575 -0.112322 -0.164771 0.039552 0.079415 0.013770 -0.000290 -0.022785 0.077830 -0.133890 -0.012583 0.007683 0.012319 -0.035816 -0.001627 -0.033406
0.008060 -0.096074 -0.021556 0.043403 -0.069893 -0.046648 -0.167334 -0.032530 -0.000469 0.042266 0.018439 0.118313 0.081483 0.023663 -0.038254 -0.044443 -0.045534 -0.041757 -0.067955 0.089990 0.009657 -0.001426 -0.006662 0.048347 0.000354 0.053626
0.039989 0.004183 0.036494 0.164952 -0.124170 0.013421 -0.157731 0.134700 -0.010158 -0.072770 -0.004038 0.060894 -0.053565 -0.014473 -0.077795 0.053428 0.027796 -0.052293 0.001661 -0.111407 0.003896 0.020637 0.029107 -0.009487 0.000382 0.043692
0.080539 -0.043027 -0.056965 0.129595 -0.005580 0.004567 0.120103 -0.171454 -0.014852 0.031058 0.052751 -0.052294 0.109438 -0.043031 0.123681 -0.040641 -0.035128 -0.029748 0.015992 0.060657 0.016019 -0.011728 0.003766 0.021720 0.000642 -0.035158
-0.003053 -0.011847 -0.039058 -0.033113 0.138223 -0.055912 0.100500 -0.113587 0.002173 -0.029895 -0.025443 -0.015958 -0.051126 0.032230 0.064939 -0.007248 0.005701 -0.012041 0.053709 -0.031026 -0.003112 0.004487 0.003061 0.001752 -0.000807 -0.030289
-0.064126 -0.052080 0.021031 0.166142 0.007942 0.024518 -0.121904 -0.060256 -0.023638 -0.038216 -0.200986 0.015813 0.116424 -0.083193 0.026358 0.058515 -0.035006 0.011939 -0.018614 0.049175 0.021488 -0.016032 -0.000551 0.067318 0.000431 0.035665
0.006970 -0.035985 -0.025301 -0.010752 -0.047133 -0.082505 0.143762 -0.083634 -0.015048 -0.025505 0.135209 -0.077364 0.027563 0.021645 0.103258 -0.058535 -0.046027 -0.066499 0.023285 -0.015011 -0.005413 0.005637 0.009330 -0.023499 -0.001383 0.023062
0.023282 -0.028661 -0.000097 0.037143 0.042559 -0.006906 -0.007965 -0.027814 -0.008997 -0.027302 -0.009692 -0.015096 0.012507 0.009296 0.005237 0.012882 -0.038521 -0.030518 -0.043104 -0.046877 0.002153 0.002203 0.003771 0.002499 -0.000133 0.001296
0.085268 0.033936 -0.057866 -0.069304 0.000812 0.051962 -0.023660 -0.014194 0.011552 -0.020169 -0.004741 -0.086748 -0.255539 -0.011336 -0.136867 0.161394 -0.081368 -0.041356 0.152811 -0.056283 -0.017303 0.006638 0.023480 -0.073608 -0.001037 0.016281
-0.023662 -0.032585 0.035117 0.049435 0.018078 -0.028718 -0.081167 0.001129 -0.037742 -0.103655 -0.112422 0.075117 0.106534 0.010229 -0.000088 -0.084956 0.001855 0.045106 -0.088421 0.060066 0.004752 -0.015555 -0.006844 0.015252 0.001848 0.022149
0.099983 0.117756 -0.012294 -0.070808 -0.014174 0.125174 0.023324 -0.086194 0.031751 0.031985 -0.008869 0.002950 -0.046514 0.021729 -0.067767 0.020320 -0.077594 -0.017281 0.010439 -0.080236 -0.020926 -0.001976 0.012557 -0.002184 -0.001009 -0.033185
-0.069637 -0.060138 0.008241 0.102168 -0.137593 0.011147 -0.114786 0.069246 -0.013312 0.052094 0.080633 0.094068 -0.012839 -0.074454 -0.071022 0.065692 -0.031889 -0.051276 -0.068714 -0.021765 0.009093 0.011780 0.003805 0.008320 0.001000 0.078309
0.077379 0.107418 0.006840 -0.041918 -0.142689 0.015019 -0.024182 -0.003000 0.023823 0.068826 0.066778 -0.010215 0.008446 -0.100428 -0.057249 0.046367 -0.005156 -0.025913 -0.010674 -0.000117 -0.011840 0.009651 0.003482 -0.010713 -0.001058 0.009985
0.086815 0.011796 0.012670 0.039748 -0.073118 -0.014307 -0.047294 0.049629 -0.015988 -0.000746 -0.007771 -0.007025 -0.009628 0.070534 -0.037973 0.046121 -0.010084 -0.031214 -0.058469 -0.108974 -0.005363 0.002145 0.005214 -0.035051 -0.000093 0.017591
-0.039075 -0.046587 -0.070647 -0.139450 0.128746 -0.102408 0.145177 -0.187740 0.003676 0.042564 0.071159 -0.091817 -0.067018 0.111337 0.127454 -0.022097 0.059330 -0.062673 0.043736 -0.104956 -0.009543 -0.001874 -0.008827 0.002973 -0.000951 0.002555
0.127073 -0.012548 0.049237 -0.143124 -0.046576 0.023795 0.036599 -0.025712 0.001016 -0.014840 -0.058886 -0.028818 -0.119637 -0.070439 0.005314 0.031011 0.022847 -0.071055 0.066529 -0.156425 -0.029732 -0.007871 0.031410 -0.020485 -0.001541 0.034385
0.123106 0.117968 0.001960 0.187877 -0.220236 0.085747 -0.118927 0.070854 0.045880 -0.190829 0.024681 0.170873 -0.181385 -0.011206 -0.143299 0.165340 0.095431 -0.093404 0.150093 -0.326574 0.001777 0.035195 0.035548 -0.059146 -0.000552 0.047947
0.047473 0.060732 -0.025594 0.024793 0.005890 0.002079 0.106340 -0.169672 -0.000875 -0.061066 0.074783 -0.106578 -0.011167 -0.043467 0.035005 0.032880 -0.030311 -0.050461 0.064845 0.008448 -0.006886 0.005225 -0.006972 -0.015730 -0.000773 -0.014586
0.066891 0.011434 -0.000510 0.007984 0.022327 -0.000102 0.035091 -0.021313 -0.010481 -0.138316 -0.014458 -0.052951 -0.051909 0.016736 -0.020707 0.044370 -0.005074 -0.015123 0.105498 -0.138656 -0.010990 0.005259 0.003064 -0.053104 -0.000992 0.002088
-0.070635 -0.057692 0.061433 0.019185 0.035945 -0.061935 -0.168660 -0.002641 -0.051846 -0.112932 -0.262758 0.173875 0.149113 0.001296 -0.017551 -0.128874 -0.010103 0.093461 -0.045136 0.087220 0.012780 -0.013191 -0.001709 0.058092 0.002691 0.046419
0.068939 0.101243 -0.019472 -0.064228 0.065108 0.078729 0.034439 -0.104791 0.033845 0.058938 0.008547 0.003486 -0.042284 -0.012580 -0.082702 0.025370 -0.038715 -0.042662 0.012291 -0.105562 -0.027974 -0.000940 -0.023625 0.017838 -0.001589 -0.043966
0.011771 -0.001565 0.010132 0.042585 -0.105081 0.103394 -0.073391 -0.045844 0.012413 0.004805 0.005795 0.124356 0.100555 -0.073034 0.013687 0.004826 -0.024606 -0.085418 -0.008967 0.040743 0.017611 0.008694 0.026933 0.034232 0.001126 0.019505
-0.033713 -0.011883 -0.032556 -0.080516 -0.040457 -0.021028 0.165298 -0.092433 -0.011832 -0.026586 0.047352 -0.119404 -0.037222 0.050427 0.141690 0.035308 -0.015940 -0.054153 0.047407 -0.091486 -0.018119 -0.000031 0.000890 -0.020602 -0.001237 0.036181
0.101644 0.027608 -0.022199 0.169433 -0.102551 0.066227 -0.077535 -0.115092 -0.016178 0.072174 0.050813 0.023666 0.165905 -0.047836 0.033542 0.000244 -0.084733 -0.022414 0.019196 0.056662 0.031055 -0.012818 0.007334 0.004536 0.001168 -0.026446
0.027256 -0.022943 -0.033846 -0.129672 0.071113 0.008169 0.142707 -0.111255 -0.010656 -0.000965 0.056942 -0.097404 -0.039725 -0.017422 0.049864 -0.007351 -0.022172 -0.041652 0.046299 0.004101 -0.010090 -0.001222 0.012697 -0.018602 -0.000073 -0.013048
0.065928 -0.073997 -0.029212 0.073051 -0.123107 0.015426 -0.188302 0.073685 0.006361 0.101909 0.167227 -0.017919 -0.040012 -0.022147 -0.139437 0.072937 0.010395 -0.071462 0.035606 -0.217367 -0.001683 0.014396 0.009232 -0.017684 -0.000169 0.062070
-0.032070 0.043863 -0.008003 -0.083492 0.063393 -0.024072 0.122122 -0.026328 -0.001678 -0.087292 -0.008457 -0.068524 -0.061416 -0.021038 0.039332 0.029086 0.015386 0.016449 0.126499 -0.052567 -0.014942 0.005904 -0.024005 -0.037066 -0.000604 -0.013179
0.000054 0.104443 -0.034525 0.182604 -0.023523 0.070392 0.000808 -0.092789 -0.015418 0.010722 0.106732 -0.081215 0.013333 -0.111448 0.020656 -0.039989 0.032849 -0.082887 0.035596 -0.133367 0.012642 0.012831 0.023179 0.004912 -0.001430 -0.017042
0.020333 0.081137 -0.025364 -0.001895 -0.081448 0.006651 0.014221 -0.032036 0.000429 -0.039400 0.027994 -0.040119 -0.015228 0.001203 -0.048676 0.030225 0.000221 -0.010618 0.043569 -0.072313 -0.016976 -0.001332 -0.011802 0.003400 -0.002186 0.020788
0.096777 -0.017621 -0.022009 -0.016294 -0.062004 -0.110497 0.171556 -0.177318 -0.008197 -0.022406 0.088335 -0.080800 -0.046234 -0.001665 0.043525 0.001454 -0.037903 -0.011202 0.130879 -0.012833 -0.019811 -0.004325 -0.013828 -0.032906 -0.000749 0.017192
0.061811 0.005555 0.073196 0.069683 -0.169771 0.172367 -0.085263 0.138535 0.045745 0.176845 0.092185 -0.125427 -0.012919 -0.115145 -0.112032 0.072683 -0.067345 -0.065367 -0.010524 -0.206405 -0.012759 0.038228 0.051908 -0.029679 -0.000371 0.030750
-0.008020 -0.106000 0.025635 -0.022583 0.012960 0.034492 -0.112766 0.121396 -0.027027 -0.033786 -0.077149 0.135732 0.008558 -0.032028 -0.002229 0.034110 -0.033392 -0.040172 0.001825 0.023551 0.035687 -0.011457 0.022659 0.032022 0.001489 0.019879
0.013874 -0.007674 -0.036981 -0.043695 0.006453 -0.128813 0.169967 -0.150626 -0.028202 0.051322 0.142835 -0.145417 -0.001093 -0.084524 0.100909 -0.028693 -0.049922 -0.068781 0.071590 -0.040556 -0.008892 0.001383 -0.008086 -0.035430 -0.001919 0.012755
0.154734 0.076549 0.023472 -0.120648 -0.178208 0.121055 0.090282 -0.023496 0.004291 0.079535 0.065252 -0.121743 -0.020341 -0.053397 0.003775 0.067566 -0.055694 -0.104314 0.079324 -0.079563 -0.029964 0.003147 0.008443 -0.057201 -0.003448 0.006999
0.098443 0.089075 -0.003802 -0.017450 0.093841 -0.062352 0.082916 -0.058702 -0.010747 -0.117282 -0.094789 -0.076975 -0.111313 -0.010675 0.004701 0.045600 -0.040772 -0.014138 0.092919 -0.075370 -0.012032 -0.001255 0.006974 -0.031932 -0.001391 -0.035519
-0.064752 -0.107021 0.002892 -0.143028 0.040827 -0.088012 -0.108132 0.104089 0.015266 -0.086525 -0.098548 0.042154 0.067940 0.040838 -0.067633 -0.007633 -0.063811 -0.098510 -0.145043 0.272071 -0.006396 -0.012995 0.022782 0.066229 -0.001492 0.056481
0.102308 -0.033381 0.039097 0.165553 0.021449 -0.019558 -0.010446 0.021507 -0.012372 -0.048217 -0.035036 -0.065592 0.106030 -0.029359 0.029935 0.004611 -0.001232 -0.002145 -0.024668 -0.077564 0.014131 0.005382 0.009097 -0.025142 -0.001136 -0.029070
0.156034 0.089667 0.000808 0.161903 -0.151345 0.033847 0.129676 -0.043334 -0.020969 0.110059 0.077004 -0.173226 0.065960 -0.055335 0.128173 0.006150 -0.010562 -0.111513 -0.086182 -0.082218 -0.010056 -0.002585 -0.033205 0.001029 -0.000911 -0.030088
0.031688 0.064481 0.019421 -0.010402 -0.035239 -0.039481 0.097126 -0.013086 -0.013837 0.025721 -0.057021 -0.170352 0.022387 -0.076536 0.035993 -0.002002 0.008838 0.025868 0.124173 -0.095975 -0.008487 -0.008654 0.007244 -0.048351 -0.002803 -0.002604
0.089659 -0.045348 -0.017810 0.067176 0.077370 -0.015511 0.126686 -0.151509 -0.011250 -0.030497 -0.041352 -0.044200 0.031886 0.000087 0.097154 -0.008626 -0.004283 -0.043461 0.087086 -0.043775 0.008171 -0.001014 0.013332 -0.015509 0.000144 -0.038675
0.003705 -0.056404 -0.024574 0.039466 -0.113854 0.142206 -0.080275 -0.028148 0.009568 0.031552 -0.039774 0.039688 0.057770 -0.041298 -0.006258 0.068119 -0.029507 -0.018393 0.056528 -0.021358 0.010895 -0.000640 0.040359 0.024760 -0.000205 0.039185
0.239531 0.096704 -0.005314 -0.068019 -0.080596 -0.093440 0.009964 -0.032492 -0.008181 -0.071712 -0.070588 -0.023294 -0.141287 0.044106 -0.128865 0.191861 -0.128568 0.018983 0.075312 -0.210336 -0.025622 0.003920 0.001544 -0.085291 0.000491 0.017151
0.168666 0.028807 -0.017841 -0.067477 -0.107119 0.104885 -0.111641 0.113400 0.026256 0.039215 0.016320 -0.097168 -0.330002 0.011536 -0.206549 0.150591 -0.064294 -0.051833 0.077532 -0.175035 -0.031594 0.015051 0.014230 -0.057784 -0.002234 0.043251
-0.021607 -0.059639 -0.090315 -0.081612 -0.065965 -0.063319 -0.162619 -0.039349 -0.007226 -0.092079 0.032088 0.035557 -0.206964 -0.041415 -0.206661 0.199139 -0.000472 0.043742 0.160958 -0.307400 -0.030110 0.005079 0.002105 -0.033600 -0.000962 0.137340
0.065737 0.045297 -0.013293 -0.042187 -0.051369 0.017927 0.100509 -0.031991 0.002596 0.058492 0.091488 -0.113535 -0.016108 -0.082864 0.017624 0.043536 0.014204 -0.044474 0.080769 -0.124328 -0.011613 0.011779 0.006883 -0.022923 -0.002977 -0.008528
-0.076161 0.068024 -0.045102 -0.091450 -0.054713 -0.102202 0.157853 -0.135970 0.023575 0.031540 0.070458 -0.127659 -0.000943 0.016221 0.113681 0.069751 -0.059742 -0.015655 -0.019673 -0.073565 -0.014772 0.004659 -0.018925 0.006769 -0.002251 0.042366
0.021272 -0.071915 0.022265 0.175918 -0.051660 -0.024851 0.012393 0.068608 -0.012287 -0.019090 0.037303 -0.075892 0.071152 -0.026635 0.027822 -0.009088 -0.011322 -0.032027 0.002808 -0.076659 0.010043 0.005022 0.008689 -0.031988 -0.000639 0.014447
0.110697 -0.024369 0.004294 -0.016926 -0.065915 -0.008622 0.109739 -0.016752 -0.026716 -0.063769 0.089678 -0.056501 -0.046612 -0.024695 -0.004765 0.039693 -0.010161 -0.026316 0.099458 -0.093825 -0.012167 0.007349 0.025930 -0.043890 -0.001610 0.007815
0.076412 0.083466 -0.038834 0.199192 -0.132425 -0.014934 0.145318 -0.128461 0.000058 0.115723 0.045800 -0.175587 0.019918 -0.101803 0.110935 0.059651 -0.027093 -0.095627 -0.057059 -0.048866 -0.009570 0.004846 -0.013730 0.008792 -0.002458 -0.001203
0.079375 -0.029111 0.001789 -0.025378 -0.032463 0.014832 0.006974 0.010095 -0.018231 -0.082288 0.014134 0.020965 -0.033623 -0.025511 -0.027410 0.033688 0.001048 0.004613 0.117741 -0.037212 -0.002587 0.013769 0.021558 -0.029234 -0.000267 0.004471
-0.027639 -0.026892 0.039881 -0.058666 -0.097938 0.036701 -0.046480 0.091174 -0.004269 0.033634 -0.110818 0.165227 0.065139 0.020263 0.033305 -0.028699 0.011399 -0.012446 -0.078740 0.060757 0.007962 0.001024 -0.000170 0.045949 0.000522 0.029019
-0.021409 0.010612 -0.058169 0.094807 -0.082533 0.008755 0.118791 -0.242718 -0.037095 0.133531 0.089144 -0.103189 -0.002662 -0.038929 0.151562 0.077239 -0.075461 -0.031488 0.057993 -0.021194 0.013152 -0.011122 -0.003731 0.022372 -0.000066 0.017626
-0.043488 0.047089 -0.021630 0.002709 -0.050610 -0.018471 -0.018688 -0.090496 0.004745 -0.021646 -0.034442 0.094341 0.095472 -0.077821 0.024591 -0.031410 -0.007019 -0.072925 -0.073135 0.110150 0.011388 -0.001200 0.021329 0.000026 0.000256 0.028497
0.084924 0.361778 -0.027511 0.162185 -0.118768 0.047676 0.139102 -0.314265 0.063305 0.126297 0.231917 -0.058491 -0.039494 -0.082714 0.021115 0.069813 -0.026373 -0.007885 -0.012454 -0.305353 0.012696 0.008288 0.028993 -0.055097 -0.002447 -0.059462
0.035934 -0.016952 -0.031024 0.014586 0.019954 0.040735 0.050523 -0.077345 -0.003032 0.010390 0.040641 0.062803 -0.040442 -0.048867 0.032876 0.060141 -0.039128 -0.048298 0.024679 -0.039755 0.002519 -0.001410 -0.012529 -0.007790 -0.000020 -0.013395
0.083763 0.009513 0.049618 0.148752 -0.029301 -0.023786 0.085588 -0.041064 -0.014786 -0.037648 0.041599 -0.076971 0.066799 -0.036187 0.038125 0.015870 -0.005145 0.000403 -0.020347 -0.083424 0.001089 -0.002816 0.003499 -0.049901 -0.001225 -0.019703
0.050998 -0.056569 -0.035043 -0.086783 0.052532 0.024323 0.139981 -0.167154 -0.004786 0.016017 0.065924 -0.094385 -0.026061 -0.025276 0.078468 0.031345 -0.007350 -0.032910 0.087657 -0.047594 -0.008990 -0.004894 0.004313 -0.011732 -0.000161 -0.009452
-0.012743 -0.052746 -0.002873 0.247992 0.036232 0.022614 -0.185369 -0.088020 -0.011685 -0.015430 -0.110791 0.044169 0.165703 -0.059136 -0.009638 -0.006936 -0.058446 0.000359 -0.096485 -0.019847 0.024208 0.001991 0.020705 0.055176 0.001397 0.016210
0.060012 -0.057857 -0.028776 -0.048575 -0.025196 -0.026593 0.112680 -0.029865 -0.015872 0.041000 0.032816 -0.092545 -0.073711 0.025105 0.021784 -0.013185 -0.028313 -0.013433 0.101394 -0.029558 -0.017830 -0.005072 -0.003858 -0.034225 -0.001608 0.009899
0.071836 -0.121091 -0.029155 0.032684 0.048523 0.064905 0.003614 -0.127715 -0.054877 0.095443 0.091635 -0.012505 0.052293 -0.169041 0.007711 0.069814 -0.024189 -0.102817 -0.046605 -0.139516 -0.010500 -0.014764 0.007133 0.044576 -0.004304 0.011064
0.113482 0.044083 0.031880 0.059896 -0.174546 0.083738 -0.120101 0.030269 0.039911 0.038823 0.126921 -0.027968 -0.057308 -0.023788 -0.014498 0.053098 -0.028514 -0.124170 -0.108045 -0.010863 0.012932 0.014280 0.018435 -0.013248 0.000275 0.029113
0.028962 0.081843 -0.030696 0.094490 0.014664 -0.038582 0.107050 -0.167925 -0.011578 0.095233 0.113479 -0.085723 -0.019999 -0.051489 0.070592 0.051416 -0.020985 -0.068258 -0.073995 -0.098027 -0.018753 -0.012272 -0.027070 0.036009 -0.003848 -0.023647
0.006380 0.056903 -0.034576 -0.005599 -0.051967 0.062662 -0.081166 -0.120192 0.034191 0.039001 0.020137 0.080606 0.061536 0.024230 -0.007042 -0.026623 -0.045107 -0.145625 -0.065269 0.011436 0.003265 0.002556 0.025206 0.042525 -0.000985 0.017708
0.018409 0.115647 0.027790 -0.043431 0.025490 -0.006952 -0.026420 0.106530 0.020834 0.028987 -0.119329 0.004000 -0.018244 -0.002107 -0.035646 0.032140 0.001058 0.026307 -0.008952 -0.080035 -0.002320 0.012482 0.009628 0.026626 -0.000631 -0.034596
0.019366 0.032413 -0.045594 -0.069791 -0.047788 -0.024525 0.170427 -0.191195 -0.012823 0.116640 0.206395 -0.105821 -0.018186 -0.068226 0.118015 0.004119 -0.046833 -0.055110 0.008608 -0.040646 -0.006750 -0.003462 -0.001479 -0.009607 -0.001773 0.002793
0.013403 -0.000257 0.023096 -0.036632 -0.078085 0.009119 -0.035549 0.002614 -0.002826 0.005685 0.026466 0.075615 -0.053135 0.035014 -0.062311 -0.042542 -0.006202 -0.005007 -0.004693 0.012876 -0.001431 0.008301 0.022220 0.017417 0.000922 0.030982
0.052438 -0.061860 0.058794 0.191201 -0.181435 0.114240 -0.165631 0.193081 0.012749 -0.048396 0.000985 0.027016 0.089756 -0.125473 -0.055266 0.072635 -0.002113 -0.084021 -0.054197 -0.017698 0.011462 0.034507 0.029857 0.047350 0.000105 0.043704
-0.017256 0.023573 0.048599 0.096380 -0.126562 -0.015988 -0.147682 0.168679 -0.001502 0.046128 -0.023850 -0.018515 -0.046312 0.005861 -0.090633 0.076535 -0.005010 -0.005842 -0.064188 -0.097268 -0.005298 0.007932 -0.003152 0.005588 -0.000582 0.053423
0.029745 0.113393 0.080966 -0.091301 -0.271714 0.209645 0.022976 0.053668 0.060377 0.104134 0.191502 -0.070309 -0.104708 -0.025914 -0.066955 0.118015 -0.050304 -0.081537 0.021654 -0.172063 -0.001419 0.027118 0.048146 -0.046817 -0.002479 0.047743
0.008551 -0.013697 -0.062448 -0.015988 0.059152 0.004110 0.190000 -0.093206 0.007212 -0.121972 0.101803 -0.068032 -0.098336 0.043663 0.140647 0.003756 0.056532 -0.106002 0.103036 -0.046725 0.002101 0.009793 0.018721 -0.027503 -0.000789 -0.022078
0.118358 0.194929 0.067392 0.033613 -0.187373 -0.044804 -0.109780 -0.028155 0.018587 -0.052388 0.051065 -0.048617 0.099699 -0.099598 -0.036818 -0.050263 0.035218 -0.005151 -0.039566 0.060269 0.005854 -0.001532 -0.014696 -0.041134 -0.001392 0.010643
0.069441 0.105776 0.037170 0.142298 -0.104191 0.056500 -0.027681 0.074948 0.030164 0.003160 0.056003 -0.060746 -0.000506 -0.095154 -0.022022 0.004202 0.004813 -0.105431 -0.018218 -0.029250 0.006104 0.035779 0.048937 -0.018514 -0.000676 -0.017494
0.085285 -0.014164 -0.000502 -0.049930 0.095534 -0.003524 0.016945 -0.096731 -0.004209 -0.131505 0.001389 -0.097901 -0.051046 -0.078934 0.021705 0.061921 -0.006426 -0.005026 0.081844 0.028265 0.002024 0.009890 0.011306 -0.000774 -0.000714 -0.019182
0.277532 0.137589 0.042534 0.214838 -0.161784 0.028770 0.253575 -0.153234 -0.020515 0.006129 0.182909 -0.384219 0.027038 -0.181364 0.146127 0.052447 -0.050287 -0.094887 0.013474 -0.185018 -0.003093 0.026435 0.012119 -0.093440 -0.005520 -0.045016
0.057583 0.056198 0.022534 0.080165 -0.117656 0.006462 -0.034585 0.013181 0.006806 -0.032304 0.074173 -0.067496 0.062109 -0.076069 -0.015804 -0.005687 -0.029538 0.021713 0.018675 -0.103320 0.006605 0.003418 0.001295 -0.040893 -0.001086 0.018645
0.095889 0.143145 0.042440 0.038105 -0.242863 -0.015228 -0.027429 0.100807 -0.002366 -0.032413 0.041421 -0.109827 -0.034867 -0.053393 -0.067239 0.071216 0.020956 -0.048422 0.014873 -0.167433 -0.013183 0.004282 0.019085 -0.068700 -0.002710 0.053700
0.031308 -0.063973 0.010126 -0.043795 -0.143389 0.066023 -0.011212 -0.018749 -0.008949 0.042263 0.038517 0.131994 0.076727 0.015176 0.065670 -0.037870 0.018231 -0.031683 -0.038307 0.037803 0.013382 -0.006676 -0.008121 0.017676 0.002061 0.032704
0.085973 -0.068863 -0.003981 -0.037618 -0.001109 -0.002290 0.028238 0.093478 -0.021355 -0.104137 0.048610 -0.005716 -0.066779 -0.017710 -0.053509 0.047343 -0.058955 -0.021943 0.116491 -0.091902 -0.009552 0.014618 0.024475 -0.033149 -0.000766 0.006092
0.060757 -0.087055 -0.040224 -0.127890 -0.035963 -0.017689 0.052036 0.057044 -0.013275 -0.043208 0.065534 -0.076953 -0.042172 -0.111163 -0.015847 0.110244 -0.102331 0.015736 0.138468 0.084243 -0.006373 0.014380 -0.002612 -0.020490 -0.000462 0.019270
0.064910 0.071905 -0.019573 0.024076 0.002757 0.015619 0.070091 -0.085556 -0.020917 0.043213 0.029979 -0.076321 0.037575 -0.037105 0.110361 0.007390 -0.015308 -0.008469 -0.002200 -0.056323 0.014836 -0.003207 0.025516 -0.025250 -0.001142 -0.041041
0.072425 0.110647 0.068206 -0.090885 -0.048797 0.180976 0.081359 -0.085638 0.002735 -0.027506 0.001127 -0.080386 -0.060554 0.062814 0.003606 0.033003 -0.166926 -0.039960 -0.112669 0.096153 -0.001535 0.003206 0.009158 -0.053123 0.003230 -0.018966
0.083914 -0.043881 0.016214 0.085661 -0.086888 -0.014459 0.032837 -0.013398 -0.002669 -0.072429 0.015377 -0.044883 0.013433 -0.033584 0.003936 0.019550 -0.005421 -0.013672 0.041210 0.033625 0.007294 0.012863 0.020515 -0.024743 0.000764 0.017901
0.065686 0.065171 0.013983 -0.003926 -0.107032 0.023521 0.013777 0.074917 -0.008283 0.035042 0.020778 -0.035626 -0.016761 -0.013348 -0.020042 0.047988 -0.013598 -0.009507 0.005428 -0.055556 -0.001590 0.012427 0.023005 -0.030111 -0.001645 -0.001223
0.044159 0.073005 -0.027512 -0.013628 0.044748 -0.010605 0.200452 -0.174087 -0.024244 -0.002660 0.082279 -0.084930 -0.015420 -0.017509 0.145384 -0.012332 -0.057230 -0.031826 0.087461 -0.014290 0.007602 -0.005039 0.001853 -0.013291 -0.000282 -0.053701
0.029698 0.020270 -0.024395 -0.049501 0.104712 -0.040105 0.161519 -0.250509 -0.013752 -0.006128 0.009725 -0.093839 -0.075478 0.009170 0.045882 0.040944 -0.096629 -0.013178 0.032676 -0.054659 -0.022464 -0.015700 -0.020430 -0.016022 -0.002319 -0.010093
0.155604 0.123957 0.023348 0.009093 -0.118097 -0.150210 0.107960 -0.056876 -0.025043 0.152411 0.210758 -0.043852 0.026185 -0.018250 0.144015 0.032324 -0.101171 -0.055395 -0.079418 0.042836 -0.002088 -0.002979 -0.010851 0.011093 -0.002969 -0.052396
0.088978 0.001772 -0.070552 0.047406 0.061574 0.125293 0.206156 -0.336393 -0.001472 0.016763 0.233878 -0.263365 -0.108656 -0.124246 0.136775 0.207170 -0.172238 -0.156948 0.179660 -0.190925 -0.021495 -0.001552 -0.015578 -0.001028 -0.003240 -0.026188
0.112802 -0.068820 -0.002167 0.079180 -0.060313 0.014579 0.158113 -0.044991 -0.028355 0.140264 -0.057796 -0.125959 0.071798 -0.085478 0.094467 -0.029331 0.032289 -0.078395 -0.046113 0.010269 -0.015402 -0.019474 -0.045659 0.046643 -0.003630 -0.011388
0.144575 0.003159 -0.050943 -0.133496 -0.038423 0.018976 0.238097 -0.183500 -0.031569 0.095141 0.206879 -0.144521 -0.111552 -0.124932 0.232035 -0.004798 -0.036569 -0.132403 0.042548 -0.066665 -0.003180 -0.002266 -0.019024 -0.030614 -0.001215 -0.018164
0.034814 0.007875 -0.016167 0.078525 -0.004014 0.036292 0.098364 -0.129854 -0.018463 0.079074 0.031064 -0.044756 0.030999 -0.015810 0.086829 0.003086 0.003230 -0.068944 0.023291 -0.042298 0.006268 -0.004000 0.003568 -0.031621 -0.000073 -0.024042
0.061013 0.133514 -0.021075 -0.082268 0.003632 0.123537 0.043937 -0.151317 0.002566 0.029756 -0.025745 -0.025910 -0.075353 0.001120 -0.046135 0.051910 -0.046158 -0.008604 0.044635 -0.162610 -0.017905 -0.005665 0.008845 -0.024329 -0.002334 -0.016244
0.036292 0.012719 -0.005481 -0.002985 0.009929 -0.018972 0.008178 -0.038607 -0.011724 -0.059036 0.042399 -0.019546 -0.029320 0.017146 0.011581 0.007841 -0.010296 -0.015461 -0.006534 -0.066887 -0.000511 -0.000365 -0.007772 0.004576 -0.000313 0.003864
0.071122 0.105446 0.048452 0.022355 -0.097300 -0.069572 -0.049523 0.004060 -0.026387 -0.085158 0.007292 -0.089366 0.174572 -0.060230 0.054251 -0.068445 0.023125 0.000174 -0.039494 0.022808 0.010466 0.001571 0.003871 -0.070105 -0.001799 0.004829
0.094272 0.000064 0.037732 -0.004040 -0.077810 -0.028532 0.000345 0.046948 -0.014086 -0.091459 -0.060763 -0.050401 -0.051655 -0.031428 -0.064325 0.017256 0.044766 0.013312 0.071855 -0.052609 -0.019415 0.012315 0.022599 -0.052281 -0.000691 0.030948
0.012273 -0.053557 -0.048367 0.001811 -0.055649 -0.055948 0.165587 -0.038801 -0.023934 0.140822 0.224051 -0.118760 -0.063312 -0.048786 0.113112 0.017307 -0.052532 -0.075592 -0.020514 -0.113785 -0.017068 -0.003611 -0.031819 -0.044284 -0.001808 0.019082
0.125001 -0.034978 0.038149 0.181304 -0.073499 -0.019348 0.014420 0.062436 -0.017984 -0.024898 -0.063677 -0.095907 0.081660 -0.043551 0.017135 0.008954 -0.010978 -0.006503 0.030528 -0.090095 0.002332 0.014777 0.024398 -0.061246 -0.001805 -0.004150
-0.209708 0.007871 -0.095946 -0.400902 -0.140145 -0.125090 0.318945 -0.116447 0.011244 0.057175 0.271413 -0.187963 -0.214910 0.082507 0.115178 0.054228 -0.021172 -0.026663 0.069003 -0.024419 -0.057863 -0.001080 -0.014887 -0.008918 -0.000528 0.125118
0.002094 0.061374 -0.040545 0.059980 0.104886 -0.024361 0.180618 -0.105536 0.001563 -0.031736 0.094562 -0.153145 -0.029602 -0.032366 0.115837 0.000367 -0.010725 -0.046449 0.082673 -0.106378 0.000432 0.007361 0.007191 -0.027851 -0.002056 -0.055410
0.087486 0.012624 0.026705 0.070192 -0.086404 0.066722 -0.097930 -0.020619 0.026711 0.031709 0.036284 0.005243 -0.059768 -0.027112 0.011699 0.023491 -0.038981 -0.074339 -0.027086 0.023563 0.012066 0.010193 0.005172 0.009254 0.000682 0.008493
0.201145 0.086378 0.002401 0.178860 -0.085759 0.010792 0.061255 0.017584 -0.014450 0.101637 -0.054858 -0.172311 0.089573 -0.051005 0.116405 0.028243 -0.092096 -0.009182 -0.043804 0.033719 0.014764 -0.009364 -0.052673 0.035373 -0.001808 -0.073896
0.084039 0.118627 -0.052566 0.155979 0.093705 0.037427 0.065272 -0.043059 0.007485 -0.072931 0.108837 -0.098866 -0.140341 -0.087511 0.034637 0.095265 -0.093963 -0.140970 0.051958 -0.174944 -0.009871 0.000039 0.002810 0.052542 -0.004973 -0.065416
0.115228 0.078469 0.060914 -0.153944 -0.102019 0.120202 0.053894 -0.033239 0.019204 0.036533 -0.070472 0.009275 -0.190250 -0.065553 0.001669 -0.034908 0.025738 -0.149038 0.010836 -0.139598 -0.031243 0.000124 0.027812 -0.020800 -0.002603 0.032912
