0.108786 -0.313036 0.355161 -0.363345 0.193348 0.553337 1.139248 0.329804 -0.111350 0.034421 0.011888 0.162885 -0.698726 -0.142265 0.235031 -0.051518 -0.004724 -1.041789 -0.117714 -0.158682 -0.053727 -0.013693 0.364123 0.046569 0.003096 -0.094783
-0.046571 -0.418131 0.358758 -0.206685 0.213111 0.427406 0.997228 0.262581 -0.167498 -0.086079 -0.138108 0.265854 -0.519029 -0.203820 0.184856 -0.057619 0.091810 -0.931339 -0.084266 -0.255032 -0.073857 -0.017532 0.299686 0.062630 -0.003401 -0.003826
-0.059585 -0.412349 0.425362 -0.231479 0.243004 0.361244 1.103552 0.276178 -0.169350 -0.173788 -0.133800 0.144944 -0.600317 -0.274277 0.139352 -0.008509 0.087869 -0.936571 -0.073663 -0.396510 -0.115410 -0.025141 0.305728 -0.005624 -0.005018 0.029605
0.116144 -0.268103 0.333742 -0.152527 0.247186 0.545559 0.920272 0.282490 -0.053744 0.218346 0.017552 0.108400 -0.533883 0.011018 0.187949 -0.176401 0.044224 -0.819802 -0.171636 0.170562 0.002955 0.021928 0.320631 0.113024 0.004993 -0.198152
0.276350 -0.253561 0.342535 -0.356072 0.350414 0.587782 1.010216 0.173264 -0.166831 0.276825 -0.003393 -0.100028 -0.625041 0.073680 0.226112 -0.248659 0.013901 -0.937427 -0.180755 -0.055431 -0.027905 -0.056708 0.261047 -0.106759 0.010568 -0.202389
0.095603 -0.445882 0.302047 -0.234879 0.305271 0.379540 1.128766 0.210300 -0.195293 0.068460 0.099991 -0.089994 -0.753856 0.008661 0.225162 0.050062 0.046326 -1.113754 -0.177082 -0.235253 -0.084380 -0.065622 0.277481 -0.063657 0.002800 -0.049048
0.235207 -0.211646 0.408843 -0.219395 0.082587 0.476347 0.978792 0.310907 -0.144849 0.186754 -0.004490 0.187332 -0.675397 -0.232241 0.265429 -0.237579 0.092701 -0.940846 -0.077228 -0.210071 -0.057381 -0.039288 0.273342 0.064256 -0.001585 -0.115311
-0.091551 -0.534247 0.376662 -0.233994 0.179045 0.342205 0.736968 0.224381 -0.169799 -0.250111 -0.583749 0.541535 -0.266135 -0.284487 0.144060 -0.026351 0.154674 -0.677110 -0.129718 -0.014610 -0.051165 0.016425 0.292746 0.079375 -0.006225 0.079205
-0.009784 -0.509682 0.417001 -0.156028 0.220266 0.288078 0.711526 0.304308 -0.120892 -0.131138 -0.475075 0.546220 -0.247847 -0.220595 0.056086 -0.113129 0.053721 -0.584396 -0.131235 0.040191 -0.061788 0.045085 0.309537 0.047369 -0.006206 -0.001216
-0.096136 -0.524684 0.322006 0.017937 0.330979 0.262473 0.844839 0.023941 -0.217890 0.048346 -0.211096 0.033835 -0.654350 -0.226813 0.016008 -0.286443 0.136744 -0.699893 0.057301 -0.385452 -0.075451 -0.037030 0.193875 0.033418 -0.003742 0.068966
-0.205180 -0.395851 0.406321 0.120739 0.420177 0.173721 0.769484 0.097607 -0.150535 -0.322816 -0.526471 0.311105 -0.332812 -0.240185 0.114289 -0.303252 0.077774 -0.584267 0.044723 -0.222482 -0.051899 0.004012 0.173421 0.006075 -0.005698 0.018207
-0.338149 -0.268426 0.273199 0.386176 0.176663 0.159821 0.500302 0.128254 -0.159013 -0.162876 -0.388581 0.376623 -0.551219 -0.160689 0.065322 -0.266732 0.003284 -0.631735 0.078592 -0.118500 0.026789 -0.011188 0.224504 0.073858 -0.004756 0.087721
-0.283319 -0.578702 0.273715 -0.360879 0.165971 0.389645 1.098147 0.333496 -0.259889 -0.016808 0.144038 -0.010414 -0.638769 -0.103247 0.217244 0.283203 0.191811 -1.021237 -0.083647 -0.388206 -0.063597 -0.077411 0.288155 0.056883 -0.000825 0.113051
-0.319425 -0.241871 0.224232 0.062020 0.226633 0.177312 0.612129 0.291332 -0.123811 -0.020677 -0.177303 0.491047 -0.364762 0.092172 0.131722 0.038081 -0.104441 -0.619796 -0.189440 0.472927 0.023770 0.004536 0.271715 0.074799 -0.003540 -0.067118
-0.279748 -0.496770 0.259968 0.195409 -0.046470 0.655770 0.392134 0.352048 -0.184029 0.346499 0.110487 0.617322 -0.111302 -0.008386 0.281164 0.017042 0.083872 -0.897427 -0.313730 0.348928 0.111487 0.039409 0.222198 0.061722 0.011698 -0.032251
0.006037 -0.192669 0.485683 -0.157338 0.274195 0.469117 1.008348 0.178214 -0.095032 0.339040 0.021196 0.063146 -0.531638 -0.055418 0.177020 -0.199844 0.114306 -0.731206 -0.197580 0.012714 -0.034115 0.019203 0.368706 0.001290 0.001862 -0.181980
-0.097601 -0.339693 0.274677 0.395355 0.161277 0.691101 0.488233 0.273363 -0.153995 0.514312 0.028647 0.438917 -0.259415 0.102424 0.321805 -0.417592 -0.014988 -0.961657 -0.207219 0.302109 0.107663 0.020342 0.223919 0.113450 0.009359 -0.200970
-0.024571 -0.354317 0.061466 -0.398690 0.060617 -0.150756 0.938880 0.024389 -0.245503 0.162750 0.450330 0.135789 -0.404537 0.134066 0.242292 0.041576 0.016657 -0.497851 -0.024360 0.402394 -0.007035 0.055688 0.087419 -0.295247 0.006300 -0.025688
-0.570060 -0.185030 -0.010235 0.303454 -0.092079 0.019379 0.609538 0.011369 -0.157745 -0.489061 -0.057234 0.101422 -0.463601 0.211716 0.076161 0.629684 -0.099229 -0.732687 -0.083916 0.391145 0.056833 0.011087 0.127872 -0.122922 0.006449 0.212974
-0.373823 -0.166165 0.100707 -0.079863 0.484227 0.117932 1.216879 -0.135801 -0.142469 0.015329 -0.065013 -0.098620 -0.530224 0.112029 0.310574 -0.379824 -0.152621 -0.913368 0.301930 0.290342 -0.026448 -0.060137 0.143202 0.065154 0.004892 -0.114138
-0.179891 -0.332928 0.210846 -0.052908 0.062603 0.440316 0.484251 0.226216 -0.110557 0.026959 -0.360629 0.510504 -0.253971 -0.038362 0.064072 -0.009507 -0.018234 -0.741026 -0.139576 0.403074 0.041582 0.014524 0.277141 0.105416 -0.000889 0.006914
-0.374137 -0.500607 0.198726 0.275004 0.221172 0.507561 0.766271 0.241099 -0.076626 0.221606 -0.167194 0.222894 -0.281002 0.134620 0.289473 -0.594370 0.234151 -0.743029 -0.197288 0.300411 0.011804 0.030016 0.231639 0.066658 -0.000048 -0.054072
0.042327 -0.312858 0.345959 -0.192076 0.184756 0.467261 0.872762 0.376543 -0.074705 0.046284 -0.081972 0.173817 -0.539886 -0.058461 0.138895 -0.173975 0.036655 -0.799447 -0.113116 0.085130 -0.044216 0.007859 0.285970 0.053204 0.001048 -0.101406
-0.415267 -0.281510 0.238503 -0.062405 0.123871 0.242125 0.815549 0.042654 -0.226128 0.350692 0.119742 0.401772 -0.419375 0.022743 0.308048 -0.394894 0.148214 -0.686211 -0.230925 0.197223 0.049255 0.004044 0.261616 0.140498 -0.002408 -0.008305
-0.035897 -0.216664 0.378986 0.072464 0.298230 0.410655 0.702232 0.100504 -0.137074 -0.137383 -0.349155 0.347062 -0.280001 -0.230511 0.117918 -0.392795 0.052979 -0.621321 0.051895 -0.227413 -0.032105 -0.040528 0.183933 0.119815 -0.001147 -0.082572
-0.218234 -0.183759 0.341872 0.694752 0.474331 0.179024 0.603992 0.309403 -0.148618 -0.495989 -0.254367 0.392655 -0.498836 -0.334140 -0.039939 -0.506766 -0.406633 -0.510862 0.160770 0.043711 0.003868 0.062070 0.356331 0.047068 0.001812 -0.117655
0.122606 -0.223750 0.357177 -0.164153 0.279256 0.380193 0.829080 -0.000638 -0.163848 0.081642 -0.011633 -0.126874 -0.406357 0.004243 0.270925 0.108624 -0.137546 -0.664633 -0.093450 -0.044863 -0.025176 -0.015614 0.289838 -0.191408 -0.000956 -0.123860
-0.430654 -0.284577 0.291380 0.364346 0.236791 0.305228 0.518829 0.113682 -0.040887 -0.166081 -0.401771 0.178645 -0.343116 0.045104 0.250689 -0.422885 -0.057522 -0.513622 0.028875 0.100887 0.078689 0.004698 0.267920 0.152243 -0.004503 0.020354
-0.718277 -0.156719 0.306147 -0.119507 0.341098 0.164703 0.900563 0.156545 -0.212745 0.247345 -0.239909 0.406868 -0.370552 -0.174826 0.461570 -0.615897 0.246984 -0.658231 -0.107949 0.038940 0.077417 -0.037806 0.167939 0.343793 -0.001694 -0.018523
-0.082275 -0.142714 0.312339 -0.188332 0.186966 0.305861 0.679265 0.033460 -0.170123 -0.020372 -0.139169 0.043563 -0.360918 -0.026174 0.118645 0.247895 0.018639 -0.659474 -0.217345 0.096677 -0.015347 -0.016383 0.262143 -0.144355 0.001793 -0.026195
0.093349 -0.166295 0.265957 -0.032898 0.442760 0.639123 0.586791 0.358752 -0.146904 0.186019 -0.085544 0.260732 -0.351687 0.002102 0.059779 -0.164318 -0.215644 -0.652501 0.131466 0.195783 0.005147 0.025103 0.244359 0.223831 -0.001480 -0.319636
-0.295828 -0.299149 0.170252 0.108515 0.352621 0.537473 0.850485 0.126431 -0.151384 0.140815 -0.195328 0.080211 -0.577082 0.138160 0.296387 -0.528250 -0.023043 -0.735211 0.178995 0.196632 0.063467 -0.019143 0.165006 0.142610 0.003835 -0.121630
-0.279351 -0.338546 0.167851 -0.223364 0.066428 0.334827 1.044673 -0.036268 -0.192239 0.474614 0.589271 0.159201 -0.469493 0.274136 0.278256 -0.610075 -0.041233 -0.562461 -0.169478 0.321182 0.045634 -0.027904 0.133912 0.153050 0.010678 -0.072829
-0.042118 -0.298309 0.239364 0.354076 0.238160 0.545373 0.537871 0.202090 -0.128892 0.214129 -0.109527 0.341996 -0.245187 0.113853 0.216889 -0.322999 -0.073154 -0.882877 -0.193362 0.350131 0.075949 0.008317 0.233779 0.101065 0.002981 -0.180346
-0.040785 -0.355147 0.372055 -0.108068 0.366525 0.572649 0.713291 0.553369 -0.083744 0.189152 -0.286375 0.198201 -0.642595 0.005210 0.256484 -0.704545 0.282861 -0.778202 -0.010751 -0.172146 0.033208 -0.055056 0.237913 0.283996 0.007781 -0.153771
0.016674 -0.372876 0.296441 -0.185333 0.199225 0.341599 0.948162 0.082066 -0.136621 0.384193 -0.084125 0.238909 -0.460750 -0.120910 0.200429 -0.157100 -0.121960 -0.635504 -0.178307 0.257404 -0.043156 -0.000517 0.322901 0.044338 0.003509 -0.105411
-0.130398 -0.156096 0.210321 0.370328 0.180146 0.563462 0.819241 0.153857 -0.058889 0.344648 -0.258224 0.040999 -0.582021 0.181942 0.343620 -0.660473 0.025823 -0.953963 0.142959 0.242742 0.117101 -0.013371 0.242819 0.241483 0.001100 -0.178078
-0.339233 -0.188434 0.102354 -0.293729 0.586172 0.251341 1.035848 -0.200473 -0.106499 0.103993 -0.316452 0.028913 -0.468812 0.043666 0.209854 -0.098910 -0.098885 -0.687778 0.293866 0.289647 -0.025091 0.003136 0.152096 0.023481 0.004083 -0.135719
-0.078346 -0.224392 0.378134 0.219710 0.216782 0.430655 0.610787 0.623109 -0.029363 0.230988 -0.362692 0.130851 -0.562478 0.099222 0.252214 -0.649361 0.173368 -0.771216 -0.045272 0.035280 0.115492 -0.048089 0.239273 0.377711 0.010848 -0.162197
0.058949 -0.206256 0.212990 0.084315 0.355374 0.496909 0.582487 0.404439 -0.171135 0.235086 -0.056567 0.298391 -0.220919 0.205032 0.041105 -0.327054 0.133323 -0.488552 -0.110471 0.102943 -0.025743 -0.006219 0.160547 -0.018075 0.003956 -0.278436
-0.049914 -0.406704 0.101531 -0.214445 0.080783 0.095188 0.882756 0.019903 -0.215141 0.143541 0.329931 0.220706 -0.380855 0.231923 0.186696 -0.283431 0.015179 -0.576671 0.057103 0.362083 0.033049 0.055132 0.169028 -0.175702 0.007913 -0.045358
0.057482 -0.075910 0.223116 0.170077 0.244714 0.576571 0.699509 0.238086 -0.069695 0.147429 -0.325122 0.096477 -0.381305 0.069279 0.197691 -0.422039 -0.140428 -0.965139 -0.108770 0.300721 0.087331 -0.000830 0.310648 0.217070 -0.000239 -0.209074
-0.232959 -0.403087 0.145286 0.166944 -0.154170 0.401575 0.476387 0.329908 -0.059968 0.095865 -0.205397 0.427198 -0.000796 0.139348 0.157474 0.349097 -0.038488 -0.740819 -0.031808 0.428663 0.103489 -0.007354 0.350605 0.119502 0.004561 0.006596
0.005838 -0.281813 0.105281 0.225998 0.140480 0.143982 0.626834 -0.016287 -0.129769 0.174065 0.095889 0.131611 -0.472463 0.333819 0.149395 -0.269394 -0.121820 -0.464758 0.111367 0.340557 0.072205 0.060631 0.153840 -0.028304 0.010112 -0.113735
-0.410539 -0.175096 0.144624 0.349410 0.018184 0.445990 0.701318 0.242688 -0.035367 0.376827 -0.239639 0.423599 -0.335075 0.047018 0.232086 -0.184508 0.041970 -0.926454 0.058849 0.323979 0.092365 -0.024201 0.303051 0.234493 0.004575 -0.080316
-0.536427 -0.342565 0.134906 -0.167354 0.025969 0.153297 0.783686 0.143621 -0.140692 0.145037 0.006965 0.377706 -0.369618 -0.004026 0.348764 0.071534 0.077376 -0.752313 -0.318119 0.227659 0.072280 0.007532 0.312242 0.203346 -0.004768 0.107357
0.005052 -0.239940 0.292221 -0.269559 0.239392 0.419430 0.917481 0.299223 -0.120527 -0.044181 0.055754 0.066602 -0.632050 0.037769 0.206776 -0.048893 -0.005601 -0.995992 -0.209797 -0.014874 -0.025920 -0.043753 0.262641 0.020493 0.002899 -0.076582
-0.298816 -0.305990 0.204118 0.468009 0.020898 0.756183 0.489334 0.497535 -0.042219 0.168720 -0.272097 0.273873 -0.324109 0.174293 0.236081 0.021848 0.115777 -0.893218 -0.178329 0.336026 0.148219 0.048922 0.403608 0.187207 0.000909 -0.099996
-0.043882 -0.170333 0.458277 -0.102595 0.148084 0.403807 0.804879 0.088409 -0.091907 0.131586 -0.043782 -0.026376 -0.379761 -0.141195 0.197897 0.073495 0.001224 -0.563910 -0.092248 -0.045594 -0.013878 0.009795 0.350936 -0.033271 -0.002198 -0.084410
0.232588 -0.367056 0.210824 -0.214521 0.391356 0.534847 0.903337 0.183575 -0.246503 0.269409 0.037969 -0.030886 -0.507234 -0.021866 0.135128 -0.088816 -0.078415 -0.666389 -0.123117 0.034875 -0.033150 -0.072659 0.179411 -0.040474 0.005649 -0.208690
-0.191844 -0.359213 0.168629 0.280270 0.109780 0.428479 0.409275 0.272975 -0.136332 0.364799 -0.227879 0.341475 -0.381470 0.172058 0.167024 -0.389197 0.087901 -0.808829 -0.118751 0.335654 0.030838 0.018720 0.260751 0.070612 -0.000842 -0.057068
-0.063396 -0.302399 0.312407 0.010951 0.067863 0.441740 0.500153 0.254628 -0.113245 0.088234 -0.187503 0.454701 -0.129795 -0.073698 0.040008 -0.239768 -0.122061 -0.590721 -0.168260 0.282797 0.038979 0.005006 0.271716 0.099041 0.000031 -0.058323
0.032409 -0.390084 0.199156 0.092598 0.501661 0.761183 0.691291 0.120943 -0.070617 0.202762 -0.177030 -0.007748 -0.613670 0.067786 0.046341 -0.428333 0.034595 -0.766800 0.010978 0.324954 0.064740 0.010242 0.212612 0.246356 0.007591 -0.223896
-0.071030 -0.364649 0.097732 -0.044006 -0.175821 -0.101671 0.866816 0.376620 -0.230239 -0.017559 0.169297 0.226920 -0.524450 0.133805 0.204378 0.614224 0.075330 -0.866459 -0.132015 0.650725 -0.022506 0.030245 0.188421 -0.135327 0.002128 0.035245
-0.382704 -0.372327 0.142502 -0.101654 0.120388 0.272825 0.870256 0.019505 -0.175108 0.364989 0.135825 0.346196 -0.188945 0.063922 0.215315 -0.334741 0.162076 -0.601330 -0.265504 0.230271 0.013795 0.013923 0.210608 0.098953 -0.001517 -0.014328
0.142309 -0.424477 0.062711 -0.423829 0.202931 -0.174993 0.961891 0.095813 -0.227006 0.303437 0.419407 -0.064446 -0.457346 0.215144 0.246816 -0.028618 -0.074404 -0.351108 -0.120797 0.478548 -0.040769 0.054540 0.079028 -0.343021 0.008697 -0.110455
-0.234406 -0.240622 0.219701 0.328874 -0.074934 0.371593 0.641458 0.251743 -0.012669 0.316157 -0.319056 0.437308 -0.333909 0.067160 0.190816 -0.194149 -0.096785 -0.754955 -0.072436 0.497003 0.019447 0.080083 0.310814 -0.035359 -0.001387 -0.047495
-0.319416 -0.488695 0.140280 0.280322 -0.055236 0.625089 0.518046 0.315300 -0.052039 0.122686 -0.243460 0.338390 -0.217047 0.107866 0.064685 0.203131 -0.049311 -0.811429 -0.024807 0.380710 0.062054 -0.009479 0.378687 0.149658 0.004058 0.023347
-0.208651 -0.573826 0.140249 0.374327 0.143582 0.667394 0.717811 0.201310 -0.158576 0.082305 -0.350986 0.381709 -0.304093 0.109924 0.128182 -0.263245 0.124974 -0.698884 -0.111102 0.113176 0.059853 0.013815 0.348279 0.164349 0.004825 -0.028197
-0.355403 -0.223859 0.163248 -0.102494 0.394223 0.238696 1.059914 -0.004522 -0.150538 -0.025362 -0.174739 -0.123900 -0.376699 0.117612 0.285547 -0.256353 0.123690 -0.745195 0.067754 0.191161 0.010376 0.025027 0.252824 0.011052 0.003380 -0.076050
0.016691 -0.298578 0.159462 0.116521 0.102296 0.377427 0.465734 0.143753 -0.052920 0.308223 0.025034 0.199472 -0.312939 0.028243 0.099924 -0.304030 -0.205030 -0.756878 -0.041395 0.340135 0.035210 0.035905 0.182252 0.132596 0.001955 -0.094826
0.006556 -0.154074 0.248568 0.027643 0.140099 0.464197 0.446612 0.417600 -0.127033 0.375992 0.048617 0.460658 -0.464011 -0.175869 0.082460 -0.130321 -0.119402 -0.690926 -0.001182 0.162578 0.036143 -0.022172 0.225316 0.061664 0.000537 -0.176277
-0.039395 -0.425019 0.087377 0.424945 0.041040 0.551208 0.516091 0.599149 -0.112711 0.359948 -0.106792 0.074004 -0.343715 0.109527 -0.116569 0.001053 -0.122254 -1.019270 0.188386 0.330544 0.047744 -0.008343 0.218455 0.263069 0.011770 -0.123596
-0.067274 -0.163931 0.222311 0.105639 0.141677 0.454720 0.664328 0.149025 -0.102077 0.166673 -0.139116 0.330268 -0.373955 0.075093 -0.011461 -0.163986 -0.055810 -0.719743 0.024365 0.306612 0.018662 0.018716 0.257534 0.071026 0.000666 -0.132187
-0.466482 -0.386358 0.383659 0.189848 0.540551 0.419477 0.551579 0.463497 -0.062694 -0.273032 -0.612199 0.507091 -0.341367 -0.052436 0.127538 -0.551066 -0.193977 -0.816493 -0.075626 -0.039973 0.049650 -0.020054 0.320849 0.407935 0.007723 -0.039774
-0.422101 -0.241105 -0.021752 -0.029482 -0.129497 0.542313 0.347708 0.418451 -0.104879 -0.184563 -0.013133 0.071616 -0.025493 -0.062841 -0.004489 0.821012 -0.116956 -0.652980 -0.061720 0.123968 0.058610 0.000357 0.431553 0.080039 0.000996 0.097788
-0.198057 -0.381492 0.177855 0.114588 0.110102 0.548127 0.485329 0.219860 -0.101589 0.412763 -0.001628 0.173064 -0.515109 0.155863 -0.012278 -0.446122 0.116781 -0.679597 0.012979 0.280700 0.034154 0.001170 0.229573 0.123815 0.000201 -0.050633
-0.334997 -0.196460 0.173714 0.185466 0.117818 0.400843 0.584100 0.139848 -0.104725 -0.038912 -0.031389 0.497546 -0.003628 0.017759 0.258833 -0.046994 -0.134281 -1.004218 -0.264566 0.560033 0.096791 0.034892 0.203495 0.210204 0.000980 -0.075895
0.139477 -0.181618 0.294664 -0.153974 0.175960 0.500503 0.950359 0.366733 -0.107403 0.219800 -0.002055 0.058313 -0.501194 -0.144928 0.274542 -0.340609 0.110351 -0.831862 -0.022335 -0.071283 -0.012059 0.007221 0.243615 0.019483 -0.000372 -0.183529
-0.260153 -0.133658 0.265938 0.188758 0.164385 0.195179 0.550354 -0.038011 -0.081560 -0.245423 0.122796 0.249141 -0.331761 0.055298 0.068747 0.278923 -0.111281 -0.561722 0.053650 0.030269 0.041393 0.031378 0.195190 -0.117538 0.002149 -0.016654
-0.032778 -0.387377 0.177812 -0.170514 0.191837 0.172474 0.599990 -0.085166 -0.224840 0.046194 -0.121104 -0.038344 -0.384313 0.157422 0.021791 0.351916 0.028745 -0.686165 -0.272352 0.191102 -0.061643 -0.030506 0.131557 -0.282912 0.003714 0.063226
-0.288335 -0.400371 0.238490 -0.149477 0.211258 0.456554 0.697961 0.103924 -0.166784 0.160517 -0.398855 0.310972 -0.156260 0.029489 0.134925 -0.163997 -0.009425 -0.591099 -0.249189 0.229138 -0.025811 0.001075 0.254108 0.112565 -0.006072 0.002171
-0.120904 -0.348180 0.417896 0.286633 0.475477 0.246333 0.773572 0.197274 -0.261140 -0.302804 0.060605 0.169435 -0.618709 -0.305208 -0.008555 -0.113091 -0.276199 -0.735237 0.052707 -0.121358 -0.082916 0.002072 0.277425 -0.041916 0.000548 -0.068132
-0.341673 -0.380555 0.071536 0.204301 0.073851 0.541157 0.581757 0.130834 -0.064992 0.071422 -0.233063 0.369091 -0.154117 0.118942 0.276819 -0.131119 -0.065093 -1.060605 -0.162367 0.641989 0.073468 0.039607 0.262693 0.177407 -0.000407 -0.016406
-0.352814 -0.271066 0.276150 0.206743 0.184063 0.397159 0.610092 0.361657 -0.078044 0.435444 -0.066174 0.278989 -0.394400 0.062237 0.092799 -0.399661 0.116243 -0.869813 0.008166 0.287024 0.109002 0.033964 0.246644 0.181970 0.000332 -0.106079
-0.429695 -0.283183 0.152275 -0.161705 0.369092 0.488147 0.863401 0.109593 -0.211305 -0.001191 -0.247529 0.168840 -0.416728 0.083103 0.211344 -0.286828 -0.055599 -0.549533 0.012908 0.216419 0.008740 -0.013294 0.175090 0.068298 0.002394 -0.055884
-0.102845 -0.280568 0.191819 0.116000 0.352676 0.485788 0.708562 0.208232 -0.138660 0.200224 -0.287836 0.156176 -0.535516 0.129723 0.201675 -0.475472 -0.051656 -0.731928 -0.008748 0.234005 0.066067 -0.007584 0.202918 0.156679 0.003411 -0.154288
-0.361713 -0.313492 0.126572 -0.114214 0.073167 0.218586 0.721013 0.114967 -0.139211 0.061159 0.004871 0.304056 -0.229439 -0.027992 0.319312 0.079647 0.061625 -0.597747 -0.296096 0.365962 0.061371 0.009886 0.280270 0.145883 -0.005210 0.020111
0.033307 -0.344329 0.231967 -0.149026 0.267571 0.475910 0.753032 0.281539 -0.166246 0.206743 -0.033563 0.235956 -0.537860 -0.072305 0.193167 -0.138346 -0.031861 -0.714299 -0.112240 0.085691 -0.007400 -0.004890 0.214931 0.064952 0.002062 -0.130414
0.003340 0.356363 0.184679 1.238779 0.143643 0.847983 0.675180 0.679601 0.209826 1.016596 0.342303 0.789554 -0.394192 0.559291 0.441723 -1.453774 -0.348124 -1.718041 0.149453 -0.383912 0.356656 -0.033990 0.457521 0.697375 0.034590 -0.616673
0.131096 -0.115327 0.312540 0.098851 0.356558 0.455862 0.665559 0.509164 -0.190220 0.179740 -0.154767 0.254258 -0.490142 -0.125256 0.082606 -0.213290 -0.300304 -0.634705 0.215729 0.379975 0.037054 0.032534 0.245171 0.111858 -0.002951 -0.322155
-0.585172 -0.203208 0.011971 -0.215600 0.307088 0.434849 0.861045 0.193530 -0.175416 0.013915 0.270692 0.623748 -0.316100 0.001269 0.399556 -0.352345 0.110477 -0.861035 -0.128614 0.079987 0.108544 -0.031764 0.285230 0.247679 0.013672 -0.080097
0.279545 -0.179178 0.395870 -0.082746 0.102549 0.455137 0.795745 0.148651 -0.176222 0.168181 -0.034572 0.238942 -0.468036 -0.310632 0.158602 -0.441681 0.019540 -0.697293 0.035335 -0.231837 -0.047475 -0.059472 0.226235 0.078776 0.000036 -0.129702
0.159906 -0.135057 0.292936 0.299315 0.423033 0.458297 0.643992 0.395720 -0.066535 0.177815 0.023868 0.180171 -0.711530 0.184103 -0.022469 -0.643536 -0.511050 -0.680093 0.336897 -0.012550 0.047328 0.043846 0.159236 0.243468 0.002174 -0.309628
-0.168851 -0.306243 0.201301 0.198773 0.547468 0.779791 0.607997 -0.014470 -0.191118 -0.060455 -0.143812 0.125994 -0.266172 0.074745 0.044624 -0.405512 -0.146586 -0.637280 0.001364 0.410967 0.058854 0.043636 0.146293 0.272176 0.007681 -0.219391
-0.231547 -0.254443 0.404502 0.001221 0.292788 0.313610 0.630068 0.316883 -0.175026 0.211287 -0.059494 0.419484 -0.431327 0.053180 0.210527 -0.391017 -0.073060 -0.815118 -0.306209 0.341567 0.011546 -0.008624 0.156271 0.115975 -0.005846 -0.109986
-0.199492 -0.293381 0.265450 0.205827 0.156372 0.429304 0.523364 0.169154 -0.052332 0.453558 -0.138720 0.310777 -0.342032 0.158660 0.014686 -0.252400 -0.038562 -0.663085 -0.133417 0.380832 0.032414 0.024332 0.207100 0.162510 0.004177 -0.106934
-0.190084 -0.147594 0.175594 0.050092 0.219295 0.466050 0.558176 0.255643 -0.083602 0.354750 -0.288875 0.225492 -0.446678 0.034619 0.089711 -0.191341 -0.047636 -0.737911 -0.264030 0.139326 0.070216 0.001836 0.359702 0.238938 -0.003159 -0.096701
-0.212543 -0.333491 0.238968 0.193520 0.161705 0.455660 0.769318 0.168919 -0.122367 0.285893 -0.159100 0.229065 -0.447960 0.040795 0.144794 -0.102997 -0.016109 -0.766775 -0.076171 0.316947 0.043330 0.005174 0.284635 0.046291 -0.001984 -0.083258
-0.208290 -0.267094 0.168184 0.473606 0.099046 0.334338 0.714293 -0.015309 -0.079437 0.005836 -0.077265 0.366296 -0.407097 0.208031 0.276693 -0.589274 0.144386 -0.719292 0.014155 0.039124 0.076951 -0.068590 0.236514 0.190263 0.009060 -0.052027
-0.099217 -0.498293 0.375842 0.441611 0.447883 0.175318 0.622873 0.049967 -0.193454 -0.436389 -0.469572 0.272459 -0.332058 -0.257784 -0.000853 -0.355865 -0.091963 -0.372087 0.023847 0.082655 -0.041827 0.043225 0.272269 -0.032163 -0.000684 -0.013179
-0.182703 -0.272084 0.163073 0.384759 0.219834 0.314460 0.597650 -0.031137 -0.093206 -0.015376 -0.229352 0.287599 -0.206457 0.319933 0.205939 -0.445792 0.078281 -0.721528 -0.082942 0.262032 0.072024 -0.074216 0.229970 0.228442 0.007393 -0.088291
-0.106904 -0.428165 0.203082 -0.036688 0.146086 0.429150 0.753801 0.131554 -0.223128 0.251873 -0.022974 0.108891 -0.319287 0.042423 0.126049 0.127709 -0.093982 -0.652572 -0.217846 0.218876 -0.034355 -0.064820 0.190943 -0.090316 0.002314 -0.036340
-0.353841 -0.320744 0.084013 0.098702 -0.147888 0.607220 0.314855 0.428327 -0.039569 -0.023042 -0.278708 0.355835 -0.041615 0.097752 0.158914 0.641885 -0.023668 -0.709677 -0.162176 0.392969 0.133552 0.026314 0.434416 0.128330 0.002344 0.035013
-0.021707 -0.166764 0.317495 -0.052491 0.305154 0.284393 0.583750 -0.098470 -0.193481 0.097035 0.238984 -0.062525 -0.444016 0.211674 0.160720 0.094337 -0.300349 -0.592007 -0.171774 -0.052399 -0.008559 -0.061001 0.217281 -0.242251 -0.000492 -0.086672
-0.119341 -0.442881 0.213432 0.813616 0.043722 0.854059 0.612127 0.714246 -0.078281 0.716501 -0.253282 0.348352 -0.469826 0.430721 0.078961 -0.694882 0.033056 -1.291826 0.109702 0.275153 0.149918 -0.009893 0.280676 0.278700 0.015505 -0.230217
-0.041126 -0.383435 0.315390 -0.014811 0.202496 0.184923 0.403055 0.160907 -0.158271 0.062453 -0.208556 0.288833 -0.093781 -0.229371 -0.000633 0.131022 -0.109795 -0.454645 -0.286048 0.533860 -0.015329 0.034326 0.213181 -0.004945 -0.003051 -0.039932
-0.167559 -0.118167 0.396178 -0.158549 0.480270 0.325075 0.680684 0.284224 -0.073181 -0.039907 -0.185920 0.370795 -0.285798 -0.128001 0.206919 0.162092 -0.134943 -0.832260 -0.050791 0.463790 0.054263 -0.003646 0.329187 0.145172 0.002196 -0.231303
-0.293587 -0.364442 0.111947 0.015421 0.381645 0.326925 1.179279 -0.074443 -0.129998 0.000485 -0.130523 -0.046700 -0.415375 0.162714 0.296259 -0.490582 0.010467 -0.639619 0.240069 0.404590 -0.012126 -0.025453 0.165348 -0.068409 0.000043 -0.114700
-0.112255 -0.342163 0.085032 0.181357 0.452032 0.477552 0.779376 0.198547 -0.093504 0.052831 -0.353090 0.073574 -0.364657 0.361379 0.204423 -0.305732 -0.106040 -0.857347 -0.005936 0.331281 0.069629 -0.013999 0.301976 0.173907 0.006310 -0.191904
-0.326815 -0.222386 0.047959 -0.068302 -0.046371 0.492612 0.657884 0.263786 -0.088006 -0.080429 -0.012807 0.381054 -0.145139 -0.001063 0.262567 0.169476 0.022352 -0.947503 -0.221028 0.462733 0.117621 0.002919 0.229021 0.235426 0.002672 -0.003730
-0.367901 -0.085467 0.404672 -0.101664 0.249041 0.227691 0.620019 0.100259 -0.052064 0.006810 -0.171139 0.556733 -0.427870 -0.131682 0.151325 0.239146 0.085729 -0.678312 -0.247668 0.265728 0.019541 -0.019623 0.307878 0.067589 -0.003193 -0.050376
-0.199647 -0.456333 0.288879 -0.095287 0.182130 0.257018 0.665484 0.247242 -0.192079 0.096238 -0.073804 0.277492 -0.348088 0.069435 0.157101 0.138073 0.234484 -0.721551 -0.184376 0.354510 -0.032010 0.049475 0.153759 -0.079775 -0.007914 -0.018248
-0.008776 -0.153459 0.337926 -0.007409 0.395508 0.483626 0.658379 0.461979 -0.195206 0.165695 -0.024549 0.295078 -0.429532 -0.041251 0.114907 -0.142395 -0.298905 -0.643091 0.117812 0.342836 0.029167 0.030099 0.215472 0.107907 -0.002920 -0.293650
-0.425322 -0.157353 0.183073 0.219751 0.243202 0.249076 0.552308 0.516853 -0.111730 0.332937 -0.147361 0.468423 -0.418023 -0.003218 -0.019561 -0.006379 0.045756 -0.823579 -0.064779 0.208074 0.027049 0.028887 0.136416 0.229987 0.001792 -0.110514
-0.148009 -0.243281 0.240464 0.064285 0.267096 0.321043 0.564361 0.207620 -0.077736 -0.024321 -0.104307 0.467038 -0.092724 -0.098414 0.092021 0.046340 0.041303 -0.734793 -0.256179 0.484743 0.034644 0.013420 0.287737 0.148192 -0.003305 -0.137705
-0.404781 -0.223245 0.209293 0.331651 0.186519 0.676913 0.519327 0.169610 -0.063980 0.384069 -0.236158 0.311642 -0.389179 0.267072 0.261528 -0.465271 0.068669 -0.811919 -0.006393 0.011740 0.119407 -0.033304 0.195598 0.287632 0.006135 -0.097594
-0.045210 -0.370851 0.154734 -0.012740 0.060512 0.488449 0.668017 0.227361 -0.141919 0.064891 0.043765 0.350530 -0.425469 -0.019134 0.134228 0.100517 -0.035707 -0.731318 -0.104335 0.430510 0.024023 0.023209 0.236533 0.059513 0.001164 -0.071345
-0.057206 -0.318721 0.305682 0.089199 0.317410 0.599130 0.640522 0.182447 -0.071565 0.156646 -0.275302 0.339586 -0.399302 0.205839 0.015891 -0.376033 -0.012654 -0.718289 -0.045090 0.308526 0.062751 0.010861 0.275262 0.174931 0.007456 -0.169628
-0.164589 -0.460964 0.224700 0.078800 0.126901 0.400056 0.375414 0.162015 -0.175275 0.145988 -0.223328 0.316361 -0.248284 0.079891 -0.001844 -0.204010 0.150063 -0.557684 -0.175529 0.381560 0.017287 -0.020926 0.266109 -0.026982 0.004522 0.010057
-0.481068 -0.051291 0.090872 0.116554 0.236800 0.321864 0.962454 0.066885 -0.062216 -0.070973 -0.076332 -0.180466 -0.241385 0.069805 0.290607 -0.275618 0.062927 -0.752606 -0.140769 0.140689 0.013745 0.010580 0.298031 0.120654 -0.000124 -0.048380
-0.059332 -0.362487 0.191351 0.090530 0.160119 0.115718 0.583478 0.075277 -0.130788 0.048371 -0.035110 0.179741 -0.301225 0.088684 0.106410 0.166700 -0.112174 -0.556427 -0.066634 0.317045 -0.000278 0.062290 0.161339 -0.077869 0.002459 -0.039201
-0.593463 -0.227724 0.340928 0.041231 0.199533 0.292488 0.631845 0.357779 -0.159233 -0.127303 -0.413285 0.375550 -0.142697 -0.201974 0.026417 -0.117991 0.258086 -0.598012 -0.213731 0.246759 0.012141 0.017725 0.282572 0.169367 -0.004505 0.043394
-0.291190 -0.102647 0.457885 -0.127093 0.182976 0.236826 0.626666 0.176399 -0.073987 0.084897 -0.229547 0.128138 -0.317873 0.053117 0.137476 0.063140 0.014217 -0.561984 -0.052009 0.136698 0.009182 0.006387 0.281001 0.076271 0.000196 -0.048453
0.024484 -0.341102 0.108178 -0.093139 0.087792 0.085985 0.770021 0.089363 -0.186938 0.208282 0.255254 0.247490 -0.429467 0.147728 0.191515 -0.103910 -0.089421 -0.532484 -0.028109 0.299493 0.006458 0.040126 0.139016 -0.108770 0.002634 -0.078321
-0.036516 -0.236746 0.272811 0.152106 0.268261 0.362420 0.597306 0.252286 -0.134704 0.137963 -0.251480 0.231967 -0.247793 0.013873 0.217410 -0.018485 -0.028661 -0.549517 -0.226621 0.520955 0.064011 0.036018 0.245590 0.018125 0.002755 -0.190117
-0.227206 -0.331339 0.210295 0.073440 0.228798 0.283426 0.766816 0.089717 -0.158185 0.062118 -0.227338 0.196471 -0.308191 0.213954 0.101986 -0.097114 -0.052518 -0.548083 0.027450 0.390001 0.013176 0.006699 0.275436 -0.037013 0.000926 -0.073538
-0.376813 -0.310815 0.102643 0.327195 0.029050 0.394737 0.598607 0.141004 -0.046672 0.261804 -0.352813 0.430371 -0.191274 0.165480 0.192806 -0.275227 0.047283 -0.718030 -0.180823 0.328534 0.029977 0.047881 0.264152 -0.042546 0.000592 0.000387
-0.360576 -0.273456 0.057473 -0.091123 -0.095224 0.060096 1.104018 0.095600 -0.251829 0.112252 0.366988 0.116037 -0.563270 -0.121762 0.299140 0.417924 0.264899 -0.904651 -0.293393 0.351253 -0.014834 -0.055320 0.088508 -0.201942 -0.001315 0.089752
-0.437786 -0.240933 0.104804 -0.176763 0.532797 0.076880 1.161618 -0.195359 -0.195577 -0.206046 -0.068426 -0.145701 -0.337238 0.054967 0.297893 -0.359437 0.006516 -0.717564 0.141813 0.175231 -0.044223 -0.042252 0.166863 0.058080 -0.002595 -0.047160
0.535659 -0.094998 0.276338 0.244942 0.543918 0.540277 0.857521 0.282836 -0.117742 0.000108 0.037016 0.113434 -0.723930 0.150866 -0.008313 -0.623779 -0.443311 -0.623053 0.446106 -0.124724 0.068577 0.064869 0.266375 0.271347 0.004061 -0.453730
-0.176868 -0.262617 0.229984 0.475384 0.493410 0.631031 0.698150 0.446219 -0.043433 0.727610 -0.299209 0.052736 -0.265951 0.387244 0.194593 -0.551282 0.098228 -0.976179 -0.084831 0.003259 0.139376 -0.012555 0.205600 0.153327 0.011339 -0.328061
-0.143797 -0.268939 0.316520 -0.024022 0.195598 0.458844 0.561988 0.276121 -0.094987 0.162242 -0.136112 0.172467 -0.318816 0.035354 0.107398 -0.092928 0.025877 -0.606525 -0.156957 0.288259 0.040151 0.025323 0.242872 0.060871 -0.001589 -0.098632
-0.826881 -0.214315 0.142439 -0.129360 0.494261 0.027168 0.892666 0.186651 -0.165049 -0.056602 -0.448108 0.410721 -0.236249 -0.043491 0.474969 -0.533540 0.125388 -0.714711 -0.248302 0.008959 0.134376 -0.093634 0.175063 0.465218 0.000192 0.029843
-0.077365 -0.357468 0.136029 0.032067 0.298536 0.475663 0.707924 0.226326 -0.064990 0.317271 -0.312985 0.207513 -0.666866 0.099687 0.184254 -0.286825 -0.019786 -0.807359 -0.178185 0.203619 0.083151 -0.001658 0.271084 0.238295 -0.000000 -0.102338
-0.276777 -0.233023 0.194014 0.444881 0.194001 0.596160 0.907981 0.603092 0.065736 0.214778 -0.400009 0.221307 -0.370864 0.219924 0.372121 -0.398777 -0.109914 -1.120553 0.222612 0.635575 0.169454 0.011587 0.333601 0.335323 0.010696 -0.261956
-0.243223 -0.259548 0.166124 -0.007360 0.302268 0.150392 0.854163 -0.011663 -0.144855 -0.067010 -0.160284 0.007877 -0.332298 0.079512 0.153108 -0.025625 -0.170754 -0.585715 0.088181 0.359648 0.004748 0.009987 0.248400 -0.038339 0.002998 -0.056961
0.105204 -0.352015 0.087874 0.020903 0.170395 0.030287 0.784306 0.061046 -0.177876 0.213165 0.241831 0.183667 -0.432054 0.231747 0.220148 -0.201224 -0.122315 -0.415157 -0.044407 0.381393 0.030598 0.061370 0.136661 -0.130411 0.007700 -0.141058
-0.391944 -0.240614 0.097028 -0.110141 0.365371 0.072859 0.908505 -0.084585 -0.123195 -0.033324 -0.287908 -0.019390 -0.391920 0.106054 0.199027 -0.134882 -0.029170 -0.703830 0.177953 0.109614 -0.049373 -0.010814 0.143006 0.047986 0.001036 0.007379
-0.150535 -0.248490 0.246603 0.000937 0.205457 0.072779 0.524817 0.237536 -0.118252 -0.117370 -0.169072 0.386295 0.096504 -0.250525 0.058908 0.282115 -0.184228 -0.468838 -0.344090 0.514057 -0.030178 0.043724 0.249153 -0.016654 -0.004759 -0.065923
-0.162227 -0.021417 0.288983 0.260646 0.162314 0.433894 0.584719 -0.005585 -0.012305 0.102987 -0.140789 0.213475 -0.395856 0.143758 0.191765 -0.167643 -0.030093 -0.714943 0.063075 0.160823 0.058433 0.002130 0.291036 0.092117 -0.002391 -0.136948
-0.321204 -0.244351 0.176359 -0.018829 0.140630 0.238266 0.447588 0.136930 -0.123132 -0.127621 -0.323638 0.240268 -0.117792 0.049900 0.150876 0.260944 -0.037016 -0.485055 -0.138806 0.378660 0.024756 0.013480 0.260274 0.061280 -0.005218 0.015093
-0.335662 -0.222603 0.197896 0.248423 0.066948 0.741063 0.595412 0.229074 -0.123727 0.160139 -0.145023 0.352753 -0.247622 0.016551 0.218492 -0.225605 0.057814 -0.831463 -0.173238 0.405977 0.107223 0.013762 0.248848 0.199865 -0.003175 -0.089944
-0.384370 -0.341210 0.248083 0.308991 0.190517 0.470842 0.565382 0.157893 -0.048433 0.189911 -0.228664 0.369227 -0.139843 0.162644 0.287112 -0.182856 0.042925 -0.784529 -0.102108 0.402105 0.074787 -0.008561 0.247517 0.144809 0.004634 -0.089085
-0.179227 -0.246571 0.178180 -0.086776 0.394781 0.443277 0.860040 0.147076 -0.071316 0.255978 -0.146231 0.235376 -0.438613 0.180056 0.229097 -0.386092 0.026546 -0.797326 0.044470 0.395195 0.073896 -0.014124 0.135616 0.244419 0.005889 -0.206908
-0.131861 -0.402760 0.128253 -0.001469 0.068017 0.376958 0.831203 0.255818 -0.139742 0.503124 0.405255 0.034199 -0.379013 0.068244 0.120871 -0.532526 0.132338 -0.714138 -0.382563 0.380148 0.072195 -0.003683 0.166038 0.227527 0.005554 -0.084828
0.147789 -0.250067 0.208904 -0.147471 0.356027 0.297780 0.706160 0.222342 -0.143901 -0.078700 -0.236577 0.075515 -0.446969 0.072585 0.008605 -0.308370 -0.209399 -0.415424 0.043351 0.246211 -0.013537 0.044149 0.160828 0.094131 0.003236 -0.160758
-0.033482 -0.293714 0.243155 0.117668 0.320426 0.480596 0.727401 0.292394 -0.099859 0.222437 -0.099628 0.093783 -0.363275 -0.006207 0.148142 -0.324073 0.135791 -0.655495 -0.103880 0.265673 0.092997 -0.006517 0.178805 0.179792 0.006841 -0.201730
-0.162866 -0.357941 0.069440 0.240390 0.240295 0.449064 0.868892 0.340301 -0.038862 0.042579 -0.337022 -0.026941 -0.459273 0.317578 0.318213 -0.441124 0.010912 -0.841822 0.342813 0.617526 0.137726 -0.029229 0.299607 0.227244 0.009246 -0.180540
-0.022438 -0.072792 0.251928 -0.158929 0.356358 0.572993 0.627438 0.238514 -0.043951 0.117140 -0.439583 0.104352 -0.418765 0.068288 0.181649 -0.224733 -0.161485 -0.822083 -0.150175 0.395218 0.075398 0.018738 0.323907 0.224263 0.002899 -0.195043
-0.374608 -0.072500 0.120144 0.110921 0.308826 0.304703 0.878738 0.099224 -0.107586 0.063254 -0.021055 -0.021226 -0.303223 0.052043 0.207179 -0.300576 0.030855 -0.730478 -0.100695 0.212801 -0.004465 0.026933 0.247818 0.115426 0.001429 -0.114985
-0.115493 -0.251226 0.178488 0.125246 0.230606 0.544379 0.757139 0.169708 -0.020837 -0.037031 -0.323863 0.150817 -0.320480 0.101348 0.216049 -0.163321 0.009571 -0.779452 -0.078203 0.337149 0.057829 0.054538 0.311954 0.148048 0.004735 -0.127721
-0.537779 0.419979 -0.043470 0.934690 0.202689 0.285827 0.642058 -0.242313 0.218027 1.336829 0.016942 0.261684 -0.982233 0.800145 0.725601 -1.824698 0.447703 -1.113773 -0.012900 -0.343924 0.321871 -0.105346 0.096793 0.813284 0.018688 -0.288687
-0.313584 -0.313388 0.195387 0.233180 0.095515 0.577197 0.603514 0.199618 -0.069127 0.208710 -0.205196 0.300525 -0.168101 0.174194 0.280356 -0.201354 -0.019364 -0.844204 -0.119274 0.343045 0.061086 -0.020753 0.279237 0.147810 0.001774 -0.074106
-0.139546 -0.352662 0.215138 0.162555 0.046152 0.498403 0.797456 0.339175 -0.070466 0.021535 -0.235038 0.285442 -0.365362 0.097741 0.175887 -0.219988 0.014770 -0.620138 -0.106354 0.402305 0.055749 0.070164 0.269764 0.048406 0.004893 -0.077340
-0.060447 -0.264647 0.148142 0.356201 0.282053 0.445604 0.742120 0.203432 -0.195741 0.080652 -0.100837 0.439545 -0.115277 -0.000216 0.301826 -0.449178 0.106516 -0.837166 -0.071306 0.404858 0.118689 -0.016010 0.168641 0.190134 0.002460 -0.236228
-0.295564 -0.217587 0.148444 0.139312 -0.087922 0.617295 0.379612 0.313556 -0.031760 0.034486 -0.312822 0.473809 0.097138 -0.003447 0.174905 0.189800 -0.061766 -0.792375 -0.196748 0.444986 0.105021 0.022488 0.326031 0.135219 0.007557 -0.026427
-0.216390 -0.202664 0.228657 0.019022 0.116257 0.314135 0.721492 0.378273 -0.063648 0.104398 -0.302293 0.395040 -0.332169 0.121007 0.238318 -0.246199 -0.023020 -0.696436 0.070797 0.250806 0.087364 0.008623 0.230538 0.246816 0.001144 -0.105545
-0.385077 -0.075052 0.219298 0.516048 0.210311 0.801021 0.711914 0.368433 0.039106 0.396969 -0.558421 0.162794 -0.221008 0.271539 0.141061 -0.161093 -0.086213 -0.929581 -0.078869 0.420710 0.136039 0.029486 0.394826 0.155202 0.014251 -0.226159
-0.297638 -0.215964 0.266445 0.296917 0.261940 0.691242 0.401600 0.048537 -0.070600 0.339339 -0.328471 0.353478 -0.344683 0.260140 0.164505 -0.543095 0.116154 -0.919306 0.000510 0.007913 0.104004 -0.070413 0.174301 0.303372 0.003725 -0.101812
-0.059318 -0.281875 0.282396 -0.011148 0.343999 0.420479 0.632088 0.365028 -0.138085 0.039539 -0.262435 0.294940 -0.554299 -0.028031 0.195092 -0.525575 0.272059 -0.593299 -0.049879 -0.065636 0.043177 -0.036313 0.260575 0.208887 0.002165 -0.129044
-0.056664 -0.176878 0.313608 0.068570 0.450525 0.358443 0.475845 0.302875 -0.147762 0.362310 -0.050695 0.282799 -0.632977 -0.170741 -0.119132 -0.324134 -0.205268 -0.594987 -0.261661 0.407632 0.001906 0.017715 0.166461 0.172245 0.007255 -0.195814
-0.241316 -0.350849 0.150221 0.097671 0.189793 0.354832 0.472860 0.168671 -0.153041 0.060502 -0.262037 0.363590 -0.136273 0.054762 0.119391 -0.029125 -0.007567 -0.532775 -0.145015 0.350882 0.018949 -0.000983 0.169920 0.030831 0.000388 -0.040796
-0.419818 -0.070943 0.214361 0.156272 0.041798 0.400623 0.598228 0.104597 0.029363 0.177840 -0.143022 0.262143 -0.268920 0.055797 0.249943 -0.141203 0.173068 -0.828152 -0.104095 0.249668 0.028153 -0.018732 0.230479 0.224422 -0.004504 -0.035714
-0.101460 -0.268994 0.389877 -0.035061 0.030907 0.090754 0.463289 0.113158 -0.141292 -0.027717 -0.062725 0.309156 -0.098073 -0.126121 0.037373 0.187459 -0.054522 -0.527975 -0.200828 0.513100 -0.032574 0.041163 0.281372 -0.017089 -0.007396 0.001463
-0.286066 -0.315007 0.221335 0.063919 0.091556 0.436286 0.585082 0.228763 -0.055317 0.250163 -0.219675 0.214678 -0.227684 0.103850 0.122070 -0.159031 0.023225 -0.751521 -0.118226 0.139185 0.022956 0.052162 0.262774 0.131302 -0.001549 -0.012959
-0.110225 -0.235994 0.052970 0.190659 0.155359 0.170717 0.650998 -0.048176 -0.109321 0.167031 0.006604 0.079252 -0.374284 0.368847 0.198445 -0.188845 -0.021746 -0.569222 0.167799 0.392404 0.078845 0.045078 0.191168 0.046153 0.008629 -0.113137
0.172082 -0.149399 0.330203 0.045314 0.390184 0.449697 0.530404 0.305770 -0.242549 -0.054596 -0.133020 0.391638 -0.133322 -0.072167 0.058493 0.188002 -0.272028 -0.757154 -0.192771 0.632122 -0.076068 0.046375 0.222501 0.090406 0.000815 -0.297637
-0.212523 -0.431544 0.137629 0.221351 0.332674 0.314851 0.639719 0.010413 -0.042526 0.000525 -0.300079 0.276567 0.096281 0.030690 0.283093 -0.206859 0.224250 -0.732791 -0.137527 0.346735 0.088769 0.004658 0.369265 0.241133 0.009156 -0.107743
-0.314023 -0.297476 0.242423 -0.122866 0.309727 0.326857 0.898542 -0.039863 -0.138785 0.072072 -0.231948 0.165521 -0.473104 0.186444 0.451885 -0.289808 -0.075383 -0.771585 0.070039 0.345564 0.067574 -0.033935 0.222293 0.222606 0.000212 -0.072684
-0.041097 -0.112280 0.169969 0.027677 0.119646 0.464689 0.566033 0.215498 -0.086133 0.376814 -0.106354 0.323875 -0.422603 0.062878 0.077526 -0.354084 -0.017262 -0.555983 0.036561 0.397627 0.052590 0.025905 0.246042 0.138186 0.002826 -0.181612
0.088937 -0.211242 0.123146 0.020957 0.368434 0.487187 0.593300 0.359621 -0.146314 0.335967 -0.192887 0.249087 -0.193955 -0.123408 0.093666 -0.120474 0.150125 -0.735078 -0.125119 0.201766 -0.002551 0.006590 0.259732 0.076157 0.001900 -0.261491
-0.286032 -0.380524 0.161128 0.347638 0.197895 0.456681 0.631422 0.025337 -0.148777 0.397210 -0.138661 0.428838 -0.316198 0.295273 0.201468 -0.631103 0.146805 -0.746204 0.009318 0.070584 0.069149 -0.045783 0.208599 0.157525 0.009936 -0.083663
-0.138690 -0.235343 0.163008 0.225635 0.133991 0.409561 0.917019 0.399970 0.000821 0.111127 -0.150101 0.146096 -0.520466 0.210573 0.292186 -0.694195 -0.009173 -0.965042 0.333429 0.497525 0.127433 -0.044514 0.252640 0.159700 0.011681 -0.179946
0.349705 -0.242520 0.286657 -0.068893 0.351507 0.661005 0.650008 0.471260 -0.150012 0.130506 -0.280814 0.134523 -0.311017 0.015936 0.063561 -0.348943 -0.133111 -0.623491 0.022320 0.143676 0.039725 0.042514 0.267915 0.101406 0.002976 -0.305473
-0.223959 -0.291227 0.140773 0.141386 0.226541 0.149998 0.621702 -0.117542 -0.156609 0.244379 0.101249 -0.011516 -0.411531 0.178272 0.001489 -0.127723 -0.287322 -0.649885 -0.054211 0.130490 -0.025243 -0.017632 0.235833 -0.098962 -0.000171 0.005888
-0.063849 -0.186796 0.347465 -0.165247 0.155029 0.351694 0.610164 0.238424 -0.106196 0.016518 -0.239012 0.195456 -0.224311 0.012664 0.080596 0.183274 -0.126136 -0.550917 -0.208537 0.362555 0.034373 0.033997 0.294624 0.062583 -0.002964 -0.090696
-0.141780 -0.320834 0.231714 0.199481 0.310333 0.512612 0.421015 0.122988 -0.067007 0.482826 -0.134923 0.309152 -0.281229 0.082002 0.036951 -0.305482 0.033901 -0.669712 -0.143088 0.311904 0.040712 0.021284 0.175843 0.124241 0.004051 -0.159737
-0.452441 -0.307465 0.394078 0.234594 0.072697 0.438810 0.554361 0.216552 -0.083636 -0.092712 -0.611512 0.289029 -0.231775 0.038958 0.095246 -0.187048 0.219094 -0.568485 -0.265893 0.163375 0.047213 -0.005258 0.250826 0.173048 0.007763 0.085115
-0.240452 -0.101051 0.353228 -0.345353 0.038998 0.546098 0.475382 0.476426 -0.162006 0.052129 -0.067509 0.248526 -0.112851 -0.389477 -0.149950 0.012633 -0.163131 -0.455589 -0.322425 0.330585 0.022162 0.034460 0.204697 -0.059177 -0.008479 -0.014693
-0.256583 -0.156570 0.194839 0.295937 0.042637 0.633643 0.611875 0.258921 0.022879 0.137865 -0.290668 0.212765 -0.089238 0.075069 0.204189 -0.249931 0.043731 -0.791148 0.068552 0.357757 0.093497 0.034418 0.334183 0.118159 0.003618 -0.128490
-0.557631 -0.759070 0.200332 0.287402 0.585531 0.475780 0.504609 0.008569 -0.046437 -0.690776 -0.963264 0.042690 -0.387476 0.157107 0.249362 -0.905940 -0.008764 -0.658387 0.108073 -0.063701 0.020094 -0.058580 0.278021 0.479908 0.010674 0.187176
-0.178279 -0.316531 0.198277 0.165014 0.267159 0.600652 0.706390 0.228074 -0.045942 0.369084 -0.301916 0.301583 -0.604384 -0.028479 0.103470 -0.387128 -0.117597 -0.781307 0.085763 0.394724 0.043595 0.015398 0.248078 0.114510 0.010267 -0.141006
-0.265512 -0.348468 0.213693 -0.032474 0.230390 0.147019 0.522673 0.154996 -0.177547 -0.218547 -0.157758 0.465212 -0.384224 -0.005968 0.088087 0.202323 0.053324 -0.677402 -0.105161 0.607154 0.006491 0.013975 0.185362 -0.001937 -0.001804 -0.000635
-0.077241 -0.131353 0.129897 0.243254 -0.209370 0.607558 0.232857 0.599346 -0.027405 -0.208637 -0.520225 0.098510 0.116830 0.007218 0.223611 0.750074 -0.203638 -0.985850 -0.243885 0.430228 0.132508 0.108305 0.509888 0.249459 0.000594 -0.023583
-0.549563 -0.115649 0.039082 0.244119 0.218140 0.024436 0.539748 -0.113377 -0.099949 -0.499417 -0.286722 0.015221 -0.128399 0.247359 0.116186 0.228827 -0.000802 -0.353374 -0.170039 0.254279 0.055892 0.035324 0.203918 -0.038035 0.006765 0.090918
-0.034759 -0.327010 0.204901 0.127563 0.157937 0.432322 0.531047 0.237008 -0.092161 0.033203 -0.008878 0.308479 -0.173197 -0.014203 0.016229 0.072659 0.053186 -0.608048 -0.142467 0.283031 0.072461 0.052387 0.305759 -0.123132 0.002706 -0.109432
-0.019735 -0.518917 0.173488 0.067638 0.255675 0.398183 0.497391 0.177311 -0.241979 0.130616 -0.062085 0.202618 -0.285739 -0.102896 0.109322 -0.220241 -0.138402 -0.629171 0.008322 0.611817 0.006664 0.001311 0.214818 -0.038424 0.002889 -0.091110
-0.264559 -0.466048 0.160228 0.018693 0.312827 0.444012 0.677503 0.244568 -0.188172 0.029104 0.002306 0.436143 -0.224612 -0.050226 0.148226 -0.099781 0.204740 -0.935944 -0.308496 0.732573 0.008347 -0.012773 0.155185 0.051198 0.001399 -0.098315
0.037586 -0.326864 0.265761 -0.080662 0.325682 0.323453 0.522061 0.187561 -0.070951 0.086475 -0.254742 0.332734 -0.297775 0.024187 0.041166 -0.232599 -0.045033 -0.620872 -0.143296 0.269830 0.068194 0.013418 0.309794 0.237922 0.004866 -0.127989
-0.026074 -0.311259 0.212452 -0.089645 0.136099 0.367660 0.718992 0.121445 -0.109532 0.298080 -0.118657 0.250610 -0.433693 0.119654 0.067174 -0.472514 0.114052 -0.527700 -0.065846 0.294457 0.071900 -0.010660 0.222285 0.092434 0.005745 -0.091716
-0.171837 -0.333717 0.270105 0.283963 0.191949 0.554853 0.469914 0.121527 -0.079478 0.459629 -0.039209 0.150355 -0.234300 0.222833 0.110421 -0.381521 0.120864 -0.782201 0.073820 0.256845 0.075961 -0.012040 0.219162 0.050763 0.002128 -0.142376
-0.029864 -0.234566 0.237956 0.123508 0.248679 0.430708 0.522206 0.474701 -0.190254 0.331263 -0.185551 0.287911 -0.353324 -0.121852 0.000402 -0.323112 -0.144461 -0.631714 0.199536 0.351007 0.028634 0.017815 0.192400 0.024377 -0.000748 -0.204506
-0.241547 -0.031457 0.165828 0.166756 0.544449 0.372514 0.721709 0.063137 -0.053352 0.155878 0.052972 0.247574 -0.382049 0.037990 0.234148 -0.106423 -0.210894 -0.948730 -0.082205 0.262089 0.043366 -0.029120 0.219629 0.227570 0.000693 -0.264181
-0.109771 -0.086120 0.198246 0.237269 0.346303 0.496950 0.643400 0.280955 -0.118329 -0.105357 -0.434154 0.088322 -0.309238 0.010622 0.092390 -0.352491 -0.022025 -0.633272 -0.281412 -0.003452 -0.037757 0.054999 0.279892 0.298197 -0.003397 -0.139222
-0.208741 -0.148050 0.156777 0.079951 0.258828 0.341088 0.487793 0.003012 -0.045270 -0.044307 -0.418846 0.125275 -0.245948 0.119774 0.222363 -0.009220 0.058736 -0.714994 -0.053874 0.227801 0.047534 -0.011629 0.288390 0.222181 0.001777 -0.061490
0.171399 -0.181018 0.114296 -0.134220 0.127227 0.053655 0.964367 0.119000 -0.218864 0.377042 0.416433 0.040087 -0.597867 0.001911 0.211847 -0.129635 -0.045448 -0.634827 -0.082997 0.233706 -0.000704 -0.001381 0.131066 -0.231623 0.000052 -0.160835
0.081278 -0.290363 0.249024 -0.040785 0.188485 0.429567 0.477450 0.373474 -0.156640 0.456937 0.140189 0.413043 -0.268911 0.074315 0.055102 -0.295489 -0.011165 -0.548853 -0.026369 0.331352 0.000732 -0.009452 0.177756 -0.022352 0.012223 -0.227266
-0.149321 -0.202843 0.241029 0.192127 0.248102 0.542071 0.652132 0.191941 -0.068573 0.332687 -0.239404 0.015826 -0.382428 0.124997 0.146611 -0.327544 -0.169219 -0.660070 0.095202 0.297809 0.051353 0.008960 0.278327 0.172488 0.001769 -0.172834
-0.279386 -0.270285 0.302011 0.093916 0.221991 0.209694 0.490223 0.290979 -0.063193 -0.106757 -0.260140 0.321087 -0.228445 -0.045369 0.096492 -0.078472 -0.012153 -0.521457 -0.129197 0.067937 0.010515 -0.016880 0.265089 0.136499 -0.004220 -0.013122
-0.284044 -0.228383 0.196050 -0.006943 0.161553 0.295804 0.728065 0.198054 -0.031165 0.089561 -0.063473 0.419903 -0.309291 -0.047851 0.234708 -0.142970 0.029776 -0.775234 -0.239161 0.241908 0.085812 -0.027277 0.264594 0.214373 0.000801 -0.055534
-0.150171 -0.208751 0.283946 0.181725 0.164606 0.376909 0.615595 0.260438 -0.065122 0.333430 -0.114462 0.183042 -0.305382 0.070694 0.232752 -0.299046 0.071633 -0.717272 -0.082136 0.238916 0.094699 0.030354 0.196277 0.217552 0.001596 -0.146732
-0.470102 -0.399208 0.214785 0.382940 0.135010 0.879095 0.733531 0.281103 -0.066367 0.838138 -0.176485 0.309254 -0.223213 0.086483 0.345669 -0.845669 0.049198 -0.983155 -0.086376 0.564502 0.064235 -0.033428 0.206097 0.023584 -0.000417 -0.161937
-0.324144 -0.283439 0.297107 -0.090784 0.004184 0.516074 0.282143 0.195208 -0.090184 0.274482 -0.428690 0.366469 -0.237159 -0.073293 0.010898 0.116165 0.170816 -0.695401 -0.273009 0.604369 0.029674 0.039904 0.188209 0.050590 -0.002542 0.048106
-0.101674 -0.268757 0.228573 -0.009675 0.250329 0.504220 0.478590 0.228896 -0.059539 0.020242 -0.425789 0.222271 -0.344528 0.116631 0.210226 -0.202169 -0.090257 -0.656395 -0.145840 0.254251 0.062429 0.052306 0.405343 0.192583 -0.006310 -0.087496
-0.369544 -0.277604 0.150425 -0.115637 0.226515 0.323825 1.069532 0.071448 -0.109783 -0.133493 -0.225912 0.090471 -0.278547 0.115022 0.268634 -0.156066 0.038532 -0.541932 0.078452 0.418396 0.012755 0.009294 0.273696 -0.022239 0.002770 -0.058337
-0.009611 -0.436000 0.237793 0.265268 0.028790 0.500769 0.775801 0.476468 0.011260 0.215020 -0.493598 0.085420 -0.364709 0.224473 0.265221 -0.239822 -0.130135 -0.846244 -0.095414 0.628299 0.060136 0.076726 0.402916 0.202044 0.009358 -0.119598
0.003021 -0.491121 0.186503 0.102703 0.480265 0.314045 0.658584 0.367921 -0.210211 0.069520 -0.286783 0.437349 -0.264032 0.160589 0.113993 -0.515451 -0.159264 -0.629914 -0.202113 0.275483 0.150302 -0.037127 0.228951 0.201599 0.015715 -0.184792
-0.240908 -0.244934 0.172725 0.191646 0.134573 0.355001 0.471482 0.221784 -0.055890 0.227903 -0.255231 0.215728 -0.271355 0.049303 0.198978 -0.117541 0.034036 -0.587600 -0.260079 0.100479 0.041380 0.005957 0.263912 0.114843 -0.001483 -0.036325
-0.015394 -0.347441 0.290770 0.067303 0.228502 0.430078 0.678917 0.253048 -0.085570 0.228341 -0.089265 0.181985 -0.344274 0.055687 0.117789 -0.248596 0.142971 -0.584788 -0.217034 0.225684 0.016918 0.030450 0.272973 0.129287 0.000864 -0.143066
-0.037500 -0.108072 0.190516 -0.061220 0.274227 0.551648 0.697965 0.190288 -0.035954 0.024987 -0.479654 0.064807 -0.325577 0.118504 0.233845 -0.296164 -0.112212 -0.799954 -0.057168 0.235517 0.078032 0.014493 0.320183 0.277114 0.002499 -0.154277
0.185789 -0.349117 0.266777 0.235129 0.405298 0.434244 0.784644 0.522429 -0.149465 -0.168021 -0.245427 0.131320 -0.571850 0.032442 -0.226525 -0.324545 -0.097722 -0.687395 0.076036 0.242264 -0.039336 0.050655 0.261745 0.138776 0.001152 -0.215516
0.055942 -0.199888 0.275487 -0.219286 0.082282 0.347819 0.842850 0.215497 -0.148347 0.032342 0.057408 0.262036 -0.453359 -0.117821 0.204643 0.105386 0.016087 -0.745715 -0.217990 0.011370 -0.042087 -0.002964 0.242485 -0.021681 -0.005016 -0.069723
-0.303228 -0.365799 0.213009 -0.110193 0.294722 0.567358 0.558474 0.437980 -0.269960 -0.139213 -0.311492 0.593810 -0.083698 -0.412388 -0.178009 0.530851 -0.035411 -0.452879 -0.251254 0.454766 -0.037380 0.047074 0.190353 -0.016711 -0.006551 -0.068234
-0.288383 -0.343006 0.256075 0.091660 0.161123 0.402056 0.604957 0.235905 -0.095121 0.285901 -0.283788 0.180888 -0.324123 0.105773 0.281278 -0.318163 0.004703 -0.765847 -0.174595 0.473851 0.094936 -0.018033 0.309129 0.152817 0.002603 -0.054636
-0.084572 -0.320537 0.205469 -0.029504 0.199127 0.546713 0.581349 0.186764 -0.109937 0.064455 -0.427882 0.010868 -0.380824 0.106184 0.084065 0.049552 -0.184958 -0.643778 -0.000553 0.287572 0.008153 0.027380 0.330101 0.138049 0.003129 -0.057195
0.063819 -0.293008 0.332445 0.175572 0.511384 0.531984 0.285074 0.135515 -0.156212 0.381943 -0.117811 0.316369 -0.108361 0.029866 0.202527 -0.290219 -0.173795 -0.753382 -0.268882 0.476306 0.071779 0.002679 0.189591 0.165624 0.001691 -0.291658
-0.065904 -0.347300 0.224272 0.100234 0.262098 0.315324 0.607549 0.286542 -0.156415 0.348989 -0.065911 0.189412 -0.124195 -0.106723 0.095881 -0.368444 -0.009334 -0.494000 -0.116168 0.302882 0.030635 0.029942 0.182917 0.039384 -0.001689 -0.159086
0.105280 -0.116534 0.125965 0.613231 0.334554 0.772663 0.675507 0.600991 -0.079601 0.172251 -0.234529 0.177487 -0.493158 0.258102 0.117934 -0.816372 -0.273744 -1.221058 0.032171 0.752585 0.105184 0.036666 0.406947 0.068687 0.011953 -0.380918
-0.567283 -0.284847 0.275890 0.630716 0.338083 0.369033 0.975495 0.133304 -0.183771 0.228989 -0.368554 0.410450 -0.402607 0.219615 0.222085 -1.128611 0.500126 -0.795587 0.004891 -0.018771 0.081409 -0.043017 0.165930 0.257205 0.004328 -0.096918
-0.334339 -0.280592 0.025719 -0.699998 0.560634 0.203798 1.237610 -0.015032 -0.191049 -0.198306 -0.179365 0.114122 -0.285512 0.192421 0.116937 0.151373 -0.294420 -0.670462 0.101849 0.026828 -0.085566 -0.041684 0.109363 0.037538 -0.000743 -0.063162
-0.220165 -0.285009 0.269922 -0.005974 0.396732 0.385853 0.713614 0.499180 -0.266120 0.069575 -0.267255 0.540453 -0.488700 -0.095800 -0.047042 0.362812 -0.013170 -0.619761 -0.229539 0.508043 0.009299 0.044338 0.154593 0.114516 0.003003 -0.176238
-0.318459 -0.357405 0.310435 0.069836 0.203870 0.324998 0.561408 0.220363 -0.098371 0.110520 -0.054600 0.340775 -0.281388 0.006215 0.062160 -0.306746 0.003291 -0.666259 -0.113095 0.220639 0.005648 -0.030697 0.202419 0.108875 -0.000062 -0.019426
-0.140502 -0.338301 0.263492 0.163847 0.339106 0.557218 0.627374 0.288333 -0.117547 0.200352 -0.163220 0.614347 -0.245925 -0.040059 0.229481 -0.326819 0.186578 -0.782242 -0.220761 0.327990 0.099340 0.015239 0.189980 0.210907 0.006825 -0.207749
-0.422468 -0.187544 0.084976 0.151891 -0.077998 0.428242 0.762019 0.471757 0.062786 0.077005 -0.402336 0.104310 -0.251169 0.097750 0.464808 0.466330 -0.195201 -1.053410 0.051269 0.621192 0.080959 -0.000210 0.356645 0.248829 -0.002529 -0.046382
-0.161989 -0.193699 0.207451 0.079357 0.355063 0.172769 0.793246 0.318623 -0.098719 0.185787 -0.307534 0.267294 -0.228550 -0.087461 0.176715 -0.272208 -0.067773 -0.550083 -0.283191 0.098695 0.062366 0.038388 0.243025 0.183694 0.002528 -0.150383
0.096186 -0.231381 0.306062 0.387618 0.313372 0.550843 0.673371 0.215691 -0.170628 0.072403 -0.199358 -0.008897 -0.426949 -0.024161 0.100866 -0.520179 0.024541 -0.668201 -0.076420 0.042978 0.040326 0.035556 0.195089 0.135111 0.003826 -0.190525
-0.424396 -0.288931 0.040282 -0.121434 0.280981 0.303901 0.830149 0.084612 -0.126733 -0.037165 -0.151927 0.266689 -0.369765 0.113600 0.313158 -0.080385 -0.041180 -0.772133 0.066354 0.442233 0.050630 -0.026908 0.179178 0.158306 0.001815 -0.046388
0.111875 -0.287786 0.223215 0.010807 0.410768 0.567666 0.593011 0.273031 -0.200926 0.215911 -0.037928 0.263288 -0.173372 0.114906 0.121612 -0.313705 -0.128942 -0.693584 0.126439 0.365309 -0.003475 0.009915 0.223368 0.093854 0.005597 -0.306420
-0.256543 -0.311946 0.257099 0.353638 0.129944 0.270580 0.371540 0.110875 -0.137780 0.638338 0.114589 0.284040 -0.547097 0.037645 0.190885 -0.494992 -0.002016 -0.728281 -0.162446 0.305575 0.051539 0.002556 0.101409 -0.027650 0.002722 -0.049040
0.017095 -0.044314 0.241457 0.800444 -0.135685 0.591558 0.446037 0.460832 -0.067025 0.493524 -0.076584 0.220625 -0.303052 -0.068658 0.095573 -0.224394 -0.070567 -0.989680 0.034668 0.167302 0.119978 0.024619 0.330822 0.218788 0.000558 -0.199152
-0.226147 -0.434516 0.102523 -0.093081 0.488027 0.224446 1.003287 -0.024636 -0.185845 0.007835 -0.156747 0.039274 -0.366885 0.084692 0.102523 -0.198883 -0.043195 -0.591904 0.178617 0.292920 -0.026319 -0.025188 0.186513 -0.002745 0.003520 -0.101234
-0.289287 -0.119279 0.276433 0.005611 0.248418 0.247027 0.555978 0.285420 -0.056145 -0.022892 -0.375230 0.517736 -0.299881 -0.060100 0.203662 0.021456 -0.087750 -0.695558 -0.387925 0.515099 0.033613 0.016697 0.237960 0.313362 0.002976 -0.089179
-0.040237 -0.207986 0.333352 -0.234652 0.044015 0.345057 0.619159 0.317367 -0.118733 -0.033503 -0.119671 0.121623 -0.190687 -0.084502 0.094065 0.124733 -0.181250 -0.587024 -0.133282 0.307074 0.041474 0.008785 0.280710 0.112959 -0.005328 -0.047893
-0.454609 -0.148427 0.223075 0.323471 -0.076135 0.297816 0.472078 0.074633 -0.000262 0.105633 -0.216738 0.203750 -0.340578 0.114653 0.205266 -0.267044 0.109619 -0.598002 -0.242745 0.146102 0.075456 0.004719 0.217900 0.039740 0.002350 0.094275
0.022731 -0.308632 0.218267 0.210619 0.348003 0.463658 0.648517 0.298897 -0.195891 0.263738 -0.192669 0.504021 -0.231238 0.084395 0.141286 -0.123812 -0.022209 -0.609866 -0.152354 0.579730 0.085341 0.057878 0.249069 0.159629 0.000159 -0.290923
-0.140297 -0.506527 0.264569 0.257751 -0.008553 0.358482 0.595892 0.205148 -0.085629 0.264018 -0.202411 0.391479 -0.243969 0.123711 0.104364 -0.098841 0.103768 -0.652242 -0.043329 0.331134 0.046484 0.003671 0.266012 0.060990 0.001473 -0.019467
-0.074163 -0.242825 0.246005 0.178172 0.355811 0.505866 0.672911 0.410063 -0.116281 0.126222 -0.099927 0.159128 -0.571019 0.033733 -0.189813 -0.303873 -0.033753 -0.601121 0.117196 0.344543 -0.002886 0.035987 0.147413 0.147430 0.007809 -0.206285
-0.330030 -0.024866 0.147567 0.114186 0.476067 0.123909 0.581208 -0.050121 -0.043818 -0.006283 -0.548937 0.354314 -0.221793 0.062688 -0.027793 -0.418315 -0.146638 -0.683056 -0.111882 0.142351 0.010418 0.003257 0.245126 0.286725 -0.002240 -0.082162
-0.376834 -0.293341 0.216383 0.055510 0.374288 0.417864 0.838259 0.149366 -0.113929 0.181409 0.054749 0.403281 -0.165268 0.043395 0.282120 -0.197258 -0.123720 -0.930195 -0.251707 0.267157 0.066799 -0.048848 0.117178 0.143628 0.004108 -0.139516
-0.312433 -0.456945 0.178836 -0.174205 0.306263 0.258655 1.140449 -0.182044 -0.182714 -0.094654 -0.105725 -0.033864 -0.381935 0.018565 0.207616 -0.375788 0.044683 -0.525643 0.244725 0.372981 -0.059772 0.006491 0.142302 -0.142075 -0.002595 0.000406
0.082163 -0.439308 0.056686 -0.068753 0.527318 0.625961 0.606427 0.268636 -0.232572 0.244347 -0.168742 0.141301 -0.057473 0.046913 0.107529 -0.170117 -0.032245 -0.666710 -0.056881 0.329009 0.011044 0.007529 0.285405 0.071068 0.009107 -0.276339
0.030170 -0.288303 0.127584 0.211444 0.155328 0.409904 0.599636 0.375175 -0.048042 0.147106 -0.368070 0.089489 -0.263190 -0.121226 0.176794 -0.122183 -0.131217 -0.865864 -0.080576 0.322912 0.060817 0.036880 0.299987 0.157359 0.003149 -0.117180
-0.237220 -0.334990 0.259761 0.309762 0.368402 0.297917 0.693860 -0.043128 -0.092538 -0.003756 -0.313686 -0.130230 -0.308890 -0.095935 0.185058 -0.174757 0.109639 -0.513748 -0.065223 0.272363 0.041812 0.013874 0.229094 0.095954 0.009044 -0.064960
-0.230939 -0.314488 0.178453 0.108837 0.102105 0.377733 0.521437 0.243883 -0.136086 -0.010624 -0.175604 0.329813 -0.095321 -0.080594 0.209088 0.033028 -0.148481 -0.857694 -0.229715 0.522651 0.056694 0.026528 0.254046 0.102239 -0.004376 -0.029180
-0.361971 -0.239921 0.258386 0.267974 0.023857 0.615772 0.449428 0.287796 -0.020447 0.167400 -0.180669 0.372651 -0.186723 -0.014599 0.189700 -0.026087 -0.031234 -0.743378 -0.175593 0.360027 0.102281 0.047189 0.371290 0.138679 0.002890 -0.052555
-0.405175 -0.553866 0.179978 0.039305 0.292712 0.440197 0.711244 0.097560 -0.093606 0.092924 -0.193364 0.339857 -0.110498 0.145040 0.144520 -0.412080 0.241185 -0.646541 -0.253516 0.143817 -0.017134 -0.003920 0.231913 -0.011812 0.005515 0.012326
-0.098099 -0.411125 0.265805 0.332261 0.079148 0.475442 0.574619 0.342432 -0.084561 0.058542 -0.412023 0.136056 -0.583637 0.077332 0.117791 -0.355202 -0.194414 -0.647561 0.021333 0.316645 0.022687 0.053279 0.274887 0.209233 0.000673 -0.021945
-0.186629 -0.145023 0.237425 0.272248 -0.068344 0.505144 0.443657 0.364392 -0.025384 0.244086 -0.268302 0.198907 -0.388879 0.012733 0.110431 0.155674 -0.054296 -0.786808 -0.055290 0.410000 0.059088 0.041246 0.395081 0.099913 0.000787 -0.062365
-0.099493 -0.184415 0.247883 0.098497 0.243878 0.175258 0.676419 0.268270 -0.081485 0.172427 -0.392553 0.328352 -0.207747 -0.042106 0.113480 -0.280778 -0.112502 -0.589263 -0.380639 0.092583 0.039341 0.032132 0.244214 0.186643 -0.000852 -0.092037
-0.121019 -0.211733 0.312708 0.360737 0.094763 0.303834 0.391051 0.118002 -0.087462 0.329523 -0.067574 0.402438 -0.277966 -0.068041 0.106575 -0.512868 -0.006980 -0.572498 -0.332567 0.217664 0.062717 0.009534 0.230169 0.177719 -0.002311 -0.071608
-0.232429 -0.332268 0.184319 0.489363 0.362606 0.706979 0.974710 0.478846 -0.000871 0.450629 -0.395595 0.341322 -0.414393 0.419286 0.295000 -0.660618 0.028502 -1.188838 0.273253 0.504273 0.157037 -0.024906 0.295984 0.447037 0.011851 -0.340101
0.205996 -0.403431 0.315530 0.440677 0.250415 0.528891 0.416511 0.383751 -0.214778 0.334576 0.026157 0.620476 -0.236017 0.101565 0.246629 -0.279199 -0.344061 -0.729268 -0.216914 0.765414 0.023715 0.029132 0.239877 0.070474 -0.000189 -0.323961
-0.045955 -0.421189 0.256639 -0.001683 0.311629 0.452702 0.488436 0.276059 -0.243693 0.249354 -0.023334 0.289769 -0.262309 0.038092 0.098883 -0.238783 -0.076089 -0.488544 -0.003480 0.314239 0.008324 0.016946 0.098167 -0.023407 0.008407 -0.158094
-0.035186 -0.188544 0.205967 0.066050 0.394116 0.603465 0.571768 0.149280 -0.137290 0.216853 -0.172526 0.250692 -0.401719 0.097485 0.209764 -0.616873 -0.105032 -0.709748 -0.116235 0.172071 0.066033 -0.021554 0.161810 0.173977 -0.000670 -0.206639
-0.361611 -0.224031 0.211172 0.120488 0.066543 0.143384 0.668906 0.614249 -0.058715 0.209071 -0.165331 0.032837 -0.753619 0.098619 0.073748 -0.236988 -0.078559 -0.764229 0.105725 0.232238 -0.009035 0.040366 0.235206 0.247886 -0.002908 0.001766
-0.993009 -0.223518 0.178070 0.242631 -0.420481 0.391446 0.150235 -0.077492 0.077740 0.335912 -0.269566 0.261431 -0.159179 0.287720 0.276348 -0.034912 0.483522 -0.311578 -0.329582 0.519658 0.043211 0.012114 0.151038 0.090722 0.000872 0.303559
-0.227463 0.057049 0.244565 0.013502 0.129099 0.331953 0.606626 0.206608 -0.100903 0.047353 -0.165719 0.409217 -0.265297 0.005976 0.148544 -0.042112 -0.002488 -0.750928 -0.062603 0.327108 0.030714 0.008532 0.214409 0.102212 -0.004833 -0.129792
-0.375637 -0.442184 0.195174 0.170730 0.175236 0.443410 0.512897 0.379052 -0.174906 0.137741 -0.283671 0.434569 -0.154639 -0.233922 0.086421 -0.276947 -0.122720 -0.364186 -0.346569 0.235944 0.039358 0.026916 0.225625 -0.035525 0.007847 0.010907
-0.604405 -0.410222 0.143839 -0.384655 0.083909 0.802307 0.697587 0.375237 -0.095390 0.103506 -0.434102 0.213744 -0.143748 0.673966 0.939482 0.299480 0.662142 -1.116508 -1.096960 0.903266 0.098191 0.166245 0.478837 0.387713 -0.003915 -0.019565
-0.028025 -0.369876 0.228650 -0.117533 0.107264 0.369974 0.638687 0.176257 -0.179098 0.128313 -0.079587 0.367960 -0.326712 -0.088776 0.173596 -0.030380 -0.042626 -0.705484 -0.131097 0.098769 -0.029403 0.001304 0.226112 0.029721 -0.003136 -0.028119
-0.138929 -0.352547 0.299530 -0.033665 0.075847 0.058788 0.389309 0.064448 -0.135543 0.068832 -0.091547 0.290217 -0.085547 -0.087464 0.079047 0.143652 0.005453 -0.517802 -0.318963 0.533036 -0.012885 0.014590 0.230702 -0.059965 -0.004888 0.031266
0.052655 -0.404697 0.144201 0.091958 0.358649 0.554859 0.664152 0.266963 -0.107789 0.191770 -0.292953 0.174478 -0.366680 0.240549 0.082181 -0.378461 -0.037788 -0.729527 0.024220 0.301647 0.049557 0.004712 0.273284 0.168985 0.006360 -0.198713
-0.345771 -0.333498 0.269898 0.113695 0.209512 0.691447 0.500957 0.160001 -0.114956 0.167909 -0.150872 0.418989 -0.422145 -0.075036 0.021006 -0.024565 -0.046340 -0.727431 0.161797 0.121027 0.046081 0.043567 0.306267 0.043390 0.001925 -0.050256
-0.046490 -0.327423 0.171677 0.122391 0.307497 0.318696 0.658480 0.144603 -0.072755 -0.013248 -0.226780 0.105660 -0.334043 0.074025 0.109626 -0.320828 -0.166106 -0.642036 -0.134095 0.179614 0.033460 0.028228 0.248125 0.201344 0.001644 -0.087992
-0.296338 -0.492802 0.136327 -0.090915 0.209765 0.532781 0.845111 0.330660 -0.147286 0.535164 0.241335 0.086000 -0.534115 0.289375 0.228982 -0.736912 0.074876 -0.747957 -0.256630 0.367249 0.135583 -0.032877 0.194288 0.293024 0.013473 -0.096953
-0.489908 -0.172678 0.210187 -0.353302 0.557191 0.391453 0.786590 -0.092212 -0.102341 -0.010650 -0.256274 0.188292 -0.425149 -0.010505 0.192874 -0.108596 -0.022344 -0.600921 0.017754 0.300081 0.052732 -0.009896 0.157957 0.113452 0.005512 -0.083743
-0.634684 0.026208 0.153940 0.109990 0.229440 0.214888 0.953313 0.136859 -0.135083 0.078749 0.127360 -0.093880 -0.330966 0.093229 0.292251 -0.428660 -0.029683 -0.851172 -0.099896 0.110548 -0.027229 0.015867 0.223556 0.062480 -0.002049 -0.038637
0.045483 -0.333522 0.009291 0.189776 0.165208 0.149827 0.737073 0.055159 -0.149866 0.210993 0.110200 0.225315 -0.523272 0.272443 0.168681 -0.317994 -0.127930 -0.526236 0.045259 0.330738 0.057035 0.066441 0.153906 -0.040600 0.006914 -0.127643
-0.099421 -0.336460 0.252876 0.077465 0.264194 0.478719 0.731044 0.464482 -0.128671 -0.109607 -0.221202 0.075893 -0.166477 0.148474 0.092494 -0.293456 0.044227 -0.601339 -0.301354 0.189092 -0.004654 0.064704 0.237672 0.087688 0.000116 -0.119586
-0.202971 -0.205135 0.169737 0.050184 0.060170 0.371678 0.257417 0.227857 -0.107734 0.258566 -0.275504 0.189774 -0.413034 -0.020461 0.048220 -0.140611 -0.093726 -0.664874 -0.067104 0.360792 0.008130 -0.004467 0.161699 0.117888 -0.002335 0.010550
-0.050815 -0.261345 0.270660 0.036641 0.266730 0.461980 0.726207 0.155552 -0.101339 -0.146614 -0.410704 0.110205 -0.201993 -0.015378 0.065736 -0.231990 -0.002264 -0.514173 -0.017764 0.076588 0.049108 0.040703 0.319861 0.204313 0.001574 -0.097784
-0.036495 -0.082359 0.267381 0.036262 0.165540 0.371048 0.386084 0.247717 -0.041655 -0.024083 -0.173850 0.292019 -0.379097 -0.022585 0.026203 -0.014974 -0.161095 -0.610823 -0.097210 0.377469 0.030453 0.043816 0.198596 0.124246 -0.001222 -0.114229
-0.146678 -0.294139 0.226614 0.413323 0.233210 0.507685 0.650321 0.310364 -0.095507 0.286258 -0.184436 0.167611 -0.313791 0.064839 0.201463 -0.475060 0.151254 -0.643227 -0.194124 0.302365 0.041064 0.037662 0.221470 0.166538 -0.001900 -0.176955
-0.266860 -0.223869 0.183052 -0.113317 0.147393 0.072251 0.579049 0.280019 -0.165408 0.384389 -0.352580 0.201468 -0.267773 0.020674 0.188961 -0.398794 -0.239621 -0.757229 -0.347799 0.085061 0.049621 -0.062044 0.248614 0.236080 0.001377 0.035965
-0.120808 -0.266202 0.141430 0.227097 0.281053 0.356839 0.577644 0.111648 -0.014879 0.223677 -0.262043 0.047824 -0.454060 0.312380 0.176859 -0.455590 -0.081477 -0.673311 0.030264 0.145732 0.086178 -0.032384 0.247757 0.255871 0.008775 -0.115216
-0.113240 -0.049167 0.247368 -0.141592 0.083227 0.140538 0.318871 0.035965 -0.150219 -0.414156 -0.122886 0.598555 -0.077931 -0.464345 -0.028805 0.630593 0.027521 -0.773135 -0.412738 0.403972 -0.055436 0.023530 0.214724 -0.042741 -0.009205 0.047916
-0.447048 -0.194009 0.155161 -0.140368 0.270452 0.251200 0.772157 -0.050192 -0.110694 -0.024930 -0.234617 0.110129 -0.391256 0.082394 0.184526 -0.009319 0.062237 -0.773387 0.036992 0.199522 0.021098 -0.012629 0.182813 0.084701 0.001102 0.022423
0.002040 -0.364101 0.163868 0.544331 -0.093692 0.574600 0.474684 0.641753 -0.096272 0.495563 -0.126018 0.256941 -0.337084 0.207377 -0.058006 -0.390333 -0.053957 -1.040431 0.187402 0.362663 0.104754 -0.012498 0.256075 0.248126 0.014303 -0.148322
-0.053887 -0.189107 0.177040 0.011038 0.244556 0.614239 0.418622 0.391794 0.006428 0.406705 -0.148014 0.260870 -0.764848 0.397006 0.097709 -0.322309 -0.403438 -1.252928 -0.244922 0.502130 -0.013005 0.033038 0.435383 0.195500 0.003952 -0.146332
-0.315899 -0.250862 0.207148 0.070583 0.145640 0.453909 0.619580 0.244058 -0.112670 0.234598 -0.311917 0.199874 -0.317297 0.106002 0.143522 -0.301828 0.135916 -0.572318 -0.275622 0.202519 0.070621 -0.029584 0.314124 0.218477 0.004442 -0.037873
-0.200678 -0.255333 0.159867 0.188136 0.223555 0.358608 0.912752 0.296354 -0.098973 0.150196 -0.203534 0.064736 -0.448551 0.082809 0.300773 -0.417249 0.019917 -0.698083 0.166082 0.482430 0.086044 -0.014736 0.252831 0.172850 0.001147 -0.170690
-0.098408 -0.364518 0.067153 0.131134 0.463317 0.564825 0.495780 0.329889 -0.209573 0.262190 -0.378671 0.154301 -0.508470 0.134466 0.125141 -0.483465 0.298362 -0.864557 -0.257563 0.475486 -0.009312 0.047169 0.277082 0.109830 0.001587 -0.170036
-0.205241 0.032670 0.212292 1.424380 0.040253 1.155620 0.541084 0.685706 0.198336 1.368735 0.055259 0.531299 -0.205534 0.751648 0.549422 -1.777140 0.049437 -1.725008 -0.040784 -0.482283 0.350306 0.006215 0.441969 0.616463 0.040212 -0.490531
-0.177270 -0.138492 0.221746 0.228073 -0.017537 0.725422 0.577928 0.494431 0.027450 0.255207 -0.207606 -0.273409 -0.405168 0.088443 0.210385 -0.420553 -0.133691 -0.720296 0.075363 0.127114 0.061077 0.029805 0.286945 0.176098 0.001189 -0.093654
-0.587108 -0.177229 0.235514 0.370568 -0.056792 0.724648 0.174581 0.063326 -0.001831 0.547799 0.012035 0.385991 -0.610633 -0.021831 -0.039890 -0.114921 0.032822 -1.008831 0.142572 -0.063965 0.129382 -0.002073 0.393623 0.250414 -0.003956 0.080706
-0.032551 -0.311847 0.106830 0.000987 0.258927 0.547108 0.573550 0.029595 -0.145975 0.130345 -0.272532 0.232132 -0.302531 -0.073710 0.073532 -0.292654 0.041285 -0.521469 -0.093998 0.340152 0.063008 0.026619 0.286928 0.059199 0.004449 -0.104980
-0.233234 -0.337763 0.291410 0.023466 0.088673 0.419760 0.663197 0.080771 -0.177887 0.327457 0.007826 0.132711 -0.451841 0.068714 0.193750 0.029885 -0.143018 -0.740474 -0.207312 0.118990 -0.018951 -0.051841 0.256268 -0.028962 -0.001362 0.009207
-0.085407 -0.237340 0.288712 0.057799 0.392143 0.402669 0.451995 0.521086 -0.172241 0.334989 -0.014097 0.277293 -0.357332 -0.142490 -0.047891 -0.273977 -0.223434 -0.571135 0.082439 0.336837 0.038705 0.005127 0.182245 0.060907 -0.001863 -0.236101
-0.091305 -0.313136 0.155812 0.291131 0.409851 0.551678 0.696694 0.343353 -0.074749 0.450492 -0.243409 0.098956 -0.483831 0.253690 0.147607 -0.477899 0.033621 -0.690392 -0.133467 0.001878 0.080000 0.008688 0.223368 0.237755 0.001241 -0.224986
-0.218684 -0.145047 0.146546 0.188045 0.245638 0.420560 0.379540 0.350558 -0.084864 0.129662 -0.352248 0.417181 -0.311105 0.175117 0.062729 -0.219082 0.123122 -0.702207 -0.187763 0.343042 0.090480 -0.005530 0.148996 0.250410 0.006874 -0.132199
-0.424594 -0.682009 0.206629 0.000869 0.141874 0.258983 0.695095 0.510239 -0.129263 -0.197426 -0.445210 0.631866 -0.346764 0.070387 0.390943 0.320211 -0.206929 -0.608459 -0.626462 0.549589 0.032050 0.055249 0.368450 0.038117 0.005141 0.097106
-0.439880 -0.254366 0.285430 0.186584 0.144499 0.435913 0.476883 0.142414 -0.036355 0.213063 -0.466911 0.243845 -0.211075 -0.002023 0.063421 -0.223426 0.062639 -0.703112 -0.288487 0.040266 0.075000 -0.015680 0.296020 0.206385 0.005606 0.052577
-0.227308 -0.035393 0.079100 -0.255497 0.508838 0.212121 0.803640 0.087658 -0.030734 -0.393791 -0.312524 0.298891 -0.173852 -0.107378 0.296477 0.193263 -0.233059 -0.759995 -0.120916 0.281827 0.061559 0.024997 0.351200 0.210482 -0.000730 -0.151576
-0.098692 -0.236956 0.217764 0.156608 0.137044 0.493285 0.690986 0.211417 -0.039364 -0.051193 -0.300746 0.047073 -0.264311 0.104523 0.239266 -0.058229 0.016107 -0.678540 -0.109098 0.404928 0.030718 0.034725 0.323839 0.091464 -0.000079 -0.108582
0.011441 -0.315927 0.288107 0.112164 0.343205 0.436228 0.427511 0.343614 -0.018767 0.254394 -0.455787 0.319464 -0.477736 0.047029 -0.020825 -0.313086 0.184053 -0.558476 -0.356438 0.154151 0.105894 0.007061 0.270262 0.259518 0.008265 -0.134556
-0.236838 -0.172382 0.143253 -0.061681 0.272524 0.531722 0.850498 0.187183 -0.144830 0.055386 -0.280495 0.183783 -0.326007 0.265730 0.177670 -0.435915 -0.022810 -0.699275 0.154199 -0.015720 0.034543 -0.001330 0.234015 0.074101 0.007247 -0.121988
-0.464256 -0.280823 0.126468 -0.237946 0.219676 0.386693 0.885161 0.084256 -0.047956 0.164739 -0.173635 0.276641 -0.337920 0.004707 0.427968 -0.328774 0.425124 -0.739481 -0.270684 0.316039 0.133429 -0.043041 0.242267 0.295367 0.008280 -0.028198
-0.076453 -0.183128 0.246657 0.023960 0.188861 0.523215 0.543195 0.194485 0.010719 0.133835 -0.226032 0.230314 -0.252642 -0.019635 0.202631 -0.101409 -0.146954 -0.731057 -0.124056 0.337760 0.093402 0.068355 0.381568 0.170192 -0.001907 -0.139670
-0.681984 -0.256681 -0.241376 -0.358470 0.564609 0.039260 1.188624 -0.126390 -0.164314 0.086040 -0.103538 -0.264274 -0.513169 0.330153 0.168987 -0.216625 0.020251 -0.763502 0.164197 -0.193775 -0.065014 -0.097813 -0.029900 0.050544 0.012097 0.049982
-0.440048 0.400071 0.145631 0.494887 0.323088 -0.079433 0.673764 -0.122233 0.252177 0.628819 -0.091366 0.199914 -0.733189 0.604814 0.647258 -1.184127 0.420740 -1.030824 -0.328665 -0.222886 0.318908 -0.025222 0.205218 0.772528 0.018540 -0.214499
-0.123087 -0.370164 0.234894 -0.065605 0.279783 0.466688 0.541909 0.255150 -0.197499 0.134878 -0.047307 0.288418 0.075221 -0.086064 -0.040764 -0.369135 -0.145240 -0.356916 -0.018976 0.166666 0.048980 0.024845 0.143633 0.053510 0.006101 -0.127430
-0.087204 -0.395530 0.295838 0.406345 0.188046 0.521977 0.657044 0.318406 -0.005252 0.299673 -0.334068 -0.075706 -0.455619 0.064339 0.292305 -0.508798 0.072772 -0.750183 -0.087009 0.420049 0.098765 0.019037 0.253829 0.207977 0.003978 -0.133577
0.042495 -0.364826 0.262130 -0.115881 0.192567 0.422014 0.684318 0.216603 -0.148811 0.096187 -0.271417 0.294055 -0.391817 -0.158398 0.219335 -0.217541 0.148189 -0.674688 -0.149433 0.066388 -0.018782 0.003432 0.216544 0.039575 -0.000441 -0.063174
-0.104616 -0.190162 0.245137 0.151216 0.277712 0.373669 0.558572 0.140805 -0.130079 0.163234 -0.274123 0.202068 -0.305718 0.065049 0.205469 -0.281449 0.151210 -0.762470 -0.268921 0.337717 0.071662 -0.033154 0.250204 0.131991 -0.002585 -0.131330
-0.086221 -0.204864 0.230465 0.157603 0.446758 0.346154 0.699439 0.218104 -0.119200 0.284292 -0.155150 0.333793 -0.374733 0.219394 0.039077 -0.552164 -0.060921 -0.705855 -0.129806 0.139546 0.046148 -0.006548 0.196091 0.174603 0.005252 -0.223896
-0.227834 -0.306377 0.175757 0.136406 0.045665 0.308413 0.508867 0.132346 -0.079862 -0.012828 -0.385175 0.416322 -0.206015 -0.043984 0.142965 0.186226 0.048860 -0.599031 -0.323789 0.215200 0.050921 -0.002935 0.275397 0.128937 -0.003695 0.042108
-0.334428 -0.300970 0.229010 -0.039588 0.311253 0.276744 0.886873 0.026387 -0.144676 -0.045005 -0.177919 0.011130 -0.372099 0.126606 0.128552 -0.210684 0.005979 -0.585021 0.131727 0.363835 0.011569 -0.013304 0.204395 -0.025961 0.001534 -0.050575
-0.343276 -0.227444 0.248708 -0.031564 -0.033662 0.251137 0.511506 0.203115 -0.107470 0.081353 -0.305006 0.509276 -0.426953 0.104245 0.175131 0.355881 -0.024066 -0.758568 -0.074485 0.159767 -0.009098 -0.015956 0.295110 0.096744 -0.008458 0.070501
0.013775 -0.454431 0.264726 0.365625 0.273878 0.725670 0.472920 0.193143 -0.113471 0.378086 -0.018595 0.477897 -0.289826 0.163408 0.188178 -0.286492 -0.075749 -0.748884 -0.226796 0.293215 0.083837 0.006865 0.181347 0.109176 0.008638 -0.217100
-0.365938 -0.347363 0.056184 0.262825 0.213483 0.585982 0.566398 0.175672 -0.133936 0.173739 -0.163000 0.175632 -0.210620 0.053310 0.321428 -0.237204 0.204759 -0.978285 -0.228517 0.342829 0.109782 0.040719 0.292949 0.161571 0.003871 -0.059877
0.084123 -0.062939 0.218384 0.291263 0.347993 0.224913 0.638329 0.503797 0.014905 0.203170 -0.351218 0.137206 -0.502978 0.028708 0.214467 -0.425432 -0.092013 -0.786637 -0.172959 0.152463 0.078510 0.025022 0.232022 0.369987 0.001144 -0.253954
-0.557619 -0.075196 0.014195 -0.135056 -0.324344 0.214998 0.575634 0.454426 0.068477 -0.464373 -0.333811 -0.035039 -0.005009 0.028845 0.379370 1.436807 -0.194937 -0.935221 -0.095405 0.726465 0.026488 0.020053 0.458075 0.190017 -0.010146 0.147301
-0.324753 -0.521430 0.253625 0.092411 0.313996 0.443140 0.686444 0.141174 -0.139259 0.433406 -0.411133 0.364560 -0.421434 0.012329 -0.040449 -0.429329 0.127874 -0.569990 -0.256922 0.339853 0.055480 -0.038634 0.229862 0.166017 0.007247 -0.025616
-0.117700 -0.229951 0.380553 -0.172955 0.259906 0.571982 0.700493 0.188621 -0.099729 0.059170 -0.042498 0.291323 -0.391730 -0.011665 0.112676 0.128169 -0.160997 -0.690465 -0.043547 0.174202 -0.038030 0.029900 0.137856 0.013434 -0.000703 -0.128678
-0.183050 -0.199720 0.154301 0.308117 0.214734 0.238324 0.506369 0.196375 -0.102940 -0.196955 -0.338005 0.271047 -0.288726 -0.016288 0.124209 -0.039048 -0.020876 -0.573514 -0.026541 0.013093 0.027939 -0.053107 0.202265 0.132662 -0.000267 -0.038259
-0.362871 -0.261988 0.205843 -0.154789 0.224135 0.257682 0.954956 0.060826 -0.073819 -0.170824 -0.193935 -0.025436 -0.252131 0.190174 0.231817 -0.032520 0.019348 -0.501571 0.038909 0.335876 0.027684 0.033046 0.300233 -0.033015 -0.001958 -0.029885
-0.263766 -0.210502 -0.010954 -0.175693 -0.148576 0.007231 0.993932 -0.006546 -0.188658 0.012680 0.226926 0.289604 -0.321241 -0.246106 0.360933 0.780397 0.188732 -0.858285 -0.266766 0.338536 0.024499 -0.015235 0.283562 -0.189520 -0.013673 0.082550
-0.513704 -0.282046 0.202987 -0.066778 0.171572 -0.012922 0.528187 0.128300 0.071992 0.428881 -0.331730 0.172547 -0.476449 0.285076 0.240331 -0.484119 0.136483 -0.954185 -0.418212 -0.304314 0.094116 -0.053468 0.369104 0.650417 0.003386 0.148515
-0.128578 -0.260199 0.059853 0.317267 -0.341278 0.365467 0.413318 0.230367 -0.107534 0.082045 0.077529 0.334982 -0.236804 0.125883 0.076908 0.031452 -0.024753 -0.753340 0.017838 0.351965 0.043803 0.055982 0.344810 0.077795 0.008441 0.053604
-0.074649 -0.207845 0.335575 0.058779 0.316002 0.422916 0.352697 0.333420 -0.021650 0.157591 -0.076568 0.278575 -0.254533 0.066436 0.161536 -0.242092 -0.114108 -0.669396 -0.116964 0.303373 0.109194 0.021222 0.253924 0.168303 0.002889 -0.189311
-0.272264 -0.301808 0.076595 -0.296105 0.101913 0.355096 0.674907 0.174975 -0.145526 -0.073407 -0.138528 0.259893 -0.167215 -0.039500 0.241356 0.305808 0.009014 -0.642355 -0.234159 0.450161 0.030617 -0.012367 0.193778 0.030850 0.002276 0.008847
-0.197735 -0.353398 0.259035 -0.080976 0.249600 0.303987 0.510668 0.135625 -0.176484 0.266654 0.060986 0.231029 -0.045925 0.137754 0.014813 -0.438739 -0.154478 -0.375378 -0.030701 0.084150 0.046012 -0.015991 0.116717 0.076244 0.005893 -0.078800
-0.119757 -0.310339 0.299333 0.150960 0.298027 0.402433 0.544604 0.263904 -0.137013 0.295455 -0.036636 0.395937 -0.287989 -0.032814 0.121975 -0.269988 -0.029919 -0.626675 -0.180300 0.345594 0.080243 0.020982 0.232396 0.123839 -0.000061 -0.175089
0.073274 -0.188671 0.195974 0.323094 -0.026891 0.824981 0.439549 0.519182 0.058807 0.477115 0.018410 0.215507 -0.187759 0.001324 0.166638 -0.319941 0.005456 -0.975379 -0.139119 0.213065 0.122675 0.078315 0.360841 0.223089 0.016385 -0.225712
-0.654238 0.113016 0.235082 0.312715 0.711966 0.004538 0.546149 0.085035 -0.101532 -0.186151 -0.654429 0.400236 -0.035784 0.127865 0.381460 -0.555186 0.022624 -0.584876 -0.346503 0.094826 0.164359 -0.105504 0.107233 0.441457 0.003528 -0.160917
-0.147088 -0.105341 0.224251 0.128079 0.206984 0.461741 0.404712 0.282434 -0.092743 0.216638 -0.145338 0.231967 -0.111821 0.073202 0.067934 -0.201361 0.088718 -0.535747 -0.146858 0.305402 0.065073 0.027266 0.249935 0.025521 0.004013 -0.172865
-0.071995 -0.223080 0.344955 0.014912 0.182119 0.619518 0.593467 0.639060 -0.027990 0.029883 -0.475293 0.338680 -0.297208 -0.090683 0.122717 -0.296771 -0.001163 -0.575651 -0.274973 0.278144 0.057843 0.009577 0.273270 0.254375 0.008730 -0.153076
-0.053094 -0.033759 0.271404 0.348627 0.095454 0.440408 0.673485 0.532887 0.061661 0.187604 -0.211891 0.555590 -0.523332 0.297240 0.276495 -0.122681 -0.058102 -0.939917 -0.178101 0.665800 0.104540 0.035824 0.348322 0.367621 0.011946 -0.284045
-0.132351 -0.282335 0.294684 0.151547 -0.063080 0.349497 0.466936 0.147041 -0.071254 0.158132 -0.291819 0.326194 -0.101795 0.022591 0.244502 -0.200768 0.091834 -0.473213 -0.037178 0.396887 0.047996 0.050139 0.255837 0.032842 0.000926 -0.035123
-0.230430 -0.329475 0.152961 0.222307 0.139443 0.348204 0.602977 -0.055257 -0.060092 0.025338 -0.276735 0.213330 -0.186983 -0.005061 0.263279 -0.116269 0.172889 -0.778015 -0.136144 0.171370 0.030105 -0.006597 0.285006 0.138118 0.000881 0.005980
-0.300419 -0.199469 0.180316 -0.033020 0.150250 0.511792 0.707541 0.340396 -0.064979 -0.004260 -0.067457 0.271437 -0.414575 -0.008101 0.288298 -0.216514 0.039496 -0.834020 -0.224138 0.434909 0.060638 0.017695 0.256123 0.201979 0.004866 -0.080021
-0.081635 0.033752 0.325929 0.063520 0.229996 0.299369 0.438599 0.110048 0.036001 0.292765 -0.266727 0.248000 -0.346700 -0.132958 0.181434 -0.324346 -0.023214 -0.916465 -0.140464 0.188514 0.119534 0.018130 0.217834 0.346932 -0.000040 -0.137965
-0.214662 -0.422657 0.251080 0.220610 0.289893 0.649441 0.770986 0.039665 -0.153397 -0.386836 -0.776012 -0.120673 -0.359922 0.219001 0.263097 -0.247591 -0.017321 -0.701095 -0.093468 0.218401 0.105266 0.027704 0.367215 0.158376 0.005494 0.017134
-0.158976 -0.092027 0.097579 0.238334 0.255636 0.297877 0.460135 0.299369 0.057630 0.481253 -0.022614 0.319342 -0.447578 0.303228 0.178034 -0.334768 -0.036870 -0.648979 -0.133095 0.412547 0.067354 0.017018 0.266190 0.209816 0.006554 -0.234863
-0.384526 -0.203502 0.475709 0.099765 0.346730 0.546784 0.560940 0.447431 -0.043209 0.413599 -0.164111 0.179082 -0.224488 -0.131160 -0.018072 -0.454333 0.167486 -0.557190 -0.199842 0.140411 0.059377 0.015187 0.209714 0.221781 -0.001301 -0.160323
-0.589346 -0.485005 0.116117 0.169834 0.276269 0.162277 0.514425 0.241109 -0.150949 0.192424 -0.175607 0.294642 -0.259563 0.284353 0.094358 -0.091591 -0.033498 -0.888474 -0.219111 0.189163 0.111004 -0.095652 0.078931 0.346289 0.019273 0.071307
0.124856 -0.493735 0.107046 0.418264 0.291702 0.412588 0.753423 0.205698 0.007302 -0.032545 -0.361177 0.075321 -0.641524 0.367830 0.092451 -0.469109 -0.197284 -0.868751 0.143737 0.128636 0.111196 -0.009768 0.416462 0.290411 0.007078 -0.118448
0.070285 -0.469296 0.146695 0.412489 0.024499 0.836168 0.552593 0.483671 -0.067607 0.376439 -0.264945 0.295536 -0.239676 0.340754 0.395843 -0.493022 0.256862 -0.776047 -0.120989 0.386718 0.167841 0.073853 0.301808 0.140488 0.014247 -0.220679
-0.159983 -0.324156 0.225029 0.086871 0.205571 0.458098 0.605945 0.277510 -0.163118 -0.009005 -0.320229 0.098081 -0.135303 -0.100833 0.081333 -0.155427 -0.018433 -0.623499 -0.285651 0.210622 -0.023323 0.029523 0.211132 0.179577 0.003061 -0.040337
-0.119531 -0.580185 0.167806 0.066544 0.459438 0.413912 0.606295 0.437013 -0.120672 0.010151 -0.332689 0.440708 -0.174480 -0.122963 -0.010371 -0.095029 0.248017 -0.341606 -0.508592 0.096244 0.063938 0.061235 0.237865 -0.015514 0.014275 -0.102648
-0.208513 -0.133361 0.317736 0.201164 0.234493 0.378752 0.545939 0.230866 -0.068656 0.129255 0.082540 0.153179 -0.124785 0.083843 -0.018907 -0.243977 -0.466902 -0.530031 0.043696 -0.013015 0.063111 0.046728 0.153426 0.316274 0.007562 -0.143715
-0.184694 -0.352041 0.157626 0.177291 0.145989 0.418503 0.554288 -0.117092 -0.096638 0.023821 -0.353057 -0.023650 -0.135759 0.060646 0.353925 -0.117585 0.124406 -0.831610 -0.245797 0.284985 0.091695 -0.038769 0.309105 0.178640 0.005517 0.018867
-0.078612 -0.235478 0.269706 -0.114168 0.135649 0.432368 0.781752 0.095355 -0.176769 0.089213 -0.158979 0.227487 -0.485390 -0.040066 0.288638 0.084008 -0.068476 -0.736652 -0.128241 0.251840 0.000090 -0.012657 0.295983 -0.067891 -0.002946 -0.062767
-0.005348 -0.765755 0.195415 0.018072 0.256158 0.418350 0.604848 0.676673 -0.316321 0.130434 -0.155727 0.494214 -0.395655 -0.197713 -0.113781 -0.226435 -0.230115 -0.358485 -0.125226 0.373503 -0.012128 -0.016541 0.117248 -0.028409 0.008194 -0.063024
-0.484460 -0.302196 0.134606 0.129860 0.200253 0.396375 -0.021324 0.043615 -0.056340 0.569210 -0.215625 0.602259 -0.471670 -0.171679 -0.165183 -0.015412 -0.094946 -0.682010 -0.138985 0.299890 -0.074133 0.011525 0.089539 0.128760 -0.000023 0.071325
-0.189573 -0.196396 0.107481 0.384282 0.161613 0.478753 0.807594 0.265831 -0.072513 0.168583 -0.277993 0.099293 -0.544530 -0.029279 0.209269 -0.526269 0.031326 -0.813818 -0.096318 -0.007064 0.078630 0.021830 0.162089 0.131159 0.001272 -0.074440
-0.280064 -0.463370 0.148302 0.048047 0.181254 0.359220 0.541716 0.093971 -0.157609 0.019103 -0.259771 0.513001 -0.046365 0.035214 0.161552 0.146582 0.030408 -0.644142 -0.133412 0.167175 0.030181 -0.009476 0.241552 0.157666 -0.002820 0.001625
-0.235876 -0.183042 0.273390 -0.015543 0.161872 0.259370 0.504415 0.232713 -0.108457 0.094199 -0.293112 0.375630 -0.182671 -0.166070 0.090297 -0.059769 0.160832 -0.431214 -0.342986 0.181400 0.023990 0.025380 0.283611 0.077989 -0.002002 -0.033426
-0.311805 -0.245959 0.212402 0.144729 0.364679 0.422222 0.506541 0.335466 -0.125880 0.488957 0.019294 0.321945 -0.522691 -0.069958 -0.164894 -0.214770 -0.151328 -0.699641 -0.144488 0.134677 0.004965 0.016323 0.218984 0.133305 0.003625 -0.120524
-0.066073 -0.284493 0.307165 0.068161 0.140348 0.355987 0.634034 0.174745 -0.087748 0.006115 -0.155335 0.166630 -0.322715 -0.060600 0.136244 -0.289181 0.020275 -0.400918 -0.043972 0.313294 0.074708 0.050364 0.232936 0.168595 0.003987 -0.086711
-0.257910 -0.068384 0.161005 0.297023 0.126125 0.460206 0.494893 0.526556 0.016349 0.035652 -0.345317 0.412368 -0.364061 0.213568 0.320432 0.017026 -0.070899 -1.259138 -0.276869 0.445263 0.146296 -0.007054 0.360108 0.469206 0.009259 -0.137688
-0.004333 -0.050622 0.276451 0.070613 0.181375 0.529725 0.556920 0.212576 -0.022899 0.079873 -0.220271 -0.080699 -0.459016 0.328053 0.135850 -0.376310 -0.045263 -0.521513 0.000304 0.223258 0.080769 0.023109 0.305877 0.155339 0.000784 -0.172767
-0.262042 -0.338651 0.160375 0.097356 0.207421 0.639348 0.654928 0.280431 -0.093802 0.218719 -0.134652 0.263770 -0.318126 -0.269002 0.111448 -0.369562 -0.104543 -0.713642 0.041318 0.312160 0.060211 0.013359 0.236929 0.101144 0.007059 -0.090311
-0.301550 -0.198044 0.217474 0.296724 -0.234414 0.405930 0.407964 0.309235 -0.060263 0.160486 -0.164149 0.313477 -0.171104 0.023480 0.334880 -0.039506 0.013636 -0.828108 0.016049 0.358840 0.092524 0.026893 0.352841 0.088173 0.003806 0.020867
0.245043 -0.055545 0.177381 -0.180640 0.512041 0.754482 0.834214 0.348446 -0.171069 -0.156793 -0.294399 0.153704 -0.284849 -0.119637 0.168262 -0.136275 -0.200157 -0.423789 0.026333 0.058674 0.011693 0.024767 0.316809 0.101239 -0.002044 -0.368150
-0.398796 -0.258001 0.174836 -0.043531 0.427510 0.375908 0.658078 0.279160 -0.042085 0.000334 -0.220051 0.395494 -0.368819 0.035722 0.218732 -0.404403 0.155335 -0.754660 -0.281117 0.136618 0.104645 -0.048445 0.219183 0.359719 0.006947 -0.086592
-0.313920 -0.055253 0.210887 -0.272337 -0.011004 0.200880 0.627913 0.270833 -0.119003 -0.024667 -0.061640 0.566771 -0.255756 -0.121382 0.087027 0.392451 0.096751 -0.895435 -0.293393 0.337988 -0.034566 0.058980 0.216992 0.124252 -0.004237 0.017310
-0.084670 -0.802791 -0.003498 -0.501247 0.055367 -0.098321 0.725575 0.220265 -0.200136 0.034035 -0.133828 0.319687 0.128764 -0.334466 0.115537 1.099967 -0.481724 -0.368410 -0.452202 0.608448 -0.107996 -0.010824 0.199549 -0.193261 0.000951 0.141936
0.119868 -0.518979 0.285558 0.200171 0.410476 0.290075 0.800833 0.367971 -0.124766 -0.076171 -0.385921 0.044904 -0.477334 0.118348 -0.118514 -0.323132 -0.047146 -0.687455 0.013348 0.184176 -0.004096 0.047982 0.264232 0.201275 0.007359 -0.128641
-0.273548 -0.124902 0.266452 0.219250 0.323498 0.408687 0.623656 0.011154 -0.079975 0.097583 -0.248389 0.257881 -0.154076 -0.047762 0.240211 -0.298382 0.091087 -0.731507 -0.192271 0.366602 0.050176 0.018069 0.172332 0.041523 0.001506 -0.139318
-0.175665 -0.351212 0.074231 -0.091891 0.384052 0.365384 0.939550 -0.107892 -0.133536 0.161075 -0.244048 0.118422 -0.523890 0.086628 0.281930 -0.353713 -0.085911 -0.595728 0.217877 0.356664 -0.047292 -0.028364 0.114345 0.044018 0.002592 -0.114421
-0.278228 -0.314622 0.196966 0.071729 0.541481 0.523127 0.777819 -0.180459 -0.211358 -0.067189 0.092217 0.175662 -0.278428 0.113021 0.283587 -0.375088 -0.228815 -0.789683 0.033224 0.538357 0.035121 -0.059353 0.178951 0.127800 0.004752 -0.184310
-0.009545 -0.346515 0.294748 0.081728 0.324129 0.406918 0.419664 0.207605 -0.130422 0.173099 -0.106395 0.388383 -0.056515 -0.076267 0.256747 -0.245907 0.064355 -0.741608 -0.332291 0.464263 0.080985 0.022435 0.182856 0.096318 0.004202 -0.178003
-0.371061 -0.436347 0.157792 0.173034 0.059057 0.408181 0.628907 0.238958 -0.108658 0.193228 -0.260598 0.310329 -0.453889 0.179983 0.326967 -0.204058 0.119608 -1.018473 -0.259591 0.384907 0.089981 -0.068213 0.209276 0.309255 0.004009 0.044131
-0.994383 -0.431700 -0.024822 0.751677 0.205951 1.128290 0.559281 0.217201 -0.077064 1.146874 -0.380663 0.286641 -0.885416 0.957378 0.349995 -0.647826 0.369104 -1.186729 0.171137 -0.366187 0.199087 -0.145885 0.209118 0.505941 0.022062 -0.040227
-0.189264 -0.429336 0.138841 0.023717 0.234274 0.335749 0.506451 0.317734 -0.136276 0.032053 -0.365137 0.335022 -0.300075 0.144196 0.145016 -0.044069 0.137033 -0.620415 -0.260691 0.410228 0.114737 -0.012821 0.215420 0.281356 0.012665 -0.047147
-0.221222 -0.258945 0.179638 0.357803 0.164582 0.564657 0.510249 0.202183 -0.035224 0.221875 -0.225085 0.147818 -0.334092 0.050241 0.286802 -0.414937 0.134288 -0.757286 -0.349623 0.281710 0.080877 0.020884 0.225872 0.130128 0.002062 -0.082844
-0.404326 -0.326511 0.198303 0.114648 0.345898 0.357558 0.892410 0.080363 -0.104633 0.043235 -0.183892 -0.113084 -0.463600 0.283419 0.191914 -0.399346 -0.044349 -0.620488 0.047604 0.344134 0.062185 -0.015722 0.247868 0.029162 0.006146 -0.062959
-0.132279 -0.234922 0.153056 -0.063078 0.199367 0.332136 0.787906 0.147804 -0.110909 -0.038764 -0.296181 -0.003818 -0.243780 -0.016815 0.165239 -0.158545 -0.053686 -0.544807 0.080576 0.457579 0.010538 0.011716 0.270527 0.089504 0.001380 -0.091995
-0.104377 -0.101201 0.012394 0.141805 0.314214 0.291019 0.680184 0.113486 0.010789 0.040845 -0.341637 0.212853 -0.400761 0.160622 0.301808 -0.280487 -0.157336 -1.042906 -0.046664 0.221366 0.127946 -0.017181 0.340441 0.376799 0.004087 -0.141668
-0.153519 -0.348923 0.285800 0.285703 0.355210 0.409790 0.584328 0.239982 -0.157926 0.295986 -0.169641 0.175740 -0.089380 0.185755 0.076411 -0.236406 -0.052065 -0.680539 -0.066300 0.223448 0.046239 -0.083209 0.179566 0.194847 0.007937 -0.187022
0.064018 -0.403538 0.230604 -0.007759 0.223285 0.595419 0.489973 0.303412 -0.133853 0.317659 -0.037785 0.251007 -0.262141 -0.092193 0.066889 -0.161551 -0.101304 -0.613256 0.013758 0.341158 0.038239 0.001155 0.191125 0.125609 0.004615 -0.176517
-0.496311 -0.188769 0.144410 0.709514 0.197266 0.826721 0.746040 0.207156 -0.013951 0.938451 -0.054422 0.159394 -0.361097 0.441515 0.378240 -0.948086 0.281452 -1.280588 -0.146380 0.104631 0.099558 -0.057587 0.048186 0.092969 0.005596 -0.208855
0.101087 -0.123284 0.268273 0.216805 -0.122753 0.464407 0.464709 0.379146 -0.041218 0.051122 -0.125662 0.169504 -0.381178 0.114882 0.157500 -0.112389 -0.084345 -0.671577 -0.096778 0.631905 0.101022 0.062694 0.392707 0.105405 0.006834 -0.131660
-0.215504 -0.344775 0.212772 0.259898 0.226171 0.395173 0.692138 0.508236 -0.035223 0.314530 -0.414861 0.133792 -0.557548 -0.023919 0.125023 -0.077856 -0.162839 -0.613464 -0.279203 0.126288 0.040577 0.079855 0.212440 0.177516 0.002639 -0.074216
-0.206674 -0.217812 0.171311 -0.174650 0.176833 0.289300 0.703959 0.079358 -0.124264 -0.129361 -0.296079 0.042232 -0.225777 -0.013890 0.108846 0.043494 -0.065541 -0.438889 0.041568 0.345600 -0.012992 0.026638 0.262813 0.036309 -0.001294 -0.022420
-0.150236 -0.331379 0.192433 0.170603 0.393664 0.386093 0.456159 -0.058699 -0.098056 0.392211 -0.188373 0.261994 -0.271374 0.083997 0.142765 -0.350303 0.056049 -0.694738 -0.072143 0.484691 0.070585 -0.022757 0.170925 0.169666 0.006039 -0.159487
-0.202103 -0.350404 0.417955 -0.186485 0.176341 0.370256 0.416318 0.186780 -0.027377 0.218125 0.123584 0.410392 -0.533129 0.029874 -0.091122 -0.358986 -0.100132 -0.486077 -0.089524 0.289370 0.004208 0.046029 0.207777 0.011479 -0.007569 -0.016701
0.058102 -0.251009 0.208768 0.205891 0.416735 0.384033 0.697231 0.129935 -0.095694 0.182045 -0.283556 0.214469 -0.228149 0.178587 0.096326 -0.436257 -0.035989 -0.668500 -0.161556 0.233313 0.041338 0.015340 0.275074 0.162186 0.001969 -0.232895
-0.362611 -0.229338 0.246686 -0.032917 0.258820 0.504492 0.736093 0.097653 -0.165169 0.122375 -0.275316 0.149440 -0.426581 0.124742 0.163098 -0.253399 -0.114870 -0.536872 0.055968 0.248224 0.010244 0.003567 0.208732 0.036386 0.005423 -0.061898
-0.149894 -0.331854 0.200640 0.176133 0.040291 0.342774 0.414416 0.087227 -0.190850 0.260435 -0.196658 0.454727 -0.360002 0.116932 0.027138 -0.288797 0.022417 -0.492014 -0.184083 0.216542 0.013441 0.004755 0.229346 0.084087 -0.005322 0.004900
-0.044381 -0.311400 0.374835 -0.066697 0.337703 0.241207 0.481555 0.168092 -0.150708 0.029681 -0.138283 0.129504 -0.174022 -0.092450 -0.034440 0.103023 -0.017518 -0.434418 -0.172843 0.423501 -0.003656 0.012139 0.241863 0.069613 -0.005052 -0.115904
-0.564429 -0.383064 0.095089 -0.224742 -0.172366 0.107566 0.849542 0.162903 -0.174582 0.050318 0.151653 0.504695 -0.234127 -0.159697 0.246502 0.783612 0.166035 -1.082165 -0.283565 0.446089 -0.025487 -0.011488 0.216812 -0.132464 -0.008955 0.185230
-0.194270 -0.090208 0.206691 0.261349 0.368469 0.270180 0.655636 0.368386 -0.069080 0.351964 -0.288791 0.303776 -0.526853 0.314469 0.193848 -0.239659 -0.044234 -0.743496 -0.127832 0.167144 0.125475 -0.027618 0.256624 0.360176 0.007743 -0.230814
-0.190803 -0.044428 0.326861 0.241244 0.388305 0.418393 0.529498 0.164935 0.051430 0.432667 -0.268708 -0.042736 -0.614676 0.289250 0.418167 -0.669572 -0.197528 -1.142818 0.021152 -0.119196 0.218098 -0.038452 0.253963 0.558149 -0.001900 -0.176062
0.086439 -0.422224 0.238532 0.145571 0.306637 0.510998 0.817140 0.303708 -0.187353 -0.018574 -0.034346 0.222157 -0.278446 0.037279 0.137131 -0.606874 -0.067576 -0.717983 0.108598 0.264039 0.063081 0.024481 0.224437 0.102754 0.005987 -0.203406
-0.087888 -0.323114 0.106752 0.264970 0.073196 0.637473 0.587258 0.293680 -0.145480 -0.046496 -0.345792 0.289186 -0.335104 -0.000114 0.102093 -0.248117 -0.059536 -0.725165 -0.081303 0.289648 0.040822 0.036731 0.420708 0.074547 0.004645 -0.056224
-0.179066 -0.354109 0.216655 0.128210 0.215449 0.274969 0.466236 0.078688 -0.098464 0.276067 0.057571 0.119888 -0.460031 -0.040609 0.072930 -0.371121 -0.061970 -0.506988 -0.133538 0.252077 0.033846 0.012548 0.163031 0.001530 -0.001811 -0.026468
-0.551830 -0.284302 0.270745 0.078685 0.390174 0.348203 0.734628 0.139900 -0.095126 0.054255 -0.293385 0.134278 -0.362706 0.151019 0.172547 -0.269851 -0.009729 -0.626159 -0.042300 0.391556 0.046673 0.023142 0.241769 0.065489 -0.001190 -0.052789
0.096541 -0.320889 0.230866 -0.056661 0.298501 0.460334 0.837628 0.220288 -0.127683 0.258501 -0.059708 0.223254 -0.526316 -0.117581 0.192227 -0.247134 -0.025371 -0.629275 -0.075274 0.240218 0.006459 0.003894 0.243838 0.084370 0.004141 -0.196052
-0.178601 -0.453951 0.217213 -0.058865 0.207103 0.264489 0.850509 0.389318 -0.110996 -0.261721 -0.146021 0.299344 -0.230345 -0.156258 0.185728 0.126374 0.020733 -0.481718 -0.193379 0.106380 0.024835 -0.023285 0.276479 0.109712 0.003224 -0.026135
-0.160336 -0.137615 0.217954 0.020945 0.055803 0.583905 0.515615 0.331855 -0.035029 0.456018 -0.346574 0.147733 -0.216500 0.065682 0.178511 -0.087349 0.046638 -0.538134 -0.390687 0.397753 0.101723 0.039773 0.272437 0.212806 -0.004984 -0.127146
-0.001308 -0.130436 0.249181 0.188440 0.319388 0.246964 0.582723 0.292109 0.024306 0.298111 -0.311021 0.239127 -0.364758 0.050445 0.354935 -0.379455 0.089978 -0.818507 -0.167460 0.160665 0.101381 -0.005159 0.232200 0.309379 0.000498 -0.216475
-0.168326 -0.221036 0.298138 0.121270 0.329894 0.433345 0.690850 -0.025031 -0.004038 -0.042959 -0.578141 0.059587 -0.274688 0.153266 0.151830 -0.113315 0.049066 -0.652243 -0.142459 0.233024 0.066694 -0.001468 0.306237 0.183167 0.005371 -0.084996
-0.197403 -0.410445 0.256835 0.143588 0.110295 0.440530 0.602665 0.193105 -0.128636 0.355942 -0.127963 0.239004 -0.423061 0.021268 0.074997 -0.234284 0.152540 -0.533286 -0.141919 0.213906 0.063594 0.005840 0.256553 0.149421 0.002916 -0.039292
-0.151622 -0.412896 0.181050 0.102458 0.215469 0.301710 0.524737 0.155875 -0.086366 0.211301 -0.118763 0.319203 -0.254275 0.013863 0.124574 0.101981 0.050062 -0.428597 -0.131733 0.364109 0.067264 0.066690 0.226059 0.114629 0.005243 -0.093299
-0.228365 -0.133652 0.403025 0.410621 -0.213989 0.575597 0.426954 0.166496 0.087367 -0.023792 -0.238995 0.304421 -0.038415 -0.014064 0.443484 -0.057496 0.269916 -0.577218 -0.156769 0.105635 0.093942 0.010006 0.288610 0.049123 0.001272 -0.020661
-0.017979 -0.238638 0.199065 -0.201998 0.148730 0.423304 0.629589 0.024780 -0.042467 0.045530 -0.189589 0.398486 -0.291875 0.061713 0.032702 -0.261590 0.062546 -0.613158 -0.077794 0.419840 0.051199 0.027072 0.381804 0.175666 0.001710 -0.089409
-0.275787 -0.151592 0.250745 0.231620 0.228872 0.509952 0.567473 0.147894 -0.040576 0.354880 -0.204672 0.379645 -0.379653 0.261264 0.249576 -0.467509 0.154063 -0.781643 -0.145659 0.058230 0.135796 0.002750 0.235323 0.292242 0.005845 -0.142290
-0.084419 -0.179380 0.223432 0.050087 0.456417 0.395934 0.469909 0.332354 -0.170456 0.266254 0.136037 0.222591 -0.276954 0.111281 0.158195 -0.324400 -0.234636 -0.615366 0.067025 0.375330 0.009252 0.029480 0.077385 0.049252 0.006365 -0.286546
-0.702819 -0.422807 0.428436 0.255895 0.047207 0.352600 0.409521 0.092665 0.007335 0.287789 -0.246774 0.444887 -1.141804 0.127685 0.166911 0.028548 0.129866 -0.778530 -0.053950 0.240955 -0.025524 0.050431 0.080342 0.148539 0.002936 0.197722
-0.122132 -0.430229 0.157243 0.028506 0.122056 0.413349 0.827299 0.114415 -0.156857 0.330879 0.075585 0.272672 -0.556683 0.394857 0.160707 -0.685983 0.178370 -0.710692 -0.010070 0.401115 0.085552 0.044991 0.175991 0.079686 0.015477 -0.090726
0.015273 -0.314604 0.296006 0.431157 0.051957 0.226062 0.865447 0.424524 -0.106642 -0.241063 -0.294283 0.354136 -0.335241 0.007564 0.402885 -0.252054 0.125225 -0.774036 -0.146942 0.159709 0.084413 0.022868 0.308104 0.190878 -0.000498 -0.102216
-0.608103 -0.402929 0.215283 0.300075 0.034639 0.873432 0.375590 0.364989 -0.138229 0.474650 -0.305392 0.249565 -0.359210 0.250823 0.066275 -0.275642 0.228517 -0.680076 0.056715 -0.008990 0.071163 -0.029074 0.197012 0.172743 0.007792 0.025541
-0.057401 -0.411369 0.217234 -0.251953 0.566342 0.428223 0.638836 -0.027825 -0.306566 -0.035599 0.005293 0.325424 -0.135447 -0.180949 0.152455 0.222862 -0.139103 -0.509818 -0.266483 0.723264 -0.070739 -0.058359 -0.005295 -0.050041 -0.007419 -0.195810
-0.018505 -0.213341 0.298690 -0.176023 0.120955 0.403331 0.752660 0.302891 -0.105539 -0.016128 -0.051522 0.392791 -0.488151 -0.053321 0.316271 -0.131547 0.002083 -0.677221 -0.084536 0.081120 0.020559 -0.003595 0.330670 0.031683 0.002102 -0.099985
-0.275016 -0.226187 0.217381 -0.132728 0.123117 0.335214 0.670418 0.090464 -0.134342 -0.149129 -0.292649 0.227032 0.042449 0.203552 0.317129 -0.198200 0.007670 -0.408589 0.111823 0.241954 0.050732 -0.024895 0.227484 0.051253 0.007894 -0.052525
-0.072720 -0.366449 0.220450 0.162607 0.447744 0.402872 0.770258 0.191101 -0.086175 0.245818 -0.186259 0.125728 -0.476310 0.257182 0.127320 -0.496375 -0.061952 -0.868743 0.078882 0.336658 0.062214 -0.028867 0.215124 0.191027 0.007886 -0.204715
-0.276112 -0.235480 0.179031 0.249024 0.329924 0.378808 0.781477 0.256699 -0.023610 -0.334479 -0.183738 0.289566 -0.568467 0.126877 0.169737 -0.061151 0.090945 -0.521211 -0.164864 0.183938 0.057761 0.065929 0.297259 0.016316 0.000350 -0.097017
