0.505512 0.355782 0.130853 -0.323661 0.031134 0.005491 1.225736 -0.055054 -0.425790 0.710766 1.217238 -0.498032 -0.004981 -0.303387 0.467110 -0.317049 0.050093 -0.637629 0.261099 -0.344255 -0.053651 -0.205381 -0.040051 -0.676507 -0.006367 -0.402186
0.551597 0.144407 0.433378 -0.527580 -0.334599 0.281010 1.747219 0.568766 -0.270410 0.417158 0.172301 -0.298219 -0.623852 -0.097224 0.544696 0.298491 -0.225369 -1.028821 0.169877 -0.912978 -0.262637 -0.275143 0.221407 -0.613884 -0.015459 -0.161767
0.559006 0.365369 0.416984 -0.823594 -0.004478 0.121549 1.397993 -0.113177 -0.444199 0.873838 1.440223 -0.362862 0.006333 -0.640907 0.487208 -0.547400 0.378711 -0.839083 0.247740 -0.554478 -0.152301 -0.217741 -0.038752 -0.707521 -0.014582 -0.385398
-0.054223 -0.170026 0.498014 -0.442568 -0.148242 0.247531 0.681928 0.349006 0.042537 -0.212526 -0.691270 0.534596 -0.501305 -0.738201 0.753155 -0.822912 -0.138070 -1.069924 0.583829 -1.412150 -0.296444 -0.137749 0.331423 0.572503 -0.033085 0.227928
0.496576 0.233553 -0.214491 0.211523 -0.072325 -0.018867 0.720338 -0.013525 -0.107792 0.431255 0.285234 -0.582778 -0.655795 0.493610 0.110670 0.304619 -0.605647 -0.378221 -0.072478 0.006777 -0.047880 -0.016566 0.011562 -0.721297 0.008519 -0.185652
0.415385 0.168857 0.325120 -0.394752 -0.271585 0.077854 1.100593 0.168614 -0.207244 0.324954 0.220269 -0.323755 -0.496480 -0.036420 0.296885 0.370586 -0.297804 -0.640656 0.139878 -0.710420 -0.164345 -0.176843 0.201908 -0.435412 -0.010365 -0.059321
0.491458 0.350833 0.390216 -0.358235 -0.341986 0.070587 0.999749 0.291458 -0.230293 0.516553 0.340149 -0.376387 -0.662098 -0.262132 0.232594 0.224428 -0.355550 -0.773244 0.539449 -0.970357 -0.247944 -0.183070 0.245234 -0.497062 -0.018459 -0.093887
0.351607 0.135131 -0.230438 0.242277 -0.043789 0.005579 0.514156 0.093361 -0.173139 0.251665 0.339779 -0.456764 -0.645309 0.352720 0.060440 0.155028 -0.303257 -0.485125 -0.041906 0.082554 -0.048540 -0.051710 0.046785 -0.543203 0.005099 -0.126130
0.451057 0.197162 -0.110637 0.335458 -0.104779 -0.014564 0.682343 -0.204224 -0.038507 0.424385 0.308927 -0.516542 -0.590970 0.639661 -0.010191 0.395036 -0.648647 -0.067052 0.037499 -0.089366 0.028820 -0.012705 -0.083647 -0.823812 0.015828 -0.170943
0.620149 -0.077114 0.112284 -0.308094 -0.002508 0.110803 1.116638 0.052137 -0.184154 0.306698 0.349560 -0.630265 -0.397990 0.357180 0.148750 0.385664 -0.278939 -0.904204 -0.248563 -0.037282 -0.026577 -0.093355 0.278776 -0.776817 0.003663 -0.153848
0.582260 -0.082656 -0.117862 0.177703 -0.330264 0.185074 0.850194 -0.322324 -0.229204 0.174330 0.277347 -0.551470 -0.384973 0.512296 0.122451 0.441236 -0.215262 -0.551249 0.058699 0.042315 0.047108 -0.118710 0.401064 -0.952234 0.014038 -0.041533
0.629725 0.563471 0.357090 -0.432142 -0.014712 0.019480 1.313205 -0.009820 -0.498362 0.744827 1.311973 -0.182730 -0.039916 -0.870301 0.443588 -0.279166 -0.088332 -0.817693 0.475157 -0.844103 -0.056886 -0.284090 -0.075581 -0.637750 -0.002246 -0.431210
0.576583 0.419800 0.414261 -0.330194 -0.366978 0.059023 1.172159 0.344949 -0.189591 0.253682 0.203309 -0.254282 -0.793907 -0.188947 0.173122 0.159997 -0.347226 -0.904720 0.288762 -1.081779 -0.318137 -0.201879 0.273699 -0.535455 -0.015119 -0.062384
0.526883 0.583707 0.081566 0.043890 -0.083910 -0.113923 0.885311 0.137249 -0.357442 0.459055 0.881792 -0.395561 -0.270347 -0.174258 0.100596 -0.176035 -0.399610 -0.489067 0.483189 -0.290435 0.000325 -0.184243 -0.013322 -0.617048 0.006253 -0.361200
0.387498 -0.010272 -0.064959 -0.062886 0.075822 0.205448 0.721086 0.137781 -0.221149 0.199917 0.331831 -0.521185 -0.527413 0.337459 0.041885 0.268758 -0.208803 -0.565532 -0.150194 -0.277268 -0.147376 -0.105003 0.097933 -0.679390 0.000990 -0.116962
0.260835 -0.014433 -0.043832 -0.247522 0.044354 0.001835 0.736117 -0.099163 -0.262810 0.478259 0.775768 -0.399945 0.063642 -0.062532 0.401443 -0.164443 0.101145 -0.300124 0.161958 -0.141433 -0.050220 -0.122222 0.027933 -0.424256 -0.005450 -0.206635
0.531196 -0.121266 0.017725 -0.300986 0.036543 0.263289 1.162478 0.203246 -0.201560 0.121363 0.265640 -0.502587 -0.476196 0.301423 0.100153 0.426635 -0.104117 -0.881615 -0.242334 -0.175580 -0.078615 -0.134176 0.236655 -0.773056 0.005608 -0.135532
0.213815 0.384792 0.092549 -0.262476 -0.277394 0.042155 0.693844 0.249566 -0.084922 0.507616 0.250684 -0.398795 -0.618827 -0.395284 0.203594 0.168610 -0.200544 -0.966717 0.554710 -0.759835 -0.210066 -0.120004 0.231860 -0.191939 -0.023426 -0.025853
0.398376 0.034114 -0.102012 -0.168187 0.068482 0.031907 0.827021 0.032214 -0.076284 0.196286 0.343862 -0.421505 -0.572421 0.485977 0.077118 0.464205 -0.399361 -0.456011 -0.106708 -0.234563 -0.107379 -0.049852 0.037053 -0.791703 0.009285 -0.126542
0.240452 0.019054 0.123789 -0.586650 -0.114508 0.136541 1.158570 0.291484 -0.197583 0.407090 0.164463 -0.373001 0.018910 -0.184016 0.426654 0.367019 -0.012114 -0.520783 0.154009 -0.507856 -0.151842 -0.156290 0.074214 -0.231013 -0.012021 -0.134874
0.273850 0.044738 -0.140369 0.730497 -0.230855 -0.125531 0.382470 -0.503785 -0.113732 0.198929 0.369013 -0.644938 -0.440012 0.786308 -0.056653 0.418641 -0.782008 0.080297 0.112754 -0.198901 0.048583 -0.021984 -0.161935 -0.767779 0.009199 0.015931
0.564944 0.003965 -0.038725 0.081361 -0.089672 -0.021281 0.874348 -0.104170 -0.225664 0.127971 0.207191 -0.417889 -0.289350 0.466349 0.113362 0.334366 -0.437475 -0.481515 -0.004847 0.121091 0.118891 -0.078289 0.236297 -0.745388 0.014965 -0.154768
0.667916 0.147561 -0.338135 0.064347 0.011214 0.077834 0.911860 -0.027423 -0.223965 0.524281 0.250942 -0.695622 -0.452325 0.547765 0.035080 0.386062 -0.571412 -0.443212 -0.256528 0.064672 -0.070552 -0.138661 0.014022 -0.882355 0.010225 -0.242500
0.064779 -0.213360 0.208448 -0.439875 -0.114321 0.448293 0.636337 0.521794 -0.142487 0.053127 -0.204138 0.232515 -0.177676 -0.266095 0.812402 -0.556074 0.068177 -0.757206 0.396986 -0.820483 -0.203279 -0.056807 0.170526 0.347227 -0.024680 -0.013033
0.316078 0.238598 -0.075018 0.023135 -0.154463 0.014782 0.522309 0.204598 -0.116265 0.450006 0.332476 -0.383444 -0.701010 0.022448 0.115520 0.146015 -0.317548 -0.677314 0.263555 -0.303390 -0.104582 -0.063041 0.135608 -0.359921 -0.009106 -0.093809
0.039541 0.170307 0.027184 -0.226324 -0.086406 -0.046351 0.812999 0.025336 -0.265393 0.592336 0.984787 -0.225814 0.115395 -0.029590 0.233101 -0.266749 0.077091 -0.355346 0.113183 -0.087907 -0.083327 -0.130164 -0.060649 -0.432924 -0.004854 -0.199763
0.514256 -0.118157 -0.222582 0.666176 -0.345937 0.071412 0.655288 -0.333604 -0.190768 0.105648 0.379453 -0.413951 -0.447630 0.457117 0.033610 0.426466 -0.503449 -0.394649 0.055932 0.061954 0.058087 -0.098656 0.311882 -0.908382 0.010072 -0.017430
0.190852 -0.096105 0.146261 -0.578679 0.140130 0.207384 1.591026 0.463517 -0.086318 0.611635 0.217195 -0.445417 -0.352628 0.028528 0.267282 0.578610 -0.246528 -0.624015 0.040884 -0.332734 -0.309922 -0.120233 0.080755 -0.788839 -0.002655 -0.235567
0.401817 0.357235 0.041962 0.093327 -0.155482 -0.052701 0.667648 0.086552 -0.026114 0.496653 0.365826 -0.458876 -0.737491 0.169837 0.094604 0.226733 -0.518086 -0.534053 0.233433 -0.343753 -0.126559 -0.034643 0.080045 -0.464722 -0.006595 -0.151996
0.617943 0.066242 0.204297 -0.483478 0.161057 0.175534 1.301401 0.318206 -0.136593 0.575993 0.313742 -0.314288 -0.331535 0.136363 0.140234 0.357349 -0.316349 -0.888613 -0.217779 -0.157352 -0.020756 -0.088043 0.218882 -0.558933 0.001554 -0.339484
0.485710 -0.105688 0.079495 -0.380468 0.054699 -0.041033 0.950073 0.051977 -0.152445 0.155556 0.291562 -0.301979 -0.324919 0.263585 0.217845 0.336909 -0.216545 -0.731271 -0.162288 -0.126587 -0.018642 -0.073221 0.222751 -0.614659 0.001228 -0.117188
0.388199 0.114285 0.491612 -0.660114 0.024566 0.121784 0.837584 -0.063020 -0.180159 0.371753 0.664763 -0.109593 0.002320 -0.558858 0.335780 -0.236224 0.389933 -0.571471 0.087425 -0.270133 -0.081957 -0.117207 0.045171 -0.301847 -0.010944 -0.202923
0.135318 0.127403 0.182902 -0.469802 -0.167302 0.162550 1.019249 0.032509 -0.307683 0.827363 1.426339 -0.140267 0.184134 -0.105447 0.139844 -0.543695 0.373287 -0.594376 0.021039 -0.206280 -0.163745 -0.204297 -0.132652 -0.570091 -0.007826 -0.234090
0.485584 0.083407 -0.270383 0.154551 -0.034309 0.029661 0.761960 0.019887 -0.221127 0.245788 0.367682 -0.639704 -0.438821 0.367537 -0.045480 0.289913 -0.229748 -0.436731 -0.177395 0.228739 -0.065608 -0.146349 0.002927 -0.699410 0.010999 -0.162837
0.644881 -0.016755 -0.215266 0.561872 -0.022240 -0.216908 0.819955 -0.274919 -0.217266 0.344056 0.242257 -0.616495 -0.305166 0.742797 0.030206 0.193655 -0.643560 -0.335875 0.045707 0.292207 0.134292 -0.068740 0.215083 -0.864241 0.013248 -0.222416
-0.334336 -0.290562 0.197529 0.057331 0.186689 -0.181500 0.378572 0.217280 -0.128891 -0.069745 -0.621698 0.433003 -0.477477 -0.774429 0.406155 -0.536560 -0.466346 -0.899644 0.738799 -1.163330 -0.319528 -0.121688 0.126371 0.422461 -0.034621 0.246802
-0.135879 -0.445643 0.064342 0.133237 0.169137 -0.402417 0.517242 0.649684 -0.348796 0.190775 -0.645277 0.886237 -0.203069 -0.498893 0.344806 -0.427457 -0.437602 -1.033318 0.707337 -0.664728 -0.280331 -0.237620 0.112379 0.312956 -0.025425 0.068264
-0.026349 -0.141165 -0.091735 -0.353352 0.245841 -0.421861 0.906813 -0.400627 -0.017798 0.023913 0.088716 -0.311655 -0.014092 0.249895 0.515903 -0.304791 0.080726 -0.198248 0.603128 0.199314 -0.064554 -0.054092 -0.190440 -0.464728 -0.004959 -0.086843
0.184032 -0.008042 0.090453 -0.446873 -0.047738 -0.060455 0.860061 -0.183131 -0.235730 0.485599 0.714005 -0.288714 0.161596 -0.128232 0.420399 -0.194904 0.219782 -0.274470 0.103508 -0.347876 -0.121900 -0.163170 -0.010686 -0.329981 -0.011661 -0.126945
0.309759 -0.057694 0.177288 -0.425378 -0.064590 0.547504 1.456654 0.760215 -0.102898 0.317913 -0.074297 0.023066 -0.177353 -0.148380 0.459715 -0.017305 0.087028 -0.947796 0.137202 -0.415594 -0.330203 -0.152827 0.056591 -0.261554 -0.015489 -0.263485
0.228664 0.420076 0.198851 -0.135569 -0.270250 0.019475 0.610733 0.086256 -0.020210 0.290627 0.272293 -0.527313 -0.720177 -0.295383 0.049864 0.100347 -0.366119 -0.811740 0.341810 -0.826781 -0.266298 -0.117702 0.191054 -0.223471 -0.027021 0.047115
0.366402 -0.132174 0.103456 -0.168640 -0.031584 0.053216 0.762067 -0.037938 -0.169344 0.284475 0.355387 -0.572655 -0.319502 0.280909 0.181438 0.262161 -0.185317 -0.514094 -0.113350 -0.097540 -0.130826 -0.096495 0.212674 -0.679380 -0.001721 -0.062626
0.071284 0.130270 -0.310085 0.736726 0.038198 -0.527038 0.160925 -0.614396 -0.117409 -0.177746 0.139659 -0.312945 0.294853 0.546357 0.009657 0.576508 -0.753137 0.087942 0.473207 0.104503 0.012872 0.012991 -0.108124 -0.872969 0.006318 -0.049788
0.294323 0.090041 -0.053118 0.335221 -0.257148 0.110598 0.459576 -0.174401 -0.117146 0.338714 0.136658 -0.521313 -0.847430 0.428087 0.019507 0.165571 -0.572256 -0.033055 0.332864 -0.117914 0.061316 -0.076895 -0.039176 -0.859794 0.007829 -0.000407
0.718167 0.374903 -0.020925 -0.002585 0.118763 0.101140 0.827736 -0.043368 -0.326211 0.741744 0.803549 -0.254255 -0.345214 -0.542024 0.339530 -0.048055 -0.002890 -0.731392 0.371638 -0.685586 -0.039953 -0.192875 0.020600 -0.452201 -0.005370 -0.406229
0.016908 0.153532 -0.190236 0.125319 0.032603 -0.207160 0.367082 -0.307255 0.121600 -0.001943 0.237335 -0.245323 -0.416124 0.464178 -0.015787 0.529374 -0.542497 -0.097092 0.031824 -0.056143 0.011557 0.007618 -0.126705 -0.640303 0.016980 0.001218
-0.357167 -0.221703 0.343409 -0.183833 -0.109738 0.278058 0.654016 0.519760 -0.058854 0.454170 -0.462207 0.617932 -0.209312 -0.547005 0.520401 -0.483666 -0.316778 -0.836921 0.466588 -0.779729 -0.258312 -0.153914 0.300109 0.470951 -0.014843 0.077535
-0.057313 -0.020136 0.161197 -0.155773 0.092088 -0.099756 0.367974 -0.008600 0.059691 -0.087438 -0.458380 0.297620 -0.201140 -0.397128 0.290496 -0.510706 0.032183 -0.522892 0.259247 -0.632988 -0.224867 -0.103541 0.058739 0.196436 -0.017198 0.096101
0.346120 0.149278 0.107393 -0.154720 -0.036226 0.145459 0.622694 0.269613 -0.236380 0.405992 0.402510 -0.454187 -0.617940 0.001663 0.083754 0.089490 -0.360340 -0.376494 0.073205 -0.485092 -0.175313 -0.099303 0.110883 -0.428311 -0.010110 -0.120642
0.337310 0.172085 -0.027209 0.287914 0.026926 0.061122 0.605966 0.091459 -0.175505 0.447389 0.561865 -0.389517 -0.085105 0.038422 0.273589 0.064292 -0.268325 -0.273688 0.338574 -0.059081 0.045392 -0.107097 0.039379 -0.334506 0.005918 -0.323222
0.156806 0.212807 -0.092914 0.012061 -0.264479 0.121195 0.400881 0.223881 -0.017894 0.357333 0.407066 -0.153468 -0.774946 -0.000998 0.111118 0.283433 -0.129144 -0.632143 0.228762 -0.254994 -0.096584 -0.067793 0.146512 -0.123486 -0.008948 -0.037370
0.372346 0.243059 0.059795 -0.152506 -0.052938 0.012454 0.891559 0.261159 -0.134143 0.432736 0.452662 -0.452851 -0.702013 0.318196 0.127968 0.239701 -0.522814 -0.480868 0.081385 -0.512608 -0.193135 -0.054189 0.042476 -0.629616 -0.000231 -0.165628
0.293445 0.004852 -0.375433 0.616130 -0.012450 -0.154693 0.631632 -0.168022 -0.029244 0.374028 0.212839 -0.546363 -0.211138 0.700064 -0.014604 0.105716 -0.569546 -0.142648 0.303210 0.191325 0.073586 -0.027945 0.150644 -0.499749 0.007082 -0.196409
0.519460 -0.138641 0.003038 -0.469007 0.048267 0.147466 0.945425 0.049824 -0.055578 0.006919 0.131527 -0.301073 -0.503481 0.241217 0.085298 0.479341 -0.173276 -0.615506 -0.235263 -0.132777 -0.002771 -0.075061 0.267815 -0.644780 0.006866 -0.074224
0.342565 0.443205 -0.293784 0.167854 -0.003983 0.022241 0.618294 0.049384 -0.106040 0.611218 0.621164 -0.471347 -0.072467 0.160397 0.164668 -0.249398 -0.091715 -0.382211 0.127539 0.046907 0.011596 -0.097366 -0.029877 -0.460202 0.008582 -0.347974
0.327203 -0.125284 -0.335405 0.636100 -0.026741 -0.368318 0.190674 -0.607309 -0.097929 -0.029089 0.255151 -0.206137 0.164165 0.451152 0.016050 0.561147 -0.751929 0.086064 0.276403 0.201207 0.045123 -0.026148 -0.072216 -0.689001 0.011362 -0.053599
0.261409 0.425289 -0.142347 0.348509 -0.287397 0.006311 0.597802 0.007418 -0.072175 0.558186 0.683293 -0.606622 -0.052259 0.282629 0.170350 -0.117808 -0.291796 -0.351472 0.588656 0.162303 0.018655 -0.089487 0.090728 -0.442630 0.011864 -0.283374
0.405670 0.174608 0.151593 -0.338040 -0.010838 0.043730 0.628432 0.006931 -0.195933 0.314547 0.744042 -0.005000 0.031644 -0.281350 0.159264 -0.223282 0.194525 -0.440812 0.151377 -0.432020 -0.019676 -0.077018 -0.025676 -0.429304 0.003684 -0.210294
0.234711 0.318908 0.136337 0.150254 -0.297278 0.205689 0.515715 0.140269 -0.052106 0.520562 0.501022 -0.294118 -1.045847 -0.010252 0.064292 0.217765 -0.417734 -0.539829 0.395513 -0.454453 -0.152730 -0.146541 0.079044 -0.329993 -0.019893 -0.068805
0.353171 -0.315345 0.264683 -0.399963 0.018361 0.329164 1.531076 0.234111 -0.272661 0.528735 0.135849 -0.438027 -0.264082 -0.143961 0.186602 0.665760 -0.040548 -0.370968 0.116033 -0.238089 -0.285397 -0.186896 0.260574 -0.509836 -0.009638 -0.196086
0.032265 -0.085072 -0.148272 -0.261252 0.267906 -0.429781 0.793075 -0.396468 -0.010041 0.023222 0.025149 -0.361734 0.096648 0.257865 0.292616 -0.185070 0.179009 -0.225330 0.415612 0.348838 -0.063499 -0.070167 -0.099539 -0.262206 -0.007186 -0.112005
0.721786 -0.138939 0.183355 -0.546095 0.038755 0.183318 1.478062 0.360022 -0.110228 0.665591 0.380580 -0.129373 -0.335146 -0.094034 0.063623 0.300954 -0.153020 -0.827272 -0.136296 -0.098880 -0.038617 -0.197933 0.251466 -0.429236 -0.000126 -0.320954
0.214246 -0.049759 -0.091441 0.198623 -0.011109 0.323838 0.680294 0.149635 -0.212572 0.133100 0.190023 -0.489515 -0.346055 0.285757 0.166575 0.130254 -0.008321 -0.754942 -0.051712 -0.144180 -0.039229 -0.121626 0.161013 -0.427385 0.001654 -0.094479
0.073475 0.006886 0.292682 -0.468055 -0.069949 0.064717 0.899122 0.226966 -0.220340 0.537565 0.145828 -0.342113 -0.311301 -0.150527 0.287496 0.623240 0.044533 -0.294423 0.118873 -0.164248 -0.236823 -0.141532 0.169290 -0.235379 -0.006168 -0.105650
0.035490 0.338120 0.100108 0.185221 -0.295574 0.191374 0.390620 0.152508 -0.050603 0.257065 0.472097 -0.522710 -0.787884 -0.148809 -0.016167 0.192505 -0.402508 -0.616967 0.463558 -0.751159 -0.198424 -0.134016 0.133068 -0.154561 -0.031439 0.047876
0.291493 -0.171838 0.358381 -0.528242 0.241733 0.233145 2.016913 0.676169 -0.229148 0.639554 0.344855 -0.409779 -0.197128 0.263194 0.306931 0.703687 -0.321412 -0.697918 0.148299 -0.109636 -0.319007 -0.114209 0.043708 -0.854435 -0.011351 -0.436147
0.309650 0.244690 -0.103164 -0.034063 -0.205245 -0.003215 0.536777 0.051132 -0.123359 0.184842 0.531187 -0.301385 -0.147980 -0.028829 0.136960 -0.128363 -0.109805 -0.355135 0.415130 -0.053792 0.021061 -0.048331 0.092605 -0.376012 0.005751 -0.149547
0.016247 0.063779 0.220247 -0.445070 0.107917 0.132638 0.958937 0.384808 -0.119463 0.568959 0.274159 -0.394236 -0.446998 0.010860 0.345675 0.321439 -0.155515 -0.336524 0.042145 -0.520714 -0.260787 -0.130427 0.095464 -0.559125 -0.008795 -0.153156
-0.385067 0.133083 0.100887 -0.273504 0.243018 -0.003306 -0.528184 0.008330 0.005038 0.256927 -0.324830 0.487756 0.161379 0.174828 -0.259417 -0.082433 0.059089 0.081868 -0.040220 -0.190755 0.017135 -0.153723 -0.096793 0.453480 0.008227 0.019761
-0.379779 -0.062490 -0.073785 -0.270437 0.389918 -0.142833 -0.554998 -0.054970 0.056354 0.382854 -0.450838 0.432348 0.233223 0.492047 -0.166573 -0.254829 0.187363 0.121466 -0.048390 -0.053261 0.025156 -0.202150 -0.047129 0.504107 0.007268 -0.005430
0.142785 -0.290346 -0.269584 -0.223938 0.467225 -0.629949 0.644052 -0.413153 -0.067956 -0.354207 -0.108965 -0.388782 -0.238105 0.046212 0.016198 0.109471 0.095718 -0.270843 0.605043 0.360987 -0.090219 -0.113790 -0.063912 -0.487856 -0.002028 -0.007624
-0.397033 -0.235270 0.023149 0.795688 0.321135 -0.431839 0.152736 0.130446 -0.359634 -0.306613 -0.281733 0.531481 -0.210120 -0.480631 0.148618 -0.745696 -0.415489 -0.299198 0.968177 -0.648916 -0.167982 -0.113858 -0.125489 0.143865 -0.032176 0.079081
0.287995 0.097418 -0.121919 0.192086 -0.191589 0.105812 0.395181 -0.065144 -0.105716 0.497290 0.280842 -0.213558 -0.826905 0.209202 0.130747 0.076814 -0.248386 -0.261999 0.078577 -0.022680 -0.029335 -0.075848 0.018604 -0.481860 0.000227 -0.060477
0.553746 0.050660 -0.376777 0.693107 -0.174447 -0.195138 0.988241 -0.459068 -0.219338 0.008443 0.202221 -0.546557 -0.147037 0.679378 -0.110897 0.476471 -0.428571 -0.257679 0.226179 0.098992 0.034873 -0.154065 0.255797 -1.101458 0.009786 -0.136550
0.206979 -0.096019 -0.025970 -0.488262 -0.035045 0.105888 0.940973 0.388583 -0.145856 0.284671 0.119220 -0.212209 0.073883 -0.144469 0.254307 0.132947 0.106697 -0.426427 0.161177 -0.383566 -0.198943 -0.160507 0.037001 -0.116265 -0.013939 -0.124584
-0.072172 0.103677 0.162715 -0.128740 0.057281 -0.002593 0.410295 0.150766 -0.106590 0.289365 -0.258931 0.276820 -0.233688 -0.400615 0.192080 -0.268032 0.126073 -0.720100 0.483266 -0.719669 -0.237596 -0.140249 0.138423 0.054604 -0.021744 -0.003686
0.651258 0.229964 -0.155175 0.246497 0.094864 0.054688 0.843934 -0.195918 -0.185131 0.695958 0.177874 -0.383339 -0.527351 0.777603 0.208727 0.468029 -0.606290 -0.231790 -0.075590 -0.136009 0.032284 -0.115214 0.015011 -0.882013 0.012725 -0.353868
0.404604 0.816585 -0.436984 0.664859 -0.240414 -0.088078 0.534503 -0.133585 -0.052396 0.205265 0.905555 -0.894378 0.029174 0.896241 0.006463 -0.594359 -0.526073 -0.202858 1.261314 0.260859 0.081434 -0.071685 0.046055 -0.696637 0.025307 -0.460971
0.170671 0.284739 -0.206710 0.131186 -0.174839 0.024308 0.817027 -0.056170 -0.040284 0.724979 0.777571 -0.542220 0.123400 0.138751 0.178800 -0.300298 -0.048091 -0.475548 0.312147 0.199182 0.019986 -0.113341 -0.006529 -0.457511 0.008913 -0.273938
-0.010469 0.344774 -0.042038 -0.014059 -0.143078 0.139821 0.336525 0.248480 0.084181 0.200740 0.268029 -0.305059 -0.503179 -0.203186 0.081085 0.201527 -0.032151 -0.683857 0.282678 -0.582567 -0.119737 -0.058623 0.240079 0.017538 -0.019957 -0.021433
0.186164 0.173229 -0.166141 0.304088 -0.081739 -0.297142 0.368607 -0.296977 -0.114197 -0.197887 0.051019 -0.318286 -0.069401 0.412758 0.116882 0.076198 -0.390612 -0.049947 0.110005 0.093589 0.143737 -0.034609 0.129648 -0.457433 0.012337 -0.028753
0.632261 0.296326 0.154070 0.320596 0.004416 -0.104122 0.822429 0.030843 -0.280674 0.794763 0.974175 -0.073578 -0.292358 -0.482581 0.107024 -0.030764 -0.369823 -0.557612 0.614105 -0.653937 -0.087117 -0.217369 -0.129348 -0.330698 0.005191 -0.394020
0.251172 0.505816 -0.456022 0.232766 0.030551 -0.105640 0.637273 -0.089246 -0.010424 0.412608 0.821396 -0.394835 0.141145 0.544426 0.199134 -0.455273 0.014435 -0.434482 0.593588 0.183625 0.084844 -0.034229 0.059067 -0.541118 0.017577 -0.423325
0.294062 0.124609 0.146961 0.485086 -0.178920 0.111921 0.519397 0.120840 -0.067466 0.328023 0.366892 -0.448180 -0.788118 0.184316 -0.042708 0.156105 -0.756583 -0.177042 0.524237 -0.342510 -0.102743 -0.113290 -0.026311 -0.716672 -0.014323 -0.098654
0.002685 0.265847 -0.247417 0.353806 -0.104987 -0.374371 0.123522 -0.473789 -0.031189 -0.299442 0.034521 -0.309019 0.128717 0.255334 0.092412 0.040958 -0.445506 0.071478 0.105426 0.012954 0.107817 -0.029289 0.072246 -0.384403 0.005130 0.063121
0.303817 0.248593 -0.257089 0.291259 0.036135 -0.057317 0.585647 0.096798 -0.063434 0.731381 0.503493 -0.587620 -0.281536 0.348815 0.303969 -0.129644 -0.101699 -0.301579 0.235801 0.032681 0.030847 -0.045869 -0.020276 -0.442652 0.003713 -0.328886
0.151651 -0.225103 -0.149504 -0.154023 0.440792 -0.402612 0.709358 -0.262858 -0.088301 -0.180697 0.049390 -0.238539 0.157584 -0.009821 0.215325 -0.099227 0.019716 -0.491430 0.642945 0.284675 0.006497 -0.101046 0.036698 -0.355178 0.003989 -0.153982
0.340395 0.196190 0.056452 0.331786 -0.047824 -0.062027 0.571697 0.008742 0.068790 0.325308 0.378227 -0.345280 -0.485059 0.359300 -0.186740 0.197258 -0.615594 -0.107364 0.289643 -0.126466 -0.081254 -0.002407 -0.135544 -0.507703 0.007142 -0.187704
-0.028951 -0.019697 0.013020 -0.279651 0.209125 -0.168119 0.769111 -0.194682 -0.007878 0.195546 0.124065 -0.311714 -0.066931 0.153444 0.232118 -0.391684 -0.036374 -0.085310 0.631622 0.101373 -0.105550 -0.041257 -0.176755 -0.557154 -0.010588 -0.132848
-0.210938 0.188053 -0.083039 -0.280429 0.343187 -0.199460 -0.585522 -0.079664 0.106366 0.119042 -0.381109 0.476934 0.460252 0.042707 -0.050784 -0.127639 0.338603 0.029599 0.117084 -0.076154 0.065577 -0.061587 -0.024719 0.372060 0.011474 -0.078308
0.181393 0.463027 -0.218499 0.355570 -0.079730 -0.030702 0.484714 0.097509 -0.024605 0.570634 0.506819 -0.455769 -0.020697 0.087086 0.175130 -0.028799 -0.235339 -0.180978 0.272448 -0.053071 -0.001667 -0.097007 0.070355 -0.399495 0.009139 -0.303009
0.407925 0.257524 -0.329410 0.717086 0.177142 -0.383360 0.752021 -0.317131 -0.181451 0.039144 0.111582 -0.407998 -0.034137 0.510604 0.135003 0.234838 -0.645527 -0.143970 0.240193 0.146326 0.170712 -0.037612 0.058853 -0.755710 0.009625 -0.296861
-0.120723 0.117956 0.120343 -0.186294 -0.047198 0.228076 0.533827 0.377591 -0.243613 0.511219 -0.026401 0.071263 -0.247666 -0.412698 0.203951 -0.163815 0.171575 -0.912124 0.485039 -0.830087 -0.173187 -0.174624 0.247001 0.050487 -0.026296 -0.027954
0.135264 0.105072 0.144377 0.151849 -0.328487 0.326127 0.468389 0.255819 -0.100344 0.313919 0.605101 -0.082047 -1.018359 -0.045855 0.012254 0.362977 -0.305350 -0.452545 0.388030 -0.454411 -0.135151 -0.196208 0.151496 -0.195490 -0.015807 -0.017336
0.034119 -0.009389 0.030896 -0.283432 0.184017 -0.243106 0.653243 -0.223396 -0.029086 0.081550 0.091602 -0.272399 0.085116 0.075183 0.270077 -0.282912 0.032239 -0.049456 0.439287 0.147208 -0.057943 -0.065146 -0.152724 -0.374708 -0.006645 -0.118825
0.027975 0.361304 -0.065221 0.040646 -0.005508 -0.203333 0.612194 0.048212 0.057099 0.218541 0.430623 -0.306968 -0.411918 0.582189 -0.074475 0.361673 -0.573313 -0.270623 0.135483 -0.105141 -0.093558 0.025055 -0.223968 -0.579389 0.014603 -0.133523
0.052939 -0.059408 -0.098871 -0.082485 0.023097 -0.023219 0.624482 -0.012311 -0.158518 0.448763 0.787359 -0.198424 0.091294 0.030237 0.298907 -0.138373 0.146680 -0.194449 0.050600 -0.001098 -0.077228 -0.077767 0.006889 -0.363134 -0.007868 -0.176179
0.291918 0.150474 -0.477314 0.524742 -0.096382 0.188988 0.503739 0.142638 -0.009616 0.373426 0.538833 -0.782939 -0.190151 0.503624 0.271479 0.050189 -0.032942 -0.090389 0.384610 0.017868 0.008513 -0.069039 0.057776 -0.365353 0.006136 -0.296817
0.135690 0.150059 0.011002 -0.233203 -0.113727 0.114948 0.452604 0.316234 -0.075219 0.519546 0.175667 -0.202504 -0.275742 -0.328260 0.267206 0.146783 -0.029690 -0.643886 0.540932 -0.454765 -0.085086 -0.036521 0.222814 0.056180 -0.011849 -0.114824
0.519363 0.041110 0.077176 -0.447853 0.100068 0.068345 0.871496 0.232732 -0.092912 0.417160 0.189294 -0.028079 -0.259576 0.080085 0.086830 0.245204 -0.189053 -0.733733 -0.078827 -0.128948 -0.017434 -0.061506 0.166314 -0.356045 0.000365 -0.239578
0.506574 -0.123561 -0.135037 0.896940 -0.068461 -0.262154 0.747940 -0.619774 -0.127851 0.345185 0.415233 -0.317978 -0.269420 0.939528 0.116199 0.656494 -0.929561 0.085007 0.310968 0.068565 0.026680 -0.084416 -0.172582 -0.777463 0.015424 -0.213585
0.323328 0.479614 -0.259835 0.199919 0.008670 -0.048133 0.680879 -0.077944 -0.107985 0.599970 0.927300 -0.358684 0.133814 0.431249 0.120911 -0.358670 0.147482 -0.490419 0.375307 0.023454 0.044395 -0.085088 -0.027538 -0.641693 0.013901 -0.420891
0.669797 -0.097473 0.139401 -0.665257 0.146421 0.134570 1.111106 0.281636 -0.047521 0.509324 0.276567 0.026585 -0.253308 0.014149 -0.010173 0.296901 -0.095948 -0.658346 -0.029798 -0.126849 0.011572 -0.136337 0.289450 -0.196661 -0.001557 -0.313912
0.189310 0.329541 -0.215353 0.411773 -0.027620 -0.110217 0.517412 0.106334 -0.041595 0.644732 0.453209 -0.460728 -0.175886 0.238922 0.263869 -0.004038 -0.201143 -0.180404 0.383983 -0.125291 0.019756 -0.043015 0.063812 -0.377187 0.006354 -0.303441
-0.056414 -0.169193 0.057734 -0.279610 0.374347 -0.128544 0.405536 -0.234773 -0.036403 -0.353127 -0.284902 0.042068 -0.202069 -0.301739 -0.121211 0.029810 0.047772 0.291689 0.449390 0.283196 -0.095014 -0.029748 -0.074602 -0.127713 -0.011299 -0.025082
0.076519 -0.218959 -0.200847 -0.401815 0.279922 0.007283 0.855110 -0.326874 -0.095996 -0.193260 0.311597 -0.421826 0.019998 0.271517 0.099792 -0.478392 0.237915 -0.388539 0.967840 0.233262 -0.160331 -0.108644 -0.152858 -0.643453 -0.002502 -0.119353
0.347703 -0.096990 -0.315578 0.530971 -0.160541 -0.283066 0.206758 -0.457495 -0.205031 -0.030872 0.331008 -0.383497 -0.175730 0.276970 -0.049580 0.481772 -0.669275 -0.170241 0.085769 -0.064546 0.062429 -0.079936 -0.128961 -0.708670 0.007022 0.080569
0.366090 0.264706 -0.518547 0.383626 -0.128472 0.289854 0.391570 0.110761 -0.094336 0.427868 0.937681 -0.736743 -0.072019 0.311018 0.353455 -0.083341 0.237846 -0.588946 0.323817 0.178991 0.029506 -0.101924 -0.046005 -0.368287 -0.001211 -0.340440
0.393712 0.379578 -0.356567 0.118140 -0.030127 0.064668 0.488469 0.082116 -0.130823 0.437629 0.567804 -0.480765 -0.077000 0.028677 0.348949 -0.219052 -0.024588 -0.477070 0.020683 0.002844 0.037609 -0.101435 -0.074224 -0.390643 0.005145 -0.290263
0.238177 -0.356819 -0.108560 -0.419090 0.115365 -0.444823 0.582890 -0.328749 0.015998 -0.086737 -0.044448 -0.408592 -0.023448 0.167808 0.492897 -0.007078 0.176829 -0.190507 0.125461 0.255732 -0.014416 -0.024778 -0.086686 -0.243995 -0.002746 0.036722
0.203984 -0.313355 -0.106884 -0.436199 0.215949 0.074843 0.774948 -0.483764 -0.128073 -0.115627 0.210060 -0.530719 -0.008700 0.300704 -0.149525 -0.439764 0.144146 -0.435931 0.746011 0.006069 -0.215379 -0.121807 -0.097158 -0.758662 -0.006631 0.000669
0.302253 -0.570767 -0.313694 -0.130345 -0.242915 0.292122 0.464929 0.363456 -0.127588 0.366809 0.114802 -0.143721 -0.310826 0.336579 0.120642 0.244629 0.207187 -0.417741 -0.248136 0.045233 0.041829 -0.105361 0.177691 -0.009502 -0.000674 0.038806
0.023632 -0.308974 -0.326497 -0.465106 0.319179 -0.013947 1.029584 -0.166539 -0.184608 0.139233 0.282765 -0.243390 0.183710 0.134858 0.130555 -0.406816 0.266056 -0.568170 0.720474 0.176600 -0.043801 -0.138600 -0.092054 -0.795375 0.002110 -0.140973
0.070626 0.012070 0.103306 -0.317888 0.271841 -0.174025 0.775049 -0.231478 0.059784 0.116205 0.152222 -0.099314 -0.115447 0.118653 0.508638 -0.449286 -0.105242 -0.310500 0.903584 0.073738 -0.081214 0.003624 -0.324656 -0.419534 0.002418 -0.216812
-0.021752 -0.405984 -0.090355 -0.453525 0.148648 0.229576 0.051381 0.328022 -0.060190 0.090059 -0.435009 0.207128 -0.019880 0.017682 0.464930 -0.495556 0.292934 -0.416774 0.270690 -0.493032 -0.054915 -0.088946 0.097083 0.510610 -0.009977 0.039896
0.125347 0.097407 0.087708 -0.259132 -0.137646 0.068264 0.408879 0.190105 -0.161276 0.566521 0.248355 -0.273528 -0.225351 -0.236370 0.201534 0.124322 -0.132266 -0.464767 0.558588 -0.502671 -0.117159 -0.092635 0.140976 -0.045528 -0.015496 -0.070248
0.030799 0.284554 0.246469 -0.273260 -0.087730 0.205753 0.519100 0.363384 -0.241416 0.411718 0.161526 0.296992 -0.317860 -0.483990 0.350006 -0.092649 0.203087 -0.884716 0.623060 -0.793502 -0.116716 -0.163701 0.258847 0.257949 -0.025635 -0.135363
0.115383 0.233540 -0.086432 0.190585 -0.031076 -0.211659 0.518514 0.080703 -0.118305 0.524292 0.435729 -0.368123 -0.065392 0.189671 0.281013 -0.004413 -0.155239 -0.226545 0.289583 0.076749 0.011821 -0.044127 0.033730 -0.305820 0.003112 -0.234829
0.001987 0.295540 -0.153062 -0.080667 0.055911 -0.496992 0.198289 -0.350428 0.269374 -0.230856 -0.464957 -0.329453 0.545060 -0.316138 0.730712 -0.447509 0.648523 -0.173697 0.103634 -0.419129 -0.160241 0.037195 -0.151232 0.132653 -0.029805 0.018221
0.074127 -0.295821 -0.354333 -0.554011 0.241736 0.063620 1.069894 -0.211058 -0.151958 0.176211 0.310843 -0.425036 0.325055 0.165614 0.188676 -0.268613 0.203053 -0.388039 0.749957 0.224080 -0.042894 -0.144199 -0.060481 -0.763709 0.003350 -0.163537
0.309016 0.264288 -0.554082 0.501406 -0.057323 0.346631 0.361051 0.144279 -0.024594 0.449373 0.685158 -0.746614 -0.230351 0.279055 0.197801 0.067087 -0.005445 -0.336662 0.366642 0.185489 -0.000237 -0.047993 -0.012611 -0.308995 0.005823 -0.342321
-0.043278 -0.061243 -0.191534 -0.281305 0.191201 -0.297096 0.821706 -0.292251 -0.021428 -0.173167 0.047144 -0.236252 -0.024404 0.115932 0.247431 -0.146677 0.072313 -0.441325 0.245835 0.213227 -0.088259 -0.036202 -0.215528 -0.496534 -0.003557 -0.009622
0.214991 0.085425 0.346529 -0.204073 -0.082240 0.199925 0.502701 0.218354 -0.130533 0.220030 -0.162868 0.208455 -0.173662 -0.210570 0.322556 -0.443007 0.123402 -0.596924 0.314883 -0.599024 -0.179932 -0.164632 0.120729 -0.014363 -0.010638 -0.080041
0.280865 -0.007038 -0.001243 0.128372 -0.115241 0.130758 0.625054 0.050356 -0.071213 0.400043 0.161970 -0.630496 -0.250405 0.351842 0.011766 0.102002 -0.128303 -0.516409 -0.056362 0.194178 -0.009512 -0.043553 0.250471 -0.358236 0.004647 -0.106611
0.010418 -0.009273 0.161934 0.601913 -0.001487 0.024383 0.454699 0.297060 -0.123710 0.060528 0.388056 -0.255153 -0.625986 -0.158555 -0.002125 -0.009206 -0.689035 -0.315094 0.477248 -0.640151 -0.193223 -0.107824 0.091867 -0.348848 -0.032856 -0.029422
0.002462 0.016504 -0.028373 -0.029785 0.258860 -0.316548 0.249129 -0.200083 -0.199489 0.099973 0.086088 0.058637 0.257817 0.619460 0.213589 0.185255 -0.311817 -0.199517 0.335523 0.230646 -0.091986 0.030622 -0.052260 -0.884346 0.005714 -0.158444
-0.244122 0.139697 -0.014701 0.078197 0.179882 -0.180065 0.038269 0.136071 -0.051327 0.271061 -0.340087 0.342692 -0.008169 -0.366799 0.220820 -0.697934 0.023011 -0.657083 0.394379 -0.719249 -0.249120 -0.102892 0.095206 0.341979 -0.027330 0.019962
0.236561 -0.086174 -0.040113 0.101612 0.132292 0.153920 0.369373 0.100799 -0.119176 0.350244 0.442573 -0.249350 0.046255 0.024626 0.212339 -0.004200 -0.112571 -0.134502 0.137162 -0.016448 0.065779 -0.050821 0.038968 -0.204179 0.001357 -0.239855
-0.099808 0.097375 -0.049131 0.014760 0.122230 0.066170 0.301158 0.141599 -0.082322 0.162242 -0.035347 0.494369 -0.234587 -0.423687 0.306608 -0.318910 0.102604 -0.610436 0.543179 -0.709792 -0.168009 -0.114287 0.118968 0.317648 -0.025005 -0.074973
0.431442 0.293167 0.153587 -0.139427 0.054082 0.232070 1.090787 0.303855 -0.117957 0.792356 0.268424 -0.722364 -0.240506 0.486798 0.080755 0.189320 -0.363128 -0.618184 -0.057714 0.115514 -0.012607 -0.054638 0.238213 -0.523023 0.004198 -0.392402
-0.157618 -0.138119 0.072686 -0.015243 -0.082546 -0.132520 0.118947 0.139175 -0.003514 -0.069903 -0.439353 0.173524 -0.201977 -0.181004 0.333350 -0.360208 0.201227 -0.472684 0.455622 -0.707585 -0.147070 -0.107647 0.138973 0.265749 -0.016810 0.178701
-0.305743 -0.010789 -0.197866 0.313163 0.334925 -0.009236 -0.025505 -0.152886 0.049571 -0.082198 -0.185368 0.464999 0.024212 -0.228636 0.282152 -0.595665 -0.135403 -0.236543 0.361626 -0.556209 -0.121630 0.005277 -0.076745 0.395650 -0.017790 -0.020731
-0.260899 0.028341 -0.141844 -0.132485 0.379544 -0.417109 0.749425 -0.324585 -0.055224 0.034745 -0.041311 -0.244586 0.022612 0.334156 0.170928 -0.294900 0.097510 -0.189575 0.496300 0.284001 -0.073036 -0.107567 -0.137490 -0.282570 -0.009002 -0.112277
0.043800 0.080653 0.042121 0.388399 -0.417220 0.285270 0.707810 0.382676 -0.183502 0.347664 0.622787 -0.337751 -0.927935 -0.087432 0.146040 0.598150 -0.736230 -0.496852 0.689832 -0.559913 -0.148714 -0.169847 0.135772 -0.630957 -0.023254 -0.005755
0.005027 0.031069 -0.134062 -0.148636 0.223484 -0.187643 0.722396 -0.170072 0.012996 0.188108 0.327902 0.048140 0.132925 0.129695 0.336625 -0.207039 0.158486 -0.229798 0.745443 0.299099 -0.006584 -0.041459 -0.062643 -0.218771 0.002599 -0.280888
0.062970 -0.084712 -0.352474 -0.005666 0.646832 -0.575591 0.746115 -0.333765 0.058337 -0.210914 -0.312779 -0.411426 0.154018 0.444518 0.063232 0.060804 0.094488 -0.264950 0.428637 0.529965 -0.062768 -0.138542 -0.005017 -0.573824 0.001141 -0.215405
0.374884 0.448493 -0.025784 0.457481 -0.080141 -0.051873 0.440327 0.116691 -0.079188 0.485195 0.506630 -0.457626 -0.225091 0.133212 0.068291 0.104424 -0.492230 -0.278209 0.612835 0.008982 -0.030609 -0.097749 0.028585 -0.342279 0.010697 -0.346581
0.321364 -0.075903 -0.202610 0.084649 -0.272081 0.011122 0.412611 0.118435 -0.131486 0.305248 0.453172 0.008013 -0.697477 0.141218 0.098003 0.234657 -0.024149 -0.413308 0.044256 0.132956 -0.020649 -0.052385 0.028092 -0.272479 0.005430 -0.033769
-0.467924 -0.092048 -0.132597 0.836726 0.241038 -0.364464 -0.100101 -0.083796 -0.217894 -0.225735 -0.017740 0.090935 -0.156653 -0.254183 0.123522 -0.827746 -0.370193 0.005087 0.630690 -0.672275 -0.073944 -0.011132 -0.058613 0.146811 -0.025828 0.124972
-0.217329 -0.132174 -0.119613 -0.298965 0.036279 -0.293284 0.452720 -0.538032 -0.004683 -0.152273 -0.310096 -0.166531 -0.274166 0.265671 0.021575 -0.144744 -0.007121 -0.025689 0.630532 0.145597 -0.146367 -0.050932 -0.262350 -0.295698 -0.001102 0.182222
-0.211717 0.047058 0.017710 -0.203428 0.299811 -0.192509 0.769303 -0.276732 -0.020698 0.179539 0.098884 -0.098678 -0.060929 0.265761 0.335757 -0.420278 0.006777 -0.150037 0.717086 0.159940 -0.080498 -0.053188 -0.204531 -0.436690 -0.003192 -0.171785
-0.278778 -0.554915 -0.195062 0.099541 0.077053 -0.385604 0.420623 0.137034 -0.268712 -0.070763 -0.736300 0.164305 -0.086415 -0.094942 0.096516 -0.348399 0.017435 -0.722744 0.289885 -0.511385 -0.316294 -0.243655 -0.049191 0.180362 -0.024060 0.317726
0.411335 0.520592 -0.258758 0.355400 -0.195375 -0.102009 0.518235 -0.087728 -0.125933 0.395361 0.734923 -0.791353 0.089268 0.476649 0.039744 -0.211939 -0.191389 -0.257106 0.490074 0.004238 0.034151 -0.144751 0.064789 -0.560230 0.009963 -0.307121
-0.043655 -0.009277 -0.094074 -0.153000 0.222222 -0.324734 0.763086 -0.215071 -0.049901 0.092015 0.070697 -0.262751 0.082597 0.169776 0.217737 -0.234057 0.065477 -0.121908 0.623888 0.184756 -0.059970 -0.078418 -0.162294 -0.452806 -0.008688 -0.141174
0.352908 -0.450241 -0.586549 0.020336 -0.334156 0.272622 0.468556 0.282104 -0.128935 0.330380 0.503353 0.201330 -0.422001 0.289156 0.236365 0.208144 0.231445 -0.684049 -0.001020 -0.086067 0.048854 -0.126006 -0.146768 -0.025731 0.001027 -0.003312
0.149636 -0.243356 -0.207371 -0.613838 0.204972 0.086332 0.693115 -0.402685 -0.207429 -0.231211 0.025091 -0.394335 -0.122898 0.369376 0.002779 -0.428198 0.214513 -0.391212 0.565298 0.152989 -0.210881 -0.128295 -0.228177 -0.661699 -0.004118 0.028822
0.003147 0.330835 -0.017189 -0.313149 -0.045894 -0.044241 0.523815 0.008509 0.029556 0.173304 -0.050953 -0.240770 0.131825 -0.335217 0.459637 -0.649533 0.818212 -0.625677 0.070349 -0.494798 -0.196430 -0.009998 0.106504 0.162728 -0.020526 -0.050206
0.332583 -0.317552 -0.378771 -0.044742 -0.407284 0.234010 0.304826 0.304972 -0.013256 -0.112731 0.426036 -0.026677 -0.029169 0.068550 0.172618 0.226493 0.094935 -0.367753 0.275250 0.053106 -0.011280 0.059840 0.018129 0.158604 0.014889 0.001965
0.440730 0.006780 -0.165188 0.462127 0.086599 0.429024 0.541908 0.118614 -0.138779 0.534640 0.646145 -0.297086 -0.256977 -0.326734 0.080723 0.269068 -0.384592 -0.397253 0.216353 -0.450652 0.003042 -0.185375 -0.052924 -0.299498 -0.000068 -0.297020
0.635889 0.271524 -0.131277 0.067628 0.353613 -0.150822 1.215727 -0.062842 -0.204003 0.767818 0.168855 -0.742409 -0.328643 0.953336 0.084908 0.161144 -0.637795 -0.605559 -0.011310 0.295334 0.016326 -0.110644 0.224170 -1.022758 0.008183 -0.482125
0.291036 0.252174 0.303348 -0.292985 -0.058087 0.234893 0.658903 0.412374 0.070335 0.175188 -0.166015 0.276479 -0.391401 0.016816 0.167336 -0.285162 -0.107471 -0.674082 0.006204 -0.479581 -0.251175 -0.063437 0.143725 0.043947 -0.005300 -0.152765
-0.276859 0.195172 -0.325449 0.741756 0.144928 -0.066799 0.635483 0.045233 -0.152037 0.320676 -0.423519 0.046913 -0.324807 -1.291796 0.378031 -0.647183 -0.080316 -1.738076 1.051796 -1.175847 -0.404567 -0.312846 0.430427 0.314359 -0.062945 0.063892
0.452071 0.203345 -0.086101 -0.142146 0.162526 0.009692 0.493010 -0.018566 -0.218016 0.532167 0.452197 -0.222493 -0.135235 -0.312923 0.317499 0.001083 0.053354 -0.419138 0.220879 -0.426376 -0.007165 -0.124287 0.104196 -0.297757 -0.006648 -0.278292
-0.096350 -0.050172 -0.219320 -0.297882 0.192752 -0.150917 0.717990 -0.242837 -0.053510 -0.097317 0.150374 0.006806 -0.096815 0.125815 0.249145 -0.126973 0.088670 -0.491511 0.224536 0.209207 -0.081103 -0.037260 -0.065371 -0.498782 -0.003318 -0.035561
-0.274135 -0.233222 -0.266394 -0.245419 0.099134 -0.045107 0.645917 -0.248270 -0.100143 0.057716 0.151579 -0.045809 0.011424 0.216153 0.063806 -0.368641 -0.001998 -0.389171 0.314546 0.057955 -0.050290 -0.151528 -0.027393 -0.376277 -0.001797 0.077459
0.167724 -0.047976 -0.015162 -0.163154 0.294121 -0.271042 0.939299 -0.368019 0.060932 0.078093 0.182520 -0.370385 0.161448 -0.033465 0.326272 -0.231563 0.325604 -0.149028 0.872444 0.237150 -0.015938 -0.034368 -0.108612 -0.529913 -0.003079 -0.259634
-0.102689 -0.316674 -0.269318 -0.387466 0.082850 -0.124484 0.686813 -0.245738 -0.168660 0.084020 0.108085 -0.200101 0.016197 0.111775 0.127796 -0.322197 -0.057006 -0.159302 0.419324 0.043882 -0.049865 -0.153702 -0.008298 -0.409180 -0.001163 0.072339
0.336187 -0.326649 -0.418667 0.112131 -0.250479 -0.157590 0.459615 -0.216854 -0.180375 0.285175 0.030380 -0.653464 -0.362210 0.341168 0.027288 0.390159 0.027625 -0.321910 -0.172700 0.042316 -0.014692 -0.072200 0.127293 -0.673791 0.011945 0.160353
-0.219285 -0.197466 -0.221981 -0.125350 0.124748 -0.141800 0.929383 -0.359907 0.002214 -0.251965 0.154542 -0.356833 -0.185228 0.132477 0.204728 -0.240787 -0.175442 -0.328747 0.447842 0.303746 -0.067847 -0.055704 -0.124727 -0.588480 0.000358 0.062885
0.197485 -0.079026 -0.315712 -0.026506 -0.287614 0.137159 0.320140 0.315460 -0.006080 0.092035 0.374238 -0.052337 -0.335226 0.070887 0.131197 0.279297 0.016163 -0.533153 0.228599 -0.041921 -0.035120 0.022516 0.112973 0.018292 0.006850 -0.019914
0.081121 0.054213 0.079972 -0.245990 0.304462 -0.031799 0.697566 -0.262429 0.056030 0.170615 0.046014 -0.237271 -0.089825 0.106453 0.195083 -0.367901 0.008777 -0.190379 0.634613 0.202188 -0.080310 -0.013521 -0.171972 -0.474857 -0.003961 -0.216424
-0.173381 -0.082131 -0.142062 -0.188044 0.116881 -0.198188 0.737960 -0.340509 -0.072030 -0.163107 0.119671 -0.237777 -0.162779 0.182059 0.216278 -0.192430 0.063265 -0.258711 0.368463 0.190024 -0.076455 -0.043074 -0.191601 -0.708663 -0.005906 0.043311
0.098759 -0.059537 -0.376440 0.505939 -0.274845 -0.110663 0.362537 -0.130676 -0.005918 -0.074315 0.054994 -0.224294 -0.291000 0.508197 0.019478 0.281302 -0.431494 -0.110037 0.378847 -0.178670 -0.020175 0.042598 0.114055 -0.342701 0.004281 0.064515
-0.142664 -0.011122 -0.090180 0.326801 -0.002183 -0.090900 0.177092 -0.316067 0.008563 -0.140767 0.215982 -0.250849 -0.285339 0.327644 -0.008967 0.640846 -0.561584 -0.042528 -0.064793 -0.306836 -0.009559 0.019694 -0.079424 -0.484370 0.013330 0.118883
0.377694 -0.325264 -0.384152 0.320155 -0.307346 0.409040 0.388497 0.204207 -0.142900 0.577513 0.289556 0.175829 -0.500183 -0.037785 0.069932 0.235323 0.451224 -0.742457 -0.018920 -0.015121 0.034042 -0.027390 0.045609 0.103356 -0.000545 -0.064774
0.196042 -0.084404 -0.184002 0.222504 -0.008750 0.229874 0.308609 0.081623 -0.237987 0.122726 0.260312 -0.338379 -0.377899 0.111649 -0.016725 0.093032 0.029923 -0.476788 -0.095624 -0.098932 -0.093748 -0.148211 -0.003150 -0.295322 -0.003900 -0.027841
-0.016778 -0.134418 -0.073485 -0.151919 -0.131164 0.098492 0.641339 -0.076398 -0.124084 0.439798 0.747564 -0.068046 0.258194 0.180631 0.323575 -0.224000 0.222483 -0.174596 -0.067599 -0.129388 -0.132183 -0.084644 -0.052918 -0.272288 -0.008840 -0.096492
-0.087101 -0.074524 -0.265913 -0.044004 0.351799 -0.522821 0.719952 -0.380446 -0.050331 -0.168773 0.209021 -0.094195 0.014471 0.356172 0.214959 -0.099813 0.102507 -0.299976 0.757593 0.240946 -0.021662 -0.160216 -0.230831 -0.250737 -0.002322 -0.134953
0.467303 -0.352562 -0.360622 0.001441 -0.233338 -0.248400 0.499346 0.011658 -0.136814 0.235024 0.345112 -0.310639 -0.334321 0.288289 -0.077586 0.388253 0.162360 -0.433888 -0.109813 0.178933 -0.008022 -0.040217 0.010916 -0.409761 0.010711 0.049649
-0.074743 -0.027035 -0.152702 -0.067102 0.385882 -0.335751 0.650283 -0.250637 -0.032264 0.114211 -0.127866 -0.182738 0.212967 0.068068 -0.046069 -0.235296 0.114440 -0.317535 0.526986 0.382037 -0.058711 -0.147725 -0.210988 -0.236349 -0.003535 -0.156257
-0.129802 -0.179346 -0.271839 -0.442619 0.213996 0.016389 0.663069 -0.322313 -0.060591 0.220099 0.008818 -0.179437 -0.010570 0.022659 0.233140 -0.212174 0.261037 -0.389127 0.403331 0.161709 -0.020475 -0.075459 -0.056801 -0.399030 -0.005124 -0.023506
0.083899 -0.035573 -0.309433 0.060607 0.542122 -0.597344 0.685078 -0.309440 0.021891 -0.250661 -0.431128 -0.362397 0.247103 0.377230 0.145387 0.087326 0.105993 -0.229010 0.430904 0.555128 0.017412 -0.085051 0.016952 -0.529030 0.004556 -0.204245
0.036541 -0.182120 -0.276394 -0.363343 0.215193 0.038118 0.756561 -0.170072 -0.181983 -0.164140 0.188700 -0.081993 -0.017079 0.174357 0.165021 -0.425803 0.250494 -0.384202 0.839116 0.212971 -0.119601 -0.115563 -0.175723 -0.610426 0.000810 -0.110177
0.133694 -0.169178 -0.006429 -0.017398 -0.253182 0.280543 0.403112 0.115726 -0.106969 0.455717 0.500704 0.339415 -0.784454 0.069083 0.036082 0.072715 0.022272 -0.397932 0.167453 -0.135583 -0.075005 -0.125064 0.077275 -0.199441 -0.002238 -0.008101
0.494726 -0.505181 -0.557396 0.339298 -0.341878 0.292522 0.620334 0.380534 -0.221142 0.494258 0.499707 0.039574 -0.778048 -0.022956 0.204388 0.529377 0.525565 -1.105674 -0.139166 0.028671 0.028700 -0.171331 -0.004174 0.074262 -0.006739 -0.029223
0.608971 -0.407814 -0.839843 0.272457 -0.368484 0.293421 0.579185 0.475024 -0.171142 0.471087 0.584701 0.226679 -0.650824 0.057283 0.253452 0.427897 0.590371 -1.154052 -0.048197 -0.088664 0.058532 -0.153012 -0.003562 0.176356 0.002103 -0.105145
-0.068202 -0.350242 -0.197499 -0.419202 0.603586 -0.214668 0.756668 -0.558287 -0.129966 -0.211076 -0.164339 0.044916 0.114176 -0.073077 0.011049 -0.120895 0.222325 0.180256 0.463209 0.667277 -0.113148 -0.166392 -0.160167 -0.140617 -0.015812 -0.132484
0.226837 0.045056 -0.308095 -0.040745 0.747199 -0.825658 0.995109 -0.511416 0.005017 -0.199376 -0.037765 -0.431689 -0.107966 0.351475 -0.043745 -0.121201 0.195033 -0.457609 0.885437 0.368238 -0.085286 -0.236591 -0.057889 -0.600312 -0.002914 -0.290529
-0.060100 -0.276535 -0.235947 -0.406362 0.094894 -0.021069 0.595715 -0.235293 -0.089116 0.007002 0.065935 -0.136853 -0.162368 0.279088 0.008133 -0.275458 -0.058753 -0.380517 0.446878 0.239714 -0.086674 -0.098310 -0.083537 -0.313098 -0.000297 0.057542
0.187153 -0.211349 0.200065 -0.054081 0.198094 0.327537 1.095616 0.209712 -0.248521 0.497309 0.179854 -0.390234 -0.099702 0.018505 0.098974 0.419683 0.141231 -0.226095 0.081143 -0.175235 -0.201873 -0.170689 -0.000837 -0.411349 -0.009931 -0.262442
-0.241207 0.382509 -0.372008 0.901991 0.137845 -0.699329 0.230841 -0.578832 -0.021958 -0.132726 0.004390 -0.428539 0.375517 0.632389 0.088258 0.492369 -0.605140 -0.045656 0.625925 -0.013382 -0.123689 0.014456 -0.279083 -0.851862 -0.008220 -0.078258
-0.147328 -0.199293 -0.092737 -0.222480 0.005981 0.152616 0.468149 0.214288 -0.114723 0.095125 -0.001200 0.187211 -0.028310 0.019455 0.432212 -0.141974 -0.071201 -0.469598 0.218698 -0.498764 -0.199796 -0.053258 0.098397 0.227684 -0.018194 0.015913
0.051988 -0.189245 -0.255574 -0.530976 0.144234 0.100844 0.574091 -0.235925 -0.124187 -0.151018 -0.023228 -0.176239 -0.196202 0.329199 0.015772 -0.307545 0.123409 -0.420902 0.441864 0.274561 -0.138097 -0.085569 -0.204317 -0.400545 -0.001168 0.019770
-0.129061 -0.296530 -0.103074 -0.277955 0.341478 -0.261691 0.526017 -0.244024 -0.093699 0.037690 -0.117105 -0.152045 0.237126 -0.197829 0.001944 -0.191922 0.326960 -0.228275 0.559869 0.203584 -0.064405 -0.118425 -0.139649 -0.508204 -0.009901 -0.009712
0.250624 0.129880 -0.356616 0.567627 -0.023809 0.006059 0.381255 0.023571 0.033536 0.312098 0.261666 -0.620821 -0.065240 0.483880 0.153887 0.065670 -0.181967 0.143665 0.375307 0.072814 0.069833 -0.061762 0.153657 -0.313359 0.005676 -0.267059
-0.431232 -0.282850 0.013387 -0.484097 0.432111 -0.054047 -0.662646 0.043569 0.099690 -0.142891 -0.678570 0.360633 0.346796 0.189826 -0.219247 -0.232230 0.437348 0.080869 -0.509880 0.029304 0.096151 -0.143774 0.124887 0.492742 0.011620 0.172734
0.231746 0.128855 -0.423181 0.038113 0.623566 -0.706344 0.855403 -0.271937 -0.038995 -0.101573 -0.053188 -0.246014 0.002990 0.385752 0.157089 -0.075419 0.033468 -0.419546 0.827610 0.246597 -0.030997 -0.131437 -0.061739 -0.332748 -0.001938 -0.346072
0.139861 -0.216122 -0.272721 -0.557437 0.201681 -0.037050 0.831365 -0.229560 -0.171821 -0.107670 0.132978 -0.290715 0.297095 0.238017 0.252687 -0.330663 0.175931 -0.328635 0.722332 0.136169 -0.055995 -0.117246 -0.094098 -0.519470 0.000613 -0.114542
0.144297 0.297190 -0.130897 0.479920 -0.103212 0.040865 0.252386 0.260978 0.003882 0.406739 0.478123 -0.273302 -0.086935 -0.103356 0.227938 0.082682 -0.274421 -0.088522 0.411327 -0.235578 0.040240 -0.038422 0.054960 -0.246219 0.010261 -0.251759
0.390739 0.032640 -0.258389 0.515618 0.047822 -0.228334 0.292970 -0.285070 -0.238437 0.108198 0.431169 -0.275710 0.019901 0.471934 -0.120758 0.449376 -0.642933 -0.321821 0.342200 0.035786 -0.068640 -0.103922 -0.050955 -0.966301 0.004599 -0.146207
0.170325 0.250835 -0.309162 0.224044 -0.030418 -0.024616 0.310386 0.023721 -0.016730 0.269142 0.281596 -0.609435 0.012096 0.004337 0.036519 0.272079 -0.257330 -0.017279 -0.189676 -0.005108 -0.028808 -0.119499 0.130112 -0.195289 0.001221 -0.133431
-0.947224 0.522667 -0.316692 0.611407 0.215424 -0.840914 0.052251 -0.653982 0.307920 -0.028851 -0.868504 -0.297525 0.766972 -0.136163 0.728169 -0.170048 0.077287 -0.423671 0.869524 -0.117966 -0.327723 -0.047687 -0.406432 -0.136591 -0.052806 0.102175
0.003762 -0.113670 -0.237408 -0.070502 0.545325 -0.927869 0.652580 -0.369745 -0.006473 -0.323003 -0.046294 -0.053142 -0.119039 0.288741 0.030190 -0.353187 0.153534 -0.527551 0.837134 0.275172 -0.140793 -0.163809 -0.195028 -0.422581 0.001016 -0.079514
0.362977 0.254587 -0.271471 0.522919 0.216092 0.002021 0.948761 -0.026818 -0.062832 0.954081 0.441769 -0.769016 -0.333706 0.729277 0.029151 0.028242 -0.582722 -0.410239 0.024866 0.346909 0.033586 -0.106965 0.162024 -0.609233 0.003726 -0.453902
-0.002682 0.020417 0.086815 -0.349650 0.276623 0.052436 0.741052 -0.179771 0.077531 0.244705 0.041351 -0.148609 -0.181465 0.186925 0.143499 -0.473660 -0.071357 -0.211502 0.712770 0.107405 -0.105381 0.009805 -0.145049 -0.455270 -0.005509 -0.190387
0.115187 0.483208 -0.210726 0.711221 -0.104510 0.031145 0.250999 0.325438 0.064812 0.499288 0.524343 -0.463363 -0.142629 -0.204528 0.255729 0.289480 -0.415226 -0.103636 0.460917 -0.177146 -0.051482 -0.099155 -0.006667 -0.315938 0.009198 -0.317584
0.086845 -0.033608 -0.072613 -0.064722 0.194163 -0.215261 0.553267 -0.246800 0.002391 0.017521 -0.028066 -0.250070 0.143739 0.032855 0.107599 -0.104283 0.184969 -0.330540 0.436034 0.313711 -0.059621 -0.048554 -0.099497 -0.155969 -0.007108 -0.126195
0.032899 0.033018 0.292204 -0.388735 0.058166 0.088102 0.808699 -0.099521 -0.064020 0.356934 0.248988 -0.033810 0.402541 -0.159426 0.371120 -0.225443 0.268016 -0.346762 -0.001899 -0.392764 -0.076217 -0.121575 0.014280 0.008111 -0.015510 -0.151624
0.186436 -0.181447 -0.492613 0.295240 -0.291184 0.239950 0.416260 0.209980 -0.044197 0.021282 0.370429 -0.058134 -0.431640 -0.029924 0.200329 0.258681 0.370615 -0.605046 0.147365 0.080854 0.069748 -0.105639 0.020021 0.163437 0.000470 -0.019872
-0.164546 -0.014140 -0.078873 -0.079176 0.287025 -0.444048 0.468352 -0.218428 0.009217 -0.154095 0.082067 -0.011967 -0.143382 0.138925 0.133184 0.037026 0.090733 -0.095564 0.674832 0.237124 -0.071352 -0.024132 -0.199632 -0.245965 -0.000677 -0.085954
0.204119 -0.100002 -0.313914 0.236381 -0.113194 0.099064 0.312295 0.151249 -0.175161 0.137439 0.422408 -0.157918 -0.533718 0.275376 0.023432 0.073452 0.041819 -0.494569 0.030103 0.073758 0.006366 -0.095258 -0.029028 -0.295534 0.003929 -0.037316
-0.026534 -0.153823 -0.184063 -0.231975 0.293081 -0.136553 0.638915 -0.213326 -0.083167 -0.077323 0.146717 0.013808 0.028766 0.101766 0.230516 -0.098236 0.067223 -0.538947 0.397717 0.215235 -0.024719 -0.073400 0.052650 -0.424524 0.002208 -0.095957
-0.121015 -0.004310 -0.172059 -0.101594 0.232960 -0.366964 0.513828 -0.350878 0.001958 -0.011042 0.114989 -0.025053 -0.022695 0.384486 0.362331 -0.137638 0.066606 -0.226321 0.450684 0.176734 -0.017209 -0.059499 -0.105133 -0.245906 0.002149 -0.096059
-0.118257 -0.226033 -0.204297 -0.238165 -0.013166 0.096993 0.471045 -0.142763 -0.054662 0.000550 0.088747 -0.027685 -0.031949 0.210051 -0.006920 -0.207148 -0.135452 -0.437103 0.381515 0.146055 -0.066755 -0.083348 -0.094059 -0.266155 -0.000664 0.070242
0.096416 0.082200 0.021297 -0.382520 -0.085278 0.012999 0.680685 0.087932 -0.100543 0.286125 0.009240 -0.297795 0.012494 -0.097262 0.303116 0.358569 -0.136960 -0.444418 0.089466 -0.137068 -0.049592 -0.077239 0.060443 -0.110795 -0.003706 -0.059924
0.017673 0.367390 -0.185943 0.366363 0.056355 0.269783 0.603672 0.092517 -0.067992 0.967563 0.410981 -0.442545 -0.227728 0.590833 -0.148517 -0.109502 -0.415955 -0.224006 0.072868 0.109027 -0.006546 0.010496 0.107471 -0.296023 0.007127 -0.346751
-0.349519 0.036344 -0.166727 0.624018 0.077531 -0.195492 0.214476 -0.100794 -0.126842 0.001686 -0.424170 0.106528 -0.054697 -0.686733 0.262378 -0.562877 0.053324 -1.070739 0.541489 -0.697216 -0.315657 -0.208379 0.239127 0.229494 -0.036956 0.164860
0.110981 -0.232463 -0.362315 0.364613 0.159461 -0.726720 0.649027 -0.483824 -0.054048 -0.336475 0.143112 -0.497608 0.164747 0.824517 0.172460 0.415692 -0.704684 -0.327251 0.481588 0.607648 -0.106243 -0.048569 -0.154540 -0.941263 0.012508 -0.024115
-0.298668 0.220968 0.191078 0.261265 0.121796 -0.460967 0.191398 -0.629933 0.172878 -0.315166 -0.572005 -0.203867 0.656192 -0.250680 0.575368 -0.040051 0.302544 0.040344 0.618043 -0.389138 -0.159877 -0.051805 -0.213665 0.134867 -0.022532 0.030803
-0.046300 -0.010397 0.150088 0.317829 0.242545 0.188888 -0.399532 -0.096882 0.135465 0.202256 -0.174764 0.608735 0.347771 0.025947 0.186294 0.378675 0.123456 -0.299682 0.076148 0.242837 0.110059 -0.131357 -0.040780 0.236013 0.002874 -0.213222
0.225118 -0.362643 -0.094909 -0.311940 0.151637 0.115701 0.393297 -0.376763 -0.138617 -0.270631 0.198640 -0.395243 0.210305 0.065528 -0.130243 -0.395873 0.211653 -0.369326 0.516464 0.238439 -0.137646 -0.139480 -0.143793 -0.643889 -0.004705 0.029910
0.123199 -0.253057 -0.135973 -0.325062 0.205741 0.043091 0.369061 -0.230703 -0.049011 -0.276560 0.029372 -0.324688 0.320756 0.169236 0.043090 -0.409736 0.346931 -0.223689 0.445086 0.227071 -0.095447 -0.089577 -0.110583 -0.496668 0.004857 -0.035623
0.182856 0.047885 -0.166030 0.274028 -0.061417 0.026606 0.440540 0.069441 -0.152674 0.233352 0.420199 -0.217417 -0.476101 0.264854 0.020663 0.173672 0.231603 -0.366534 0.031589 0.150142 0.035066 -0.129426 -0.022091 -0.300973 0.009856 -0.128207
0.260817 -0.499165 -0.032130 -0.269940 0.084122 0.416072 0.577531 0.493364 -0.094490 0.243972 0.288953 0.106381 -0.516338 0.017123 0.061418 0.745946 0.159838 -0.432913 -0.319776 -0.348822 0.092356 0.023473 0.223047 0.038342 0.003310 -0.080740
0.068763 -0.012228 -0.036556 -0.190125 0.115580 -0.211618 0.592691 -0.203421 -0.038317 0.025447 0.116744 -0.183711 0.171371 0.124037 0.215724 -0.111604 0.065403 -0.119561 0.443838 0.126096 -0.045019 -0.084847 -0.141129 -0.216897 -0.003337 -0.122293
-0.144900 -0.106173 0.058624 0.028477 0.356378 -0.060123 -0.578674 -0.131780 0.055849 0.256350 -0.135914 0.289953 0.109233 0.066067 0.168390 0.174135 0.320211 -0.185413 -0.007871 0.280187 0.029521 -0.112403 -0.088073 0.214696 -0.004308 -0.087664
0.116664 0.191096 -0.465528 0.583706 -0.076714 0.102832 0.404322 0.222283 -0.026260 0.301784 0.397475 -0.620531 -0.183788 0.276437 0.172974 0.177229 -0.142013 0.179938 0.433916 -0.140918 0.032066 -0.013125 0.104442 -0.264316 0.011018 -0.248319
0.286281 0.542795 -0.003307 0.654579 -0.124590 -0.158034 0.155097 0.021758 -0.017892 0.485058 0.554891 -0.608054 0.057870 0.355850 -0.170726 0.167552 -0.709923 -0.024102 0.555012 0.011070 -0.090373 -0.120856 -0.082812 -0.312459 0.009910 -0.315378
0.331066 -0.197212 -0.188785 -0.265471 0.539614 -0.813931 0.668561 -0.325874 0.057302 -0.302239 -0.130714 -0.374704 0.092910 0.186239 -0.035586 -0.044089 0.149100 -0.326295 0.498846 0.269973 -0.041652 -0.170750 0.019532 -0.430314 -0.003880 -0.120017
0.121463 0.167657 -0.002466 -0.272603 0.547976 0.081567 0.687182 -0.350890 0.208722 0.305866 0.006276 0.152366 -0.107628 0.263436 0.152663 -0.374222 0.005994 -0.285998 0.915660 0.043116 -0.095180 0.117040 -0.191277 -0.329944 0.001830 -0.399661
-0.214363 0.070829 -0.150618 0.548463 0.163036 -0.822302 0.376974 -0.607806 -0.049574 -0.119565 0.195032 -0.415260 0.261257 0.945021 0.201964 0.438806 -0.680142 -0.065833 0.686463 0.399729 -0.092773 0.002377 -0.203399 -1.165390 0.006101 -0.050800
-0.116317 0.099826 0.083153 0.296220 0.331179 0.061589 -0.288525 0.035223 0.098728 0.394804 -0.122901 0.493157 0.465252 -0.047545 0.079242 0.094169 0.111781 -0.255438 -0.029783 0.239159 0.181159 -0.076722 -0.010423 0.022398 0.011979 -0.260517
-0.038122 0.042832 0.168002 -0.312491 0.042530 0.071401 0.419338 0.248012 -0.167309 0.351055 0.257721 -0.246096 -0.214647 -0.027560 0.211415 0.172625 -0.228298 -0.081927 0.031789 -0.389452 -0.200749 -0.076043 0.098989 -0.289099 -0.011577 -0.060545
0.099036 -0.001877 -0.426620 0.066835 0.631975 -0.557148 0.604354 -0.357742 0.004114 -0.184220 -0.153478 -0.321705 0.147523 0.416547 0.317408 -0.060507 0.020484 -0.198419 0.620821 0.489658 0.035994 -0.165128 -0.053148 -0.349532 -0.002375 -0.289592
-0.302389 0.202626 -0.254499 0.706829 0.206954 0.105371 -0.336523 -0.137029 -0.019431 -0.056823 0.079194 0.086364 0.160848 -0.112404 0.105441 -0.532371 -0.097455 0.054905 0.342938 -0.387715 -0.003276 0.058991 -0.086199 0.274947 -0.017084 -0.082231
0.103491 -0.158374 -0.147503 -0.242690 0.258397 0.001011 0.723829 -0.178893 -0.020847 -0.139636 0.248182 -0.388771 0.041453 0.089331 0.073433 -0.478446 0.295952 -0.323109 0.800541 0.230826 -0.086127 -0.041670 -0.039456 -0.389959 -0.005367 -0.152916
0.018434 -0.152822 -0.302765 -0.521922 0.221636 0.027931 0.864508 -0.218497 -0.192184 -0.103808 0.073881 -0.188162 0.263046 0.224684 0.314462 -0.250553 0.200110 -0.402350 0.749801 0.146436 -0.035502 -0.135103 -0.088047 -0.551417 0.000575 -0.126275
0.445862 -0.271066 -0.199267 0.018612 0.091841 0.390635 0.454604 0.493152 -0.166447 0.719057 0.272964 0.026818 -0.729177 0.191060 -0.071903 0.143625 0.186295 -0.962175 0.083237 0.309499 -0.020933 -0.084890 0.189779 -0.197383 0.013634 -0.249171
0.388579 0.273232 -0.186749 0.722537 -0.225775 -0.150636 0.237680 -0.666491 -0.038127 0.319255 0.358725 -0.419869 -0.304503 0.743326 -0.717258 0.781493 -1.456914 0.281494 0.844578 -0.511362 -0.133552 -0.077133 -0.348959 -1.281462 0.010051 -0.027431
0.224885 0.136023 -0.245235 0.478642 0.182391 -0.262873 0.634299 -0.052701 0.006786 0.181023 0.246028 -0.302192 -0.036111 0.294233 0.015393 0.054808 -0.382454 -0.104733 0.290340 0.184188 0.094668 -0.039933 0.096543 -0.290566 -0.000019 -0.285163
0.224895 0.035929 -0.219010 -0.022132 0.459002 -0.620167 0.631223 -0.148431 0.018738 -0.168045 -0.158266 -0.104907 0.116685 0.325978 0.133721 -0.092429 0.054523 -0.384268 0.663405 0.222089 -0.023396 -0.074329 -0.012488 -0.200654 -0.002590 -0.252938
0.242663 -0.077696 -0.265010 0.003446 -0.130353 0.104873 0.340348 0.238361 -0.120304 0.258043 0.324632 -0.197131 -0.425460 0.027493 0.091487 0.096243 -0.092945 -0.545084 0.225724 -0.106564 -0.036513 -0.057177 0.050984 -0.162423 -0.002831 -0.043368
0.441474 -0.400086 -0.295241 -0.055715 -0.159568 -0.158923 0.529769 0.199836 -0.073168 0.349380 0.614902 0.179730 -0.451768 0.258474 -0.119932 0.403361 0.326231 -0.507991 -0.059882 0.112503 0.050703 -0.033888 -0.089712 -0.148122 0.011445 -0.060307
0.236706 -0.192891 -0.577582 0.410082 -0.195308 0.382927 0.302060 0.433149 -0.030913 0.316333 0.469860 0.224490 -0.463599 0.003687 0.127536 0.245772 0.497848 -0.728291 0.069286 0.106466 0.146044 -0.060609 0.006592 0.266129 0.005817 -0.159346
0.135220 -0.213507 -0.195622 0.093747 0.356921 -0.396636 0.820952 -0.224346 -0.086087 -0.003900 -0.095143 0.151314 0.035314 0.022583 -0.115357 -0.477724 0.269842 -0.149905 0.759908 0.392273 -0.133059 -0.098592 -0.253312 -0.243356 -0.003905 -0.197680
-0.091658 -0.168438 -0.013823 -0.013862 0.154958 -0.129844 0.478281 -0.091226 -0.022869 -0.092847 0.007390 -0.136957 0.067812 -0.057255 0.187572 -0.098638 0.173555 -0.294326 0.494283 0.117484 -0.039843 -0.012485 -0.042578 -0.319565 -0.010655 -0.038724
0.347075 0.064743 -0.284177 0.530085 -0.028351 -0.231476 0.718729 -0.178545 -0.107331 -0.064102 0.217857 -0.254765 0.013670 0.339835 -0.039073 0.215499 -0.221858 -0.023027 0.338365 0.164512 0.022096 -0.042350 0.220443 -0.559324 -0.003929 -0.201892
0.165953 0.036668 0.181817 -0.364799 -0.133171 0.030458 0.593032 0.097334 -0.121703 0.534774 0.654029 -0.087297 0.208544 -0.058223 0.078580 -0.401759 0.490228 -0.423805 -0.074942 -0.038552 -0.123527 -0.113051 -0.082360 -0.342636 -0.005575 -0.132862
0.420522 -0.293748 -0.768779 0.287373 -0.252416 0.468595 0.498718 0.492208 -0.106028 0.995933 0.680348 0.266966 -0.555042 0.089441 0.068654 0.511101 0.444898 -1.070948 0.007300 -0.180621 0.162075 -0.094672 0.005780 0.158564 0.001084 -0.214857
0.327142 -0.017321 -0.316023 0.515482 0.034850 -0.225184 0.751868 -0.325861 -0.054356 0.045437 -0.101473 -0.419647 0.202749 0.523986 -0.009499 0.374340 -0.088085 -0.213006 0.307479 0.284675 -0.015553 -0.113743 0.147274 -0.903790 0.004057 -0.176438
0.083083 -0.095931 -0.158376 0.013215 0.198587 -0.223797 0.790158 -0.169295 -0.065965 -0.097374 -0.008256 -0.192931 0.055609 0.211511 0.169405 -0.112876 0.076758 -0.286503 0.736406 0.326339 -0.023813 -0.128157 -0.149457 -0.356752 -0.002168 -0.168641
-0.017835 -0.168923 0.015650 -0.118710 0.247697 -0.127055 0.404203 -0.034443 -0.028105 -0.158319 0.053685 -0.093355 0.210527 0.232054 0.158402 -0.237266 0.321187 -0.146273 0.605397 0.413845 0.048904 -0.037104 -0.072760 -0.241453 0.009698 -0.161380
0.105549 -0.227542 -0.208471 -0.314894 0.271208 -0.064926 0.824836 -0.344424 -0.042361 -0.142321 0.316175 -0.334593 -0.037033 0.295202 0.162879 -0.288048 0.259155 -0.326027 1.000470 0.211793 -0.144559 -0.110735 -0.183417 -0.570171 -0.003985 -0.145475
0.415046 -0.214975 -0.542387 0.137829 -0.255702 0.142224 0.514250 0.212796 -0.124775 0.054835 0.432142 0.069257 -0.528766 0.036784 0.259838 0.274190 0.504430 -0.830951 -0.043607 -0.083670 -0.013320 -0.111222 -0.011748 0.091779 0.001717 -0.035215
0.090291 -0.150667 -0.264303 -0.406361 0.171570 -0.009325 0.674556 -0.135010 -0.195304 -0.179391 0.075147 -0.005278 0.095828 0.168441 0.230171 -0.381357 0.199134 -0.342362 0.717347 0.161428 -0.072599 -0.103526 -0.147041 -0.447588 0.000685 -0.104570
-0.024094 -0.120577 -0.122821 -0.241125 0.372779 -0.284531 0.567243 -0.259696 -0.053513 -0.099131 -0.168147 -0.251543 0.056013 0.207865 0.024132 -0.079072 0.166770 -0.359551 0.142576 0.131614 -0.085909 -0.056781 -0.147063 -0.311786 0.000639 -0.032533
0.117424 0.095767 -0.029159 -0.065381 0.159623 -0.061612 0.593187 -0.114026 -0.032665 0.372980 0.489506 -0.094377 0.098615 -0.001031 0.052607 -0.289765 0.137466 -0.420969 0.135415 0.252846 0.030341 -0.095040 0.085082 -0.024889 -0.011420 -0.243466
0.144670 0.083889 -0.253996 0.383394 0.027273 -0.120235 0.322860 -0.042522 0.014892 0.413727 0.074323 -0.414257 -0.145139 0.376447 0.082541 0.038994 -0.225025 0.009397 0.090008 0.124955 0.024125 -0.039550 0.063513 -0.335254 0.003444 -0.157416
0.074758 -0.129557 -0.422271 0.078359 -0.189072 0.158810 0.286411 0.271143 -0.053196 0.865080 0.435714 0.298598 -0.491105 0.285478 0.166648 0.205066 0.355806 -0.546639 0.090984 -0.250116 0.114774 -0.094438 -0.116490 0.178865 0.000427 -0.109955
0.043787 -0.268109 -0.172743 -0.382280 0.182142 -0.165908 0.631482 -0.700644 -0.043357 -0.020623 0.028813 -0.043199 0.067703 -0.142337 0.072200 -0.233087 0.137207 0.408272 0.401677 0.123186 -0.161200 -0.080209 -0.197018 -0.265961 -0.009950 0.017244
0.279881 -0.147121 0.125099 -0.267416 0.271569 0.106959 0.479610 0.088721 -0.221213 0.216367 0.116404 0.120732 -0.052338 0.285002 0.187987 0.589196 -0.329150 -0.315420 -0.023954 -0.137643 -0.105813 -0.022630 0.000135 -0.623801 0.000384 -0.199928
0.099141 -0.358569 -0.025589 0.092657 -0.067575 0.243313 0.458795 0.294484 0.063628 0.252979 0.308208 -0.194152 -0.337942 0.026786 0.137316 0.247621 0.020234 -0.657082 0.109529 0.112802 -0.024672 -0.036787 0.049773 0.146966 0.001093 -0.049474
-0.077519 -0.136714 -0.252716 -0.343916 0.444705 0.065236 0.770964 -0.165116 -0.027993 0.211885 -0.000026 -0.189949 0.035493 0.019981 0.111416 -0.250011 0.203510 -0.244737 0.411704 0.295311 -0.028596 -0.094052 -0.110169 -0.566415 -0.000798 -0.186944
0.059824 -0.065237 -0.053317 -0.383884 0.188071 0.104017 0.405846 -0.163506 -0.096699 -0.145599 0.213021 -0.132236 -0.246112 0.159026 0.013066 -0.389259 0.017425 0.015733 0.468494 0.065443 -0.075315 -0.016576 -0.040293 -0.286691 -0.001279 -0.067572
0.283587 -0.269868 -0.349683 0.015039 -0.360199 0.053979 0.406798 0.242696 -0.146181 0.197791 0.594301 0.214407 -0.491142 0.150567 0.051042 0.290739 0.081281 -0.466722 0.158371 0.096451 0.014836 -0.014450 -0.029676 -0.139246 0.011324 0.004022
0.006473 -0.139839 -0.155742 -0.314611 0.061084 0.176668 0.331114 -0.021867 -0.070620 -0.051532 0.090133 -0.035573 -0.149174 0.124137 0.009336 -0.282467 -0.122132 -0.143953 0.403303 0.199792 -0.051470 -0.024110 -0.131707 -0.210153 0.000960 -0.020081
0.174161 -0.141306 -0.131764 -0.485808 0.162734 0.105212 0.561679 -0.420852 -0.137553 -0.268311 0.134350 -0.325856 0.146606 0.321402 -0.161425 -0.299742 0.239553 -0.481415 0.582373 0.187417 -0.207093 -0.145277 -0.236743 -0.660880 -0.006326 -0.011436
0.038320 0.136562 -0.053569 -0.024163 0.343520 -0.239929 0.684473 -0.260428 0.094214 0.070578 0.304650 0.099626 0.019413 0.214524 0.277035 -0.221276 -0.022699 -0.231246 0.640138 0.311589 -0.008111 -0.050155 -0.101804 -0.319229 -0.000250 -0.314830
0.012761 0.124271 0.298264 -0.018865 -0.022251 0.135418 0.416570 0.119833 -0.069883 0.214305 -0.048360 0.172909 -0.120613 -0.154978 0.029536 -0.355370 0.271868 -0.639574 0.308487 -0.557173 -0.175767 -0.167588 0.139721 -0.005390 -0.008443 -0.049294
-0.191565 0.041277 -0.070339 -0.049092 0.295693 -0.406331 0.496249 -0.261900 0.038222 -0.200724 -0.062180 -0.062759 -0.246696 0.213187 0.080793 -0.009350 -0.091257 -0.061542 0.582672 0.275845 -0.062348 -0.027948 -0.216373 -0.157239 -0.005812 -0.063670
-0.237687 0.188788 -0.103453 0.383260 0.233406 -0.113454 0.361517 0.071507 -0.080249 0.312984 -0.341222 0.203043 -0.001838 -0.593305 0.247534 -0.795947 -0.001128 -0.904152 0.688290 -0.757538 -0.303287 -0.167436 0.194294 0.274691 -0.036604 -0.057891
-0.245690 0.240491 0.103611 -0.241021 0.478376 -0.130166 -0.434011 0.038508 0.109360 0.078358 -0.571513 0.494062 0.196065 -0.012908 -0.241610 -0.158918 0.229209 0.070963 -0.159900 0.267821 0.050962 -0.100073 -0.007757 0.203281 0.003287 -0.117011
0.354263 0.171201 -0.119298 0.509579 -0.137569 -0.160791 0.451871 -0.301924 -0.129215 0.294320 0.313528 -0.141729 -0.587338 0.651456 -0.453150 0.464183 -1.015166 0.008972 0.927618 -0.481287 -0.011497 -0.001054 -0.107174 -1.266744 0.014283 -0.082426
0.167661 -0.226308 -0.085229 -0.057487 0.194880 -0.178958 0.197521 -0.225456 -0.128028 -0.018907 0.016375 0.046048 0.120293 0.299133 0.204705 0.358556 -0.410504 -0.205758 0.020532 0.253943 -0.046593 0.003785 -0.017337 -0.574233 0.004379 -0.053858
0.072802 -0.084608 -0.091142 -0.108729 0.372907 -0.293535 0.334543 -0.257264 -0.074973 -0.070153 -0.023679 -0.100479 0.051988 0.128381 0.099943 -0.004261 0.142843 -0.372601 0.557965 0.269490 0.011998 -0.121822 -0.004553 -0.401058 0.003554 -0.131012
-0.432996 0.027579 -0.210666 -0.024273 0.176198 -0.474404 0.972903 -0.034626 -0.049885 0.242833 0.147056 -0.155392 -0.059653 0.194511 0.043994 -0.177965 -0.314681 -0.067786 0.971810 0.282754 0.011744 -0.096507 -0.199595 -0.354672 -0.003085 -0.114904
-0.107542 0.299035 -0.061890 -0.184233 0.648041 0.028119 -0.198006 0.123540 0.103601 0.176694 -0.111625 0.732237 0.248840 0.192146 -0.074358 -0.310509 0.198401 -0.188336 0.175619 -0.026182 0.001857 -0.090635 -0.049160 0.345949 0.003088 -0.370620
1.031198 0.466923 -0.660735 0.000118 0.824006 -0.053881 2.559411 -0.613689 -0.185294 1.381211 0.580923 -0.723112 -1.075003 1.925389 -0.105060 0.599057 -0.812273 -2.078889 0.097484 0.214314 -0.402678 -0.560121 0.466593 -2.855881 0.001597 -0.791011
-0.031208 -0.104284 -0.080120 -0.008581 0.391373 -0.421288 0.336207 -0.326873 -0.069060 -0.133438 -0.106772 0.060612 0.122333 -0.037881 -0.045081 -0.029479 0.063590 -0.135591 0.550247 0.523452 -0.080410 -0.153787 -0.073411 -0.096913 -0.021576 -0.118129
0.059806 0.201522 -0.522374 0.542505 -0.005890 0.216353 0.207787 0.158900 0.006266 0.306626 0.243255 -0.582518 -0.216200 0.139849 0.057764 0.260171 -0.279016 -0.000775 0.204298 0.070885 -0.001376 -0.024227 0.111827 -0.269470 0.011576 -0.193905
0.329931 0.208657 -0.341689 1.238443 -0.058529 -0.573227 0.297427 -0.950096 0.076740 0.024065 0.264627 -0.334762 0.133573 0.808514 -0.474115 1.187288 -1.381943 0.189923 1.021216 -0.540764 -0.247454 -0.120014 -0.449667 -0.968106 -0.004179 -0.088920
0.417749 -0.571914 -0.119000 -0.105821 -0.325004 0.208053 0.734885 0.482539 -0.072966 0.394321 0.200268 -0.109647 -0.340219 0.338063 0.077041 0.299428 0.266900 -0.554161 0.025165 0.331875 0.038571 -0.065185 0.208222 0.097020 -0.000872 -0.061321
0.045406 -0.011881 -0.039634 -0.084543 0.055472 -0.009426 0.388310 -0.119425 0.045135 0.112097 0.061495 -0.265661 0.011262 0.171523 0.045845 -0.078499 -0.095682 0.153390 0.282335 0.107884 -0.060160 -0.020423 -0.064820 -0.384930 -0.002190 -0.085210
0.235282 0.073561 -0.022988 -0.057583 0.357999 -0.318615 0.714989 -0.259880 0.080951 0.071956 0.153469 -0.087453 0.066788 -0.047556 0.244124 -0.273846 0.192224 -0.224656 0.754659 0.215992 -0.030526 -0.026714 -0.169232 -0.371007 -0.001769 -0.308186
0.420584 -0.364658 -0.618229 0.223807 -0.178799 0.058829 0.664648 0.439612 -0.238955 0.339241 0.578936 -0.159099 -0.816176 0.191518 0.265590 0.453107 0.452249 -1.183281 -0.119897 0.019430 0.049868 -0.231190 0.020851 0.120486 -0.009445 -0.062038
0.197439 0.207465 -0.179442 -0.068092 0.154185 -0.040624 0.643664 -0.062342 -0.039789 0.735588 0.527612 -0.270430 0.155463 -0.067951 0.173357 -0.323015 0.090507 -0.455362 0.118862 0.129878 0.030297 -0.116827 -0.101601 -0.330908 0.004920 -0.310897
0.182767 -0.215204 -0.267189 0.223852 -0.232955 0.097580 0.564992 -0.215103 -0.188472 0.274614 0.092707 -0.272518 -0.701420 0.330765 -0.008381 0.532374 -0.095584 -0.221494 -0.003304 -0.138085 0.037441 -0.129097 0.040352 -0.782247 0.021586 0.111868
0.448347 -0.200356 0.077596 -0.246462 0.272694 0.002397 1.132888 0.215720 -0.316384 0.326578 0.266867 -0.252125 -0.124838 0.459315 0.174463 0.320232 0.108577 -0.378398 0.068441 -0.374215 -0.205030 -0.180502 -0.002104 -0.585183 -0.008639 -0.292000
-0.071088 -0.082898 -0.212722 -0.310463 0.271290 0.076928 0.619750 -0.286953 -0.087853 0.108911 -0.024785 -0.085664 0.121980 -0.041631 -0.076789 -0.098205 0.212195 -0.214682 0.398025 0.240655 -0.034933 -0.127337 -0.052456 -0.529083 -0.001807 -0.092818
0.319023 -0.324879 -0.455784 0.024403 -0.121147 -0.038195 0.377067 0.260506 -0.168794 0.142659 0.324710 -0.070687 -0.355927 0.024587 0.139333 0.332023 0.246591 -0.548897 0.009714 0.136977 0.008933 -0.154136 -0.068421 0.162917 -0.000300 -0.027170
-0.089437 0.247617 0.141426 -0.301847 0.928278 -0.065346 -0.109504 0.297985 0.156368 0.265444 -0.264319 0.802865 0.469985 0.397946 -0.187264 -0.154019 0.149011 -0.085900 -0.155926 0.103790 0.100425 -0.147039 0.034648 0.472765 0.001619 -0.508607
0.163824 -0.050509 -0.057157 -0.147912 0.073016 -0.005241 0.244227 -0.274036 0.110520 -0.219028 -0.117859 -0.157154 -0.350448 0.223511 0.162900 0.301151 -0.288273 -0.128307 -0.064544 -0.084916 0.119039 0.023910 0.212047 -0.255672 0.008295 0.044700
0.005841 0.112796 -0.117775 -0.236573 0.060475 0.250822 0.336751 -0.225588 0.049612 0.164771 0.182893 0.238464 -0.094305 -0.073152 0.156513 -0.203810 0.152330 0.025921 0.579991 0.317812 0.005970 0.058477 0.003639 -0.166571 0.009991 -0.192161
0.161845 0.196654 -0.108453 -0.039079 0.328303 -0.572117 0.448044 -0.209178 -0.039506 0.020186 0.160526 -0.301732 -0.032374 0.412758 0.218296 -0.193951 -0.016607 -0.169679 0.374217 0.249570 0.061931 -0.043499 0.034466 -0.167349 -0.004834 -0.230101
0.438317 -0.191625 -0.141872 0.180705 -0.327436 0.078167 0.572569 0.053709 0.002506 0.307034 0.187225 -0.452559 -0.780586 -0.012973 -0.223093 0.298546 -0.769559 0.070556 0.567320 -0.710824 -0.255088 -0.060658 -0.015371 -0.598699 -0.011837 0.094998
0.706762 0.388692 0.266777 -0.291597 0.409068 0.215392 1.541667 0.107018 -0.175674 1.108024 0.187602 -0.584565 -0.358485 0.558238 0.276939 0.503249 -0.476147 -0.720672 -0.054692 0.004542 -0.288349 -0.215396 0.249333 -1.295784 -0.000936 -0.630935
-0.121282 0.213326 0.013654 -0.479538 0.029809 -0.000807 0.360860 -0.007146 0.020942 0.478151 0.021622 0.240866 0.566866 -0.091303 0.468927 -0.407101 0.468866 -0.383669 0.082253 -0.318724 -0.065844 -0.067213 -0.013021 0.174636 -0.013132 -0.146907
-0.312370 -0.116786 -0.022106 -0.019747 0.109186 -0.174807 0.511642 -0.077247 0.021577 -0.177850 -0.128511 -0.130093 -0.242674 0.048152 0.168098 0.107962 -0.022428 -0.118485 0.375293 0.190947 -0.080897 0.042512 -0.038437 -0.175305 -0.012184 0.051888
0.518215 0.488181 -0.595501 0.549067 0.756659 -0.390750 1.307254 -0.402735 -0.159700 0.716604 0.257836 -0.371128 -0.352837 1.263763 0.098164 0.123335 -0.752221 -0.795770 0.179880 0.318189 -0.035507 -0.165265 0.060607 -1.576571 0.007282 -0.656083
-0.029279 0.032066 -0.136528 -0.070980 0.169250 -0.323645 0.271387 -0.162977 -0.005576 -0.116098 0.106076 -0.038800 0.036694 0.110100 0.136889 0.108956 0.232144 -0.223537 0.435424 0.085575 -0.033577 0.018165 -0.059851 -0.159917 0.003579 -0.075326
-0.065634 0.081975 0.157568 -0.097893 -0.016147 0.109447 -0.519304 0.385369 0.056785 -0.179265 -0.332627 0.311196 0.105388 -0.372911 -0.394602 -0.154943 0.173104 0.139026 0.102363 -0.097155 -0.105854 0.086904 0.129649 0.168692 0.001938 0.055093
0.313553 0.054369 0.003610 -0.206646 -0.025715 -0.052932 0.483001 -0.018447 -0.083318 0.147690 0.140532 -0.169725 -0.091258 0.247137 0.057659 0.177531 -0.123820 -0.319987 -0.043627 0.047488 0.018003 -0.040224 0.162713 -0.392522 0.004374 -0.102013
0.266089 0.063448 0.298362 0.215035 0.085988 0.085152 0.417575 0.295343 0.045048 0.085060 -0.041210 -0.057401 -0.524803 -0.171096 0.005988 -0.191885 -0.580839 -0.441688 0.260509 -0.472868 -0.220865 -0.052576 0.106890 -0.073006 -0.017113 -0.102661
0.287037 0.011697 -0.083825 0.565200 -0.044385 0.161754 0.473275 0.097541 0.043619 0.330991 0.529355 -0.141490 -0.264981 -0.288618 -0.045069 0.252638 -0.555713 -0.191650 0.274587 -0.452596 -0.054219 -0.120124 -0.152411 -0.109497 0.003535 -0.174928
0.159016 -0.130510 -0.149683 -0.361083 0.302423 -0.389817 0.029075 -0.505626 -0.122338 0.227116 -0.065773 -0.103643 0.346451 0.070433 -0.139578 0.101798 0.092002 -0.250095 -0.264286 -0.020574 -0.046006 -0.248553 -0.032734 -0.088077 0.001929 0.038664
-0.202580 -0.160771 -0.032849 0.103067 0.570584 -0.113821 0.881402 -0.226926 0.040489 0.243710 -0.093253 0.181156 -0.045699 0.453162 0.120464 -0.223191 -0.332570 -0.276117 1.023390 0.230866 0.093516 -0.114278 -0.004554 0.004713 0.005834 -0.324577
-0.000163 -0.084549 -0.284813 -0.368650 0.177038 0.070337 0.720507 -0.197924 -0.109992 0.200219 0.233109 -0.045160 0.196462 0.095317 0.099885 -0.288770 0.088823 -0.300944 0.580705 0.292309 -0.031091 -0.126717 -0.143924 -0.439697 -0.001430 -0.162561
-0.216494 0.225625 0.235123 0.111685 0.344658 -0.131765 -0.302694 0.251532 0.131428 0.018604 -0.071134 0.733855 0.464281 -0.005851 -0.227072 0.074832 0.000475 -0.111217 -0.007170 -0.311845 -0.027234 -0.058421 -0.021929 0.092944 -0.000775 -0.177060
0.481545 -0.394894 -0.489055 0.340688 -0.076390 -0.131906 1.463771 0.575427 -0.112578 0.754347 0.324232 -0.818126 -0.614928 0.304782 0.445437 -0.092199 0.105300 -1.159144 0.517503 0.481323 0.001637 -0.202863 0.097500 -0.158431 -0.010894 -0.290449
-0.048800 -0.027238 -0.136959 -0.445824 0.034271 -0.349820 0.598490 0.061466 -0.103508 -0.023126 -0.015311 0.195521 -0.437696 0.033946 0.120378 -0.165541 -0.101421 -0.335453 0.544948 0.295769 -0.137698 -0.017638 -0.066289 -0.399054 0.001067 0.014450
0.254003 -0.095874 0.075220 0.064034 -0.290532 -0.088095 0.571446 0.218310 -0.076752 0.325820 0.105386 -0.424497 -0.347985 -0.063390 0.193637 0.681561 0.192821 -0.825103 0.389170 0.200030 -0.076132 -0.101364 0.047968 -0.053259 0.006366 -0.034590
-0.040010 0.003628 -0.349186 0.155278 0.706922 -0.448097 0.643407 -0.103756 0.059655 -0.043568 -0.119232 -0.109229 0.315877 0.505112 0.079073 -0.175972 0.031132 -0.304633 0.584255 0.498947 -0.015783 -0.102276 -0.050708 -0.359929 0.002215 -0.368593
-0.551806 0.077171 0.043679 -0.375803 0.888495 -0.186045 -0.461206 0.176267 0.182283 -0.027436 -0.694405 0.493714 0.654129 0.690443 -0.329067 -0.337455 0.906113 -0.309245 -0.497484 -0.080757 0.190763 -0.155034 0.194647 0.613246 0.013800 -0.151059
-0.321086 0.323670 0.039027 -0.334985 0.910816 -0.077353 -0.041008 0.325112 0.139190 0.490654 -0.300328 0.935655 0.294310 0.579483 -0.268829 -0.202654 -0.075681 -0.137712 -0.161568 0.039216 0.095496 -0.137847 0.148258 0.425528 0.007425 -0.466487
0.151182 -0.052469 -0.140498 -0.079132 0.353033 -0.065544 0.011071 -0.144590 0.058350 0.455239 -0.120503 0.296900 0.371495 0.243168 -0.105120 0.123137 0.163766 -0.020213 0.179329 0.121098 0.042706 -0.120934 -0.091153 -0.120285 -0.000974 -0.251208
0.362273 -0.130851 0.153979 -0.060322 0.079042 -0.053500 0.035335 -0.333762 -0.057182 -0.338770 -0.266278 0.037245 0.190114 0.160832 -0.220965 0.100646 0.466903 0.031330 0.286355 -0.021970 -0.041339 -0.109283 -0.185035 0.023672 0.010800 -0.026439
-0.008916 -0.147645 -0.182336 0.130767 0.168679 -0.577511 0.840197 -0.183314 -0.070141 -0.047339 0.132640 -0.252996 0.054159 0.329862 0.065151 -0.052929 -0.089266 -0.257235 0.733925 0.241687 -0.044324 -0.074629 -0.224926 -0.529710 -0.005560 -0.090723
0.327031 -0.386186 -0.472888 -0.043340 -0.188564 0.166213 0.376519 0.199241 -0.079303 0.070490 0.369128 -0.032576 -0.217521 0.140882 0.205953 0.192209 0.147202 -0.456179 0.055411 -0.017353 0.012090 -0.045408 -0.028680 0.044194 0.003878 -0.010153
0.320778 0.055904 -0.153985 -0.134259 0.216612 -0.386345 0.120709 -0.016797 -0.002499 0.021571 0.004394 -0.100178 0.397861 -0.056191 0.049647 -0.197161 0.225447 -0.218231 0.287946 0.127986 0.022854 -0.104258 0.001795 -0.144641 -0.006736 -0.176581
0.378897 -0.542196 0.444765 -0.487344 0.071308 0.685876 0.782553 1.303622 -0.106923 0.636785 0.635549 0.723540 -0.949102 0.079681 0.283273 0.876433 -0.072483 -0.833516 0.352138 -0.058243 0.049930 0.095927 0.072325 0.203939 0.017124 -0.407653
0.094770 0.028923 -0.231046 0.304942 0.007393 -0.176384 0.405783 0.016083 -0.030287 0.247212 0.157277 -0.103021 -0.040032 0.298019 -0.119874 0.117208 -0.263249 -0.369574 0.488941 0.142780 0.040465 -0.051031 -0.023250 -0.215919 0.007274 -0.138917
0.398975 0.149859 -0.109124 -0.208092 0.316429 -0.221692 0.027960 0.215956 -0.011894 0.099639 0.030357 0.183706 0.361848 0.043418 -0.049954 -0.456509 0.289224 -0.264362 -0.223200 -0.101177 0.001805 -0.025626 0.043140 0.052003 -0.008937 -0.249800
0.161177 -0.180411 -0.204711 -0.053052 0.140540 -0.229948 0.295702 -0.376514 -0.098600 0.024034 -0.155818 -0.309740 0.063391 0.136612 -0.065581 -0.221588 0.243639 -0.444475 0.324314 0.424369 -0.045578 -0.118385 -0.094112 -0.074212 -0.005445 0.003209
-0.023633 -0.353971 0.041322 -0.111718 0.049250 0.199121 0.489768 0.347621 -0.144140 0.083702 0.339038 0.083850 -0.254436 -0.025567 0.117215 0.414991 0.043094 -0.386934 -0.202874 -0.021545 0.002455 -0.024861 0.044343 0.123411 0.000193 -0.034581
-0.056066 -0.175486 -0.273391 0.131066 0.490287 -0.467829 0.485219 -0.197750 0.007392 -0.132609 -0.270040 -0.207984 0.331462 0.370232 0.142704 -0.194812 0.110183 -0.279513 0.350231 0.486024 0.009326 -0.086577 0.030889 -0.420339 0.001878 -0.154016
0.240499 -0.119798 -0.032949 -0.295604 0.085626 -0.206464 0.418039 -0.285929 0.020734 -0.009748 0.080038 -0.308934 0.057108 0.099444 0.227388 -0.040902 0.175596 -0.164790 0.116507 0.188755 -0.026326 -0.016328 -0.033857 -0.059848 -0.003403 -0.050367
0.200513 -0.003871 -0.359160 -0.227551 0.119620 -0.391015 0.836267 -0.290464 0.067949 0.120815 0.113661 -0.238519 -0.133418 0.431535 -0.056956 -0.526860 0.078647 -0.095524 0.416802 0.201273 -0.181060 -0.035092 -0.072544 -0.482473 -0.002242 -0.103434
-0.103593 -0.160262 -0.278587 -0.070577 0.253910 -0.471581 0.586692 -0.402409 -0.074177 -0.136924 -0.063697 -0.190676 -0.000789 0.370615 0.247297 -0.149857 0.215730 -0.433982 0.586852 0.200814 0.003809 -0.174893 -0.128754 -0.214403 0.003116 -0.008583
-0.117654 0.292365 0.119212 -0.213393 0.690629 0.097684 -0.236998 0.267061 0.076390 0.436787 -0.161299 0.619479 0.257197 0.179394 -0.282965 -0.211244 -0.151137 0.079287 0.035357 -0.102135 0.078936 -0.048408 0.028578 0.290015 0.003142 -0.395193
-0.202965 0.322468 -0.072144 -0.115338 0.517319 0.047990 0.064801 0.236841 0.123678 0.297549 -0.181034 0.611156 0.319399 0.143577 -0.036061 -0.316835 0.037772 -0.210411 0.217857 -0.145658 0.053904 -0.063237 0.066577 0.266802 0.005269 -0.347824
-0.120633 0.252997 0.023345 -0.266752 0.212938 0.027924 -0.437498 0.042950 0.075027 -0.055531 -0.290382 0.218903 0.177451 -0.026048 -0.135826 -0.106680 0.089302 0.020181 0.064369 0.260771 0.057787 -0.059296 -0.079106 0.113917 0.005057 -0.070802
-0.050647 -0.177474 -0.007968 -0.101110 0.338798 0.100573 0.011821 0.141066 -0.104265 0.456178 -0.454918 0.416776 0.127491 -0.096001 0.151981 -0.470888 0.303471 -0.432602 0.285285 -0.418147 -0.149074 -0.192522 -0.089033 0.197235 -0.008969 -0.098949
-0.026596 -0.144682 -0.183838 -0.254914 0.437928 -0.398282 0.425962 -0.197049 -0.090897 0.071799 -0.066831 0.138552 0.054294 0.132152 -0.126243 -0.042156 0.041993 0.176864 0.416470 0.636245 -0.083263 -0.188446 -0.131640 0.068384 -0.015946 -0.181106
0.280522 -0.158533 0.041103 -0.195167 0.202546 -0.093296 0.002022 -0.103398 0.037161 0.231178 0.041326 0.192370 0.178473 0.041309 -0.026877 -0.047751 0.223566 -0.163608 0.126567 -0.226696 0.030012 -0.041282 0.000451 -0.083941 -0.007096 -0.107540
0.118908 0.077138 -0.245224 0.026813 0.380066 -0.539036 0.462870 -0.265825 -0.074055 -0.140620 -0.036260 0.020722 -0.008844 0.415893 0.089518 -0.246588 0.130574 -0.368198 0.749183 0.233197 -0.079322 -0.141500 -0.207290 -0.187690 0.000598 -0.199903
0.585790 0.450306 -0.475047 0.577749 0.455390 -0.181398 1.574306 -0.071920 -0.086455 0.971311 0.857629 -0.828478 -0.860282 1.035430 0.205379 0.091486 -0.512575 -1.270997 0.063698 0.377758 -0.054765 -0.268030 0.288741 -1.228111 0.004774 -0.639628
0.059869 -0.208380 -0.023747 0.085179 0.103709 -0.117526 0.155688 -0.141506 -0.090163 0.226237 0.027526 -0.086077 0.203662 0.328559 0.153505 -0.282046 0.113815 -0.271882 0.229848 0.113078 0.002584 -0.112082 -0.088951 0.044177 -0.004996 -0.070240
0.000906 -0.151996 -0.065639 -0.141335 0.310575 0.192527 0.406851 -0.136028 -0.147794 -0.141240 0.356849 -0.213261 0.028110 0.019911 -0.293211 -0.256422 0.241261 -0.273506 0.309674 0.231460 -0.076712 -0.116797 -0.099153 -0.587620 -0.007083 -0.090724
-0.215793 0.148817 -0.140911 -0.042490 0.257962 -0.157073 -0.160803 0.056956 0.114752 0.212997 -0.271250 0.255055 0.381171 0.446256 0.093712 -0.293262 0.015329 0.157731 -0.063804 0.102170 0.108601 0.085416 0.148200 0.189776 0.010187 -0.153360
0.098370 -0.184366 0.239057 0.090482 0.090051 -0.118455 0.013275 -0.098507 -0.140330 0.180856 -0.078411 0.092579 0.248988 0.304991 0.017479 -0.293855 0.165583 -0.342087 0.166412 0.020612 0.013041 -0.141745 -0.072823 -0.163816 -0.001285 -0.041332
0.098495 -0.148224 -0.138983 0.137221 0.185489 0.101046 0.186831 -0.125983 -0.040430 0.296014 0.127364 0.098729 0.156979 0.309965 0.138960 -0.020438 0.051222 -0.347530 0.268260 -0.126427 0.056609 -0.070789 0.059006 0.044451 0.001242 -0.168758
-0.536856 0.516326 -0.388063 0.545155 0.306251 -0.763300 0.063678 -0.408116 0.230715 0.014207 -0.359270 -0.304934 0.540596 0.241093 0.425452 -0.200729 0.153538 -0.307660 0.502252 -0.116244 -0.307663 0.014244 -0.362366 -0.294767 -0.031204 -0.065725
0.460713 0.244121 -0.011598 -0.086032 0.338425 -0.031573 1.043796 0.095761 -0.161391 0.458495 0.189837 -0.167120 -0.296551 0.503699 0.082612 0.349930 -0.506765 -0.543330 0.060437 0.054522 -0.037575 -0.074547 0.021233 -0.757701 0.008823 -0.419400
0.077763 -0.160368 0.068293 0.016559 0.223019 -0.128224 0.047348 -0.138136 -0.096899 0.290635 -0.071872 0.078481 0.218425 0.220082 0.003512 -0.324714 0.132904 -0.433616 0.231234 -0.060638 -0.017104 -0.121641 -0.014346 -0.186419 -0.005288 -0.071271
-0.046025 0.141752 0.176640 -0.266151 0.267901 0.042401 0.619557 -0.156394 0.092696 0.315381 0.119968 0.136953 -0.068328 0.145214 0.320861 -0.492165 -0.069163 -0.261200 0.829045 0.111432 -0.088536 0.022927 -0.239239 -0.276126 0.006018 -0.277552
0.176277 -0.022014 -0.161674 -0.100795 0.142034 -0.164283 0.445937 -0.187743 -0.024804 0.351442 0.383762 0.022523 -0.042290 0.049640 0.000335 -0.386107 0.177066 -0.283610 0.037378 0.384056 0.001504 -0.075611 0.024025 -0.130608 0.000263 -0.166096
-0.176840 -0.216503 0.176962 0.275052 0.599129 -0.098804 0.574243 -0.118424 0.106067 0.342813 -0.000477 0.245041 -0.060430 0.458093 0.116709 -0.349270 -0.002976 -0.215669 0.741967 0.329432 0.048147 -0.111479 -0.033227 -0.059809 0.007783 -0.350355
-0.022414 -0.101747 0.042050 -0.073014 0.257044 -0.147312 0.588766 -0.002658 0.165668 -0.055971 0.124688 0.008163 0.295078 0.202292 -0.010847 -0.202481 0.229843 0.009893 0.139832 0.145970 0.027654 0.046852 0.008512 0.002012 0.009284 -0.185348
0.093549 -0.127123 -0.011838 -0.136231 0.031208 -0.089569 0.433823 -0.197088 -0.089737 -0.062410 0.073069 -0.101153 0.001912 -0.045077 -0.064223 -0.123231 0.111732 -0.107858 0.361152 0.062189 -0.031921 -0.083601 -0.057550 -0.251409 -0.000405 -0.000723
0.106868 -0.086436 -0.270697 0.478031 -0.277139 0.384969 0.283780 0.303474 -0.028287 0.233074 0.343772 -0.704806 -0.352579 0.244208 0.120553 0.284210 0.118049 -0.655465 0.249461 0.209810 -0.062933 -0.029367 0.030379 -0.026083 0.006614 -0.061399
0.129442 -0.241375 -0.161721 -0.017472 0.568390 -0.244789 0.728215 -0.490413 -0.128946 -0.256075 -0.161820 -0.056614 0.074425 0.106381 0.195107 -0.369266 0.158806 -0.117893 0.556762 0.562535 -0.074541 -0.116912 -0.060046 -0.265886 -0.015218 -0.217230
0.112987 0.029474 0.385882 -0.326729 0.093133 0.432472 0.963165 0.623646 0.177739 0.707325 -0.283390 0.184891 -0.042747 0.110253 0.256055 -0.254921 -0.250090 -0.533161 0.060447 -0.165850 -0.219631 -0.016928 0.148925 0.053744 -0.008947 -0.322784
0.018058 -0.221514 -0.293886 -0.219525 0.234673 -0.023989 0.599304 -0.143903 -0.045889 -0.097733 0.188249 -0.129076 -0.003233 0.149116 0.227231 -0.239918 0.200875 -0.306648 0.772013 0.262474 -0.057086 -0.050736 -0.125192 -0.479310 0.001428 -0.124230
-0.513648 0.225196 0.033389 -0.131683 0.437582 -0.054270 -0.008283 -0.033854 0.263348 0.331717 -0.151807 0.529260 0.700508 0.137469 -0.253608 -0.240981 0.352479 0.008170 -0.105830 -0.077906 -0.026797 -0.154569 0.038703 0.390940 0.007620 -0.190167
0.023149 0.038383 -0.166825 -0.164463 0.352205 -0.493657 0.466856 -0.258655 0.034995 -0.042851 -0.004838 -0.126424 -0.044154 0.357334 0.200036 -0.052902 0.209127 -0.239675 0.226935 0.312732 -0.071674 -0.015675 -0.055198 -0.203096 -0.003473 -0.137730
0.398814 -0.397756 -0.451466 0.183892 -0.225342 0.170172 0.343170 0.163211 -0.197447 0.253766 0.342071 0.155141 -0.428565 0.074417 0.175543 0.258206 0.314068 -0.585524 -0.092618 0.121661 -0.016094 -0.195429 -0.186944 0.075488 -0.003044 -0.023033
-0.279840 0.351380 0.128245 -0.221059 0.724338 -0.203181 -0.209593 0.067546 0.197762 0.578581 -0.266329 1.073794 0.361788 0.444907 -0.200977 -0.109907 -0.079438 -0.332073 0.154489 0.051818 -0.001842 -0.027630 0.094383 0.403954 0.002909 -0.406574
0.166389 0.102706 -0.219356 0.092989 0.180361 -0.368896 0.464003 -0.214365 -0.010454 0.485912 0.379118 -0.198100 0.198405 0.259747 0.061031 -0.334558 0.189117 -0.254951 0.149400 0.146691 -0.002819 -0.125936 -0.056703 -0.183230 -0.000355 -0.229289
0.026536 -0.073942 0.095824 -0.244493 0.247111 -0.076215 0.287190 -0.186723 0.001175 -0.165290 0.062418 0.098688 0.075258 0.145132 0.100763 -0.257495 0.212870 -0.166817 0.433667 0.260512 0.044438 0.002096 0.042118 -0.100911 -0.003406 -0.123619
0.093328 -0.286454 -0.258692 -0.079138 -0.170170 0.419232 0.285538 0.281752 -0.085669 0.291361 0.129368 -0.071432 -0.330811 0.208708 0.184314 0.180153 0.094254 -0.563987 -0.127108 -0.019477 0.058885 -0.093002 0.145095 0.132339 0.007691 0.012963
0.060570 -0.112822 -0.279467 -0.277035 0.261782 -0.421653 0.499758 -0.328161 -0.010466 -0.091311 0.130095 -0.129121 -0.009158 0.383192 0.322323 -0.073298 0.120306 -0.298982 0.404420 0.180653 -0.035934 -0.046913 -0.137335 -0.316847 0.002718 -0.074409
-0.181868 0.282345 0.024187 -0.185289 0.312794 -0.105510 -0.471629 -0.016273 0.208425 0.142626 -0.162293 0.400062 0.270256 0.059236 -0.198188 -0.003560 0.235390 0.106670 0.050716 -0.046071 0.023846 -0.035700 -0.052112 0.364166 0.014375 -0.134787
0.155234 -0.439272 -0.394149 -0.233537 0.174503 -0.000176 0.553447 -0.702710 -0.162767 -0.501336 -0.035972 -0.166201 -0.050978 0.040111 0.249181 -0.221684 0.091339 0.021040 0.132211 0.358782 0.036510 -0.045862 0.052979 -0.299055 -0.004025 0.097584
0.154671 0.013268 -0.134673 0.404694 -0.238009 -0.070192 0.586920 0.020060 -0.096995 0.352713 0.231491 -0.101536 -0.757834 0.468757 -0.207709 0.337730 -0.619739 -0.113016 0.600541 -0.252421 0.020833 -0.029720 -0.042733 -0.883222 0.008906 -0.017571
-0.145588 0.250321 -0.092213 0.248820 0.199556 -0.531136 0.357448 -0.216243 -0.163884 0.237240 0.237034 -0.049985 0.320369 0.703689 0.144036 -0.021340 -0.203036 -0.228154 0.407897 -0.021208 -0.192674 0.040261 -0.154355 -0.836297 -0.002225 -0.173833
0.195126 -0.123682 -0.127540 -0.213205 0.025249 -0.116312 0.609801 -0.226159 -0.028646 0.051207 0.002628 -0.036378 0.031907 0.462356 -0.101103 -0.140141 0.165023 -0.116219 0.436071 0.146757 -0.170160 -0.084399 -0.102491 -0.264731 -0.005026 -0.082466
-0.025444 0.225079 -0.038083 -0.243359 0.624413 0.032433 -0.164128 0.231646 -0.037916 0.199955 -0.086268 0.589819 0.308159 0.116392 -0.203286 -0.173743 0.093915 -0.006018 -0.126457 0.041149 0.039974 -0.091743 -0.082927 0.325247 0.004777 -0.348771
0.175108 -0.023095 0.254486 0.070481 0.050628 0.148015 0.045641 0.534438 -0.032897 0.317866 0.620558 -0.126817 -0.599533 0.015770 -0.168886 0.156987 -0.163843 -0.402725 0.638389 0.107695 -0.045478 0.051532 -0.183619 -0.206187 0.000438 -0.203182
-0.021999 -0.303343 0.067336 -0.036229 0.225440 -0.010710 0.356016 0.242739 -0.136255 0.186238 -0.323987 0.108995 -0.185932 -0.104264 0.368247 -0.278551 0.234869 -0.514337 0.259800 -0.233116 -0.165283 -0.146554 0.077256 0.157865 -0.006622 -0.041169
0.247954 0.196049 -0.542743 0.588681 -0.220086 0.426246 0.244368 0.260753 0.040513 0.479687 0.630608 -0.944307 -0.466801 0.467680 0.020914 0.233290 -0.050611 -0.592882 0.461302 0.129308 -0.107362 -0.090411 0.090282 -0.158433 0.002516 -0.224119
-0.112562 -0.201200 0.154393 -0.267413 0.363734 0.037582 -0.157621 0.063081 0.011466 0.462970 -0.265732 0.230818 0.143287 0.258761 -0.087764 -0.166096 0.054917 -0.228555 -0.247109 0.262267 0.040425 -0.168473 -0.118818 0.063519 0.003252 -0.078198
-0.330789 0.071205 0.112768 -0.022331 0.234375 0.054603 -0.525085 0.199275 0.028025 -0.071062 -0.254451 0.464952 0.278592 -0.050186 -0.294107 0.007892 0.181023 0.083247 -0.282383 -0.296654 -0.009807 0.007491 0.029932 0.371934 0.004927 0.027788
0.069681 0.014769 0.045080 -0.335184 -0.074060 -0.080873 0.378746 0.224411 -0.119166 0.071853 0.006249 -0.165746 0.100124 -0.126877 0.194919 -0.042320 -0.021049 -0.281854 0.118657 -0.401103 -0.079249 -0.106091 0.026180 0.036239 -0.006872 0.013579
0.137169 -0.043511 -0.095160 -0.400762 0.276979 0.100997 0.546243 -0.295105 -0.020945 -0.132358 0.217064 -0.082060 0.025848 0.436657 -0.109734 -0.293729 0.138797 -0.338494 0.573391 0.080901 -0.188670 -0.069015 -0.214477 -0.397211 -0.005856 -0.144702
-0.354600 -0.029270 0.069057 -0.009924 0.317939 -0.156507 0.719203 -0.140396 -0.006907 0.348798 0.026377 0.071331 -0.213539 0.116815 0.086559 -0.453957 0.229772 0.005039 0.709802 0.272512 -0.049882 -0.139547 -0.104777 -0.346810 0.004334 -0.171743
-0.547247 0.192555 -0.108313 0.036916 -0.098761 0.260049 -0.204435 -0.005030 0.066380 0.312690 -0.464846 0.249998 0.359327 0.230440 -0.435988 0.059579 0.090252 0.175759 -0.182522 -0.273642 -0.023077 -0.065686 0.079330 -0.012561 0.003977 0.121072
0.044724 -0.315197 0.294701 -0.334838 0.080563 0.302380 0.391536 0.813777 -0.121491 0.265733 0.551742 0.405732 -0.455871 -0.053602 0.165953 0.543388 0.029572 -0.678968 0.310508 0.096095 -0.009217 -0.014750 0.006434 0.244830 0.011043 -0.211499
0.038952 0.073623 0.030919 0.391196 0.409616 0.263795 -0.531453 0.029902 0.214754 0.365232 -0.051521 1.002372 0.646042 0.048214 0.381496 -0.115926 0.603560 -0.598572 0.143165 0.245727 0.236206 -0.134193 0.081733 0.407322 0.013927 -0.436312
-0.087530 0.225572 -0.035921 -0.184568 0.291737 -0.100831 -0.343321 -0.020745 0.093467 -0.175826 -0.352260 0.245645 0.087392 -0.165829 -0.121497 -0.043090 0.085175 0.115353 -0.052603 0.106176 0.079387 -0.012770 -0.022466 0.228004 0.004073 -0.052795
-1.081992 0.187713 -0.107267 0.254069 -0.034303 -0.905241 0.525824 -0.435435 0.150490 0.228181 -0.619358 0.039270 0.676725 -0.458552 0.620059 0.291149 -0.277112 -0.775843 0.797283 -0.277313 -0.314738 -0.148751 -0.383024 -0.164867 -0.048745 0.281287
-0.129826 -0.094903 0.035102 -0.085107 -0.009398 0.239063 -0.280443 0.377891 0.128364 -0.120767 -0.415579 0.245684 0.098424 -0.225570 -0.391480 -0.173771 0.311410 -0.089527 0.197945 -0.296025 -0.057023 0.128411 0.202232 0.077182 0.000093 0.093048
0.088504 0.127689 -0.004629 -0.113728 0.223269 -0.048550 0.469682 -0.275610 -0.029034 0.617371 0.415910 -0.108768 0.150933 -0.061843 0.133174 -0.270083 0.151003 -0.260455 0.171075 0.126450 0.017083 -0.100662 -0.069631 -0.207704 0.000988 -0.252343
0.062729 0.055134 -0.054093 0.305679 -0.154083 0.012195 0.280410 0.099740 -0.075812 0.268902 0.177567 -0.325488 -0.241647 0.424697 -0.142082 0.095119 -0.453836 -0.143478 0.281703 -0.317991 -0.041872 -0.060908 -0.111571 -0.435343 0.004847 -0.011629
0.088964 0.024683 -0.148342 -0.083740 -0.088424 0.030662 0.431839 -0.118580 0.029742 0.343987 0.427122 -0.172546 0.053123 -0.017050 0.146885 -0.143847 0.122044 -0.276162 0.267338 0.090033 0.013478 -0.028276 0.053929 -0.209796 0.003088 -0.107116
0.251113 -0.217796 0.044542 -0.187973 0.025536 -0.090435 0.557160 -0.275258 0.080288 -0.302201 -0.057184 -0.029888 0.148356 0.124966 -0.082548 -0.144829 -0.038991 0.087055 0.502451 0.458958 0.042840 0.009706 -0.090873 -0.059674 0.016455 -0.074491
-0.017063 0.246528 0.039716 0.158745 0.178628 0.055626 0.379177 0.200148 -0.094045 0.369099 0.410542 0.092410 0.116049 -0.261885 0.169069 -0.076455 0.114821 -0.363108 0.111653 -0.165423 0.059156 -0.070786 -0.031273 0.000528 -0.008183 -0.278064
-0.113030 0.301573 -0.021816 -0.264177 0.107593 -0.022270 -0.023469 0.007372 0.120008 0.391657 -0.398995 -0.034996 0.542353 0.128745 0.260245 -0.787635 0.435820 -0.203242 -0.100430 0.059513 -0.074693 0.026305 -0.011211 0.025644 -0.014183 -0.120581
0.118638 0.011083 -0.062555 -0.007040 0.075661 -0.042406 0.494816 -0.153212 -0.023277 -0.064917 0.146701 -0.140949 0.122344 0.120660 0.137532 -0.052247 0.090759 -0.293499 0.491628 0.145305 -0.039856 -0.075642 -0.101525 -0.187898 -0.001778 -0.141561
0.405859 0.022944 -0.120123 0.221408 0.152815 0.415147 0.193573 0.136849 -0.089548 0.638533 0.529088 -0.168953 -0.154347 -0.150901 0.111089 0.157946 -0.231485 -0.232772 0.114973 -0.225786 0.053311 -0.118170 -0.009511 -0.153971 0.004638 -0.324267
0.133158 -0.248231 0.020452 -0.171124 0.350572 -0.298775 0.468182 -0.106544 0.013916 -0.252281 -0.204277 0.091309 -0.258458 -0.071625 0.004171 -0.157259 0.005940 0.079830 0.487373 0.380375 -0.057825 -0.049903 0.043206 -0.176215 -0.018294 -0.092934
-0.135908 0.061188 0.072064 -0.225105 0.637219 -0.076482 -0.233963 0.023135 0.087777 0.164197 -0.396176 0.678928 0.365366 0.064055 -0.056844 -0.058990 0.317741 -0.032186 -0.024970 0.155759 0.002101 -0.152011 -0.110231 0.445349 -0.000731 -0.265877
-0.034434 0.178195 0.030766 0.245721 -0.132993 0.159619 -0.272643 0.311712 -0.078879 0.433888 -0.303899 0.296799 0.278013 0.118187 -0.174294 -0.534319 0.326650 0.314623 -0.208886 -0.246473 0.011002 -0.074328 0.124261 0.064698 -0.002482 -0.077687
0.237508 -0.336673 -0.550888 -0.029369 -0.368926 0.265070 0.361944 0.291494 -0.116344 0.406590 0.637477 0.458383 -0.294324 0.118856 0.108149 0.134626 0.092217 -0.504653 0.283718 -0.180587 0.023139 0.021484 -0.118411 0.067601 0.008933 -0.031718
-0.288085 0.199987 0.302563 -0.428263 0.570353 -0.168015 -0.218768 0.159394 0.118608 -0.076758 -0.022258 0.412339 0.264217 0.375772 0.020240 -0.039851 0.076406 -0.060701 -0.313656 0.064280 0.005029 -0.094628 0.025029 0.399897 -0.005586 -0.196662
-0.078833 0.276234 -0.225574 0.043747 0.129340 -0.347891 0.590564 -0.091676 -0.126353 0.112921 0.005422 -0.067467 0.158353 0.057305 0.163905 0.182447 -0.541603 -0.024425 0.374826 0.093398 0.016364 -0.139128 -0.142199 -0.353132 0.004597 -0.156553
0.222799 -0.032032 -0.086999 -0.055050 -0.035898 0.106832 0.250728 0.188639 -0.213925 0.229578 0.319870 -0.278442 -0.351294 -0.135665 -0.012291 0.089072 -0.100791 -0.266638 0.062065 -0.108467 -0.077156 -0.112150 0.007558 -0.076742 -0.008122 -0.048559
-0.150777 0.295349 -0.049674 -0.039029 0.162951 -0.039711 -0.355085 0.150080 0.097033 0.067591 -0.215349 0.148368 0.181661 -0.009993 -0.261033 0.113248 0.285379 -0.038832 0.082473 0.001434 0.045295 -0.020421 -0.059152 0.214713 0.006847 -0.088968
-0.083648 0.105587 0.071200 -0.355320 0.366026 0.065421 0.575590 -0.248379 0.156356 0.296597 -0.096045 0.188436 -0.071014 0.180189 0.065334 -0.512559 0.068062 -0.255657 0.681398 0.080496 -0.060343 0.098837 -0.088727 -0.259187 0.000062 -0.226411
0.043405 0.138201 -0.191006 0.401511 -0.012129 -0.134028 0.180839 -0.138787 -0.001644 0.086229 -0.053857 -0.197411 0.040605 0.201709 -0.131120 0.010458 -0.267821 0.141881 0.002769 0.225959 0.004216 -0.039645 0.101854 -0.254129 0.001844 -0.071397
0.019538 0.030833 0.105818 0.322969 0.190141 0.211711 -0.418635 0.076839 0.156154 0.089271 -0.292321 0.183409 0.442022 -0.110833 0.032335 0.018010 0.171041 -0.056453 -0.002054 0.199097 0.215628 -0.013162 0.126081 0.128575 0.007619 -0.175139
0.196596 -0.334384 0.078717 -0.314052 -0.028930 0.342089 0.252398 0.481594 -0.061285 0.355602 0.149180 0.261950 -0.337829 0.232132 0.101192 0.389602 0.074742 -0.433198 0.160187 -0.097183 0.032354 -0.013270 0.073261 0.065057 0.006077 -0.111035
0.205019 -0.116904 -0.101199 0.014328 0.113435 -0.156710 0.413077 -0.239416 0.077156 -0.128279 -0.040191 -0.095146 0.104064 0.240618 -0.215469 -0.267030 0.185272 0.161847 0.404435 0.344575 -0.051685 -0.009035 -0.146377 -0.176658 0.006533 -0.109468
0.346499 -0.298518 -0.395834 0.127543 0.042245 0.209379 0.408218 0.417915 -0.095150 0.290706 0.709901 -0.917272 -0.861669 0.233871 0.075009 0.765444 0.070575 -1.292254 0.482075 0.548032 -0.069650 -0.138926 0.214517 -0.403484 0.001050 -0.138222
-0.167556 -0.048427 -0.102634 -0.314630 0.083332 -0.132980 0.501438 -0.107618 -0.004665 -0.055723 0.215226 -0.076238 -0.116411 0.199333 0.109555 -0.059014 0.008095 -0.188477 0.301147 0.016452 -0.081885 -0.015470 -0.106520 -0.443028 -0.000164 0.017955
0.098642 -0.124777 -0.147594 -0.254980 0.141609 0.057966 0.535959 -0.133565 -0.125444 -0.192084 0.088385 -0.059441 0.182282 0.135498 0.040418 -0.322828 0.360460 -0.312326 0.466344 0.071059 -0.126841 -0.108250 -0.173181 -0.513755 0.001937 -0.076075
-0.072249 -0.063208 -0.223352 0.302731 -0.034228 0.303880 0.113008 0.248722 0.120016 0.423869 0.330391 -0.485962 -0.586966 0.044561 -0.076649 0.200797 0.053209 -0.768911 0.124586 0.149600 -0.031019 -0.065031 0.166290 0.058397 0.002590 -0.027976
-0.234894 -0.066075 0.159869 -0.146575 0.107585 -0.151487 0.710355 -0.447485 0.062241 -0.276145 0.123353 -0.098833 -0.253837 -0.027791 -0.036626 -0.336529 0.197105 -0.055154 0.167301 0.447321 -0.056036 -0.072286 -0.048414 -0.346907 -0.007016 0.062995
0.023203 -0.150061 0.163262 -0.213130 0.247296 -0.299820 -0.323892 -0.169430 0.049027 -0.167396 -0.098245 0.002001 0.028178 -0.107409 -0.107582 -0.255406 -0.048088 0.183375 0.203327 -0.090519 0.016878 -0.023439 -0.049569 0.491401 -0.005840 0.058687
-0.025708 0.112686 -0.189895 -0.197032 0.290893 0.198621 0.228187 0.002753 0.183501 0.130195 0.133035 -0.040335 -0.010855 0.219635 -0.215330 -0.445860 -0.128566 -0.021106 0.250061 -0.238220 -0.157460 0.004753 -0.167216 -0.118307 0.003272 -0.149331
0.515739 -0.190382 -0.184490 -0.105204 0.692502 -0.679293 1.592332 -0.527122 -0.048184 0.558210 0.106615 -0.311331 0.003487 0.393144 0.112821 -0.601170 0.260250 -0.252252 1.312975 0.387860 -0.194413 -0.152035 -0.211583 -0.479252 -0.021152 -0.533901
