0.317526 -0.227494 -0.376626 -0.633041 0.444318 -0.422681 0.979235 -0.520801 -0.030156 -0.533460 0.266680 -0.565195 -0.449343 0.225975 0.213267 0.174122 -0.212555 -0.239571 0.725391 0.291337 -0.140940 -0.076613 -0.276121 -0.522142 0.001376 -0.066022
0.484192 -0.205335 -0.431582 -0.778922 0.532786 -0.305011 1.138267 -0.635471 -0.020741 -0.703856 0.372984 -0.643905 -0.322609 0.029500 0.179726 0.142109 -0.497808 -0.346642 0.810764 0.324323 -0.106984 -0.076652 -0.098013 -0.609210 -0.009503 -0.121571
0.335154 -0.342650 -0.262779 -0.339749 0.349637 -0.499430 0.641922 -0.500799 -0.077474 -0.335189 0.442333 -0.228501 -0.390992 -0.080104 0.100395 0.396879 -0.122231 -0.561077 0.452022 0.382366 -0.073099 -0.132467 -0.121249 -0.248971 0.002926 -0.017694
0.301339 -0.206187 -0.369948 -0.510794 0.445747 -0.304621 0.869622 -0.380900 -0.023862 -0.513436 0.225721 -0.542467 -0.372228 0.149389 0.091368 0.071967 -0.215986 -0.191330 0.559750 0.244476 -0.120355 -0.076745 -0.219632 -0.481460 0.001453 -0.076153
-0.071580 -0.169329 -0.361489 -0.403816 0.577320 -0.360269 0.974810 -0.457478 -0.021190 -0.236436 0.346949 -0.444949 -0.315102 -0.121922 0.262614 -0.047851 -0.240297 -0.468814 0.728326 0.179673 -0.083082 -0.066780 -0.081654 -0.475170 -0.009173 -0.087437
0.078312 -0.280634 -0.376169 -0.368813 0.585353 -0.239322 1.078060 -0.361044 -0.054167 -0.160554 0.375027 -0.450041 -0.246576 -0.076160 0.301596 0.018761 -0.281445 -0.362039 0.484151 0.367418 -0.013252 -0.089860 -0.040335 -0.477248 -0.006077 -0.168228
0.490002 0.245380 -0.803548 1.078032 -0.007527 -0.565220 0.458972 -0.501046 0.133447 -0.456226 1.245321 -1.087184 0.032510 0.993021 0.382585 0.173111 -1.174713 -0.281282 0.668442 0.575556 0.190325 0.081872 -0.154335 -0.974273 0.043877 -0.295702
0.214335 -0.234207 -0.289999 -0.316253 0.386517 -0.341994 0.829330 -0.516206 0.044621 -0.506460 0.223472 -0.339607 -0.440582 -0.197693 0.025208 0.258402 -0.219592 -0.357527 0.465478 0.289092 -0.018182 -0.099005 -0.077272 -0.169966 -0.000884 -0.008631
0.539080 0.187347 -0.807373 1.001224 0.123215 -0.416514 0.557238 -0.439708 0.193825 -0.733971 0.937479 -1.228051 -0.024547 0.786357 0.446726 0.349505 -1.268707 -0.065129 0.576960 0.460303 0.162694 0.154863 0.017585 -0.985579 0.035976 -0.291932
0.324085 -0.285380 -0.372566 -0.427071 0.379808 -0.247431 1.114451 -0.519374 -0.087370 -0.670286 0.354802 -0.652366 -0.573018 0.107027 0.241067 0.191178 -0.395552 -0.422142 0.793287 0.364726 -0.121784 -0.108234 -0.187714 -0.505664 0.002815 -0.048847
0.348777 -0.301997 -0.453675 -0.340358 0.460641 -0.265191 1.243788 -0.626528 -0.110990 -0.713471 0.310283 -0.716567 -0.583397 0.038474 0.227062 0.090661 -0.461517 -0.453189 0.775527 0.438125 -0.122569 -0.131783 -0.187569 -0.555937 0.003451 -0.060411
0.289857 0.059115 -0.469950 0.811699 -0.084312 -0.549708 0.235059 -0.438759 0.057498 -0.384431 0.772598 -0.435320 0.014532 0.539355 0.386995 -0.101563 -0.740586 -0.133882 0.459690 0.259748 0.170525 0.033460 -0.197974 -0.519561 0.032201 -0.102055
-0.214604 -0.171855 -0.367768 -0.587809 0.584670 -0.406808 1.308214 -0.482038 -0.092760 -0.178278 0.354617 -0.597454 -0.559495 0.251511 0.318662 -0.117440 -0.027936 -0.406747 0.727621 -0.098194 -0.124056 -0.081558 -0.112958 -0.484159 -0.013429 -0.043886
0.177288 0.055110 0.435278 -0.621476 -0.160825 -0.081329 0.697383 -0.285280 -0.325720 0.268116 0.890849 0.160862 -0.627007 -0.763778 0.593500 -0.259104 0.578568 -0.725350 0.163964 0.248214 0.007273 -0.195242 -0.001425 -0.177703 -0.015058 -0.028999
0.234072 0.311172 -0.097549 0.109421 -0.022672 -0.545728 0.591582 -0.248425 -0.131429 -0.003957 0.858438 -0.397172 -0.189473 0.082745 0.471711 -0.519042 -0.498879 -0.594868 0.464281 0.187147 0.068450 -0.057677 -0.162186 -0.576590 0.017241 -0.142154
0.370771 0.257727 -0.729886 0.785873 -0.044838 -0.648523 0.491480 -0.488674 0.087347 -0.230569 1.424894 -0.961615 -0.144048 0.877581 0.529125 -0.096326 -0.890858 -0.460191 0.604655 0.646660 0.191487 0.065895 -0.190422 -0.850175 0.041256 -0.256259
0.554419 0.294510 -1.087336 1.140467 -0.030842 -0.633705 0.309526 -0.527272 0.183832 -0.813683 1.490707 -1.345731 -0.149400 0.857234 0.537442 0.308581 -1.233299 -0.095862 0.731912 0.568791 0.231437 0.137705 -0.075290 -1.068086 0.039758 -0.259025
-0.076367 0.378553 -0.157530 0.050560 0.336241 -0.750125 0.223066 -0.660537 0.087532 -0.826159 -0.076925 -0.413379 -0.194563 0.700890 -0.282821 -0.012242 -0.581753 0.441258 0.373677 0.221618 -0.009403 0.162640 -0.204765 -0.602195 0.020287 0.031190
0.265769 -0.005393 0.135060 -0.373966 0.008407 0.043793 0.782032 -0.322549 -0.274630 0.363254 1.074516 0.171297 -0.767923 -0.993096 0.593221 -0.078848 0.328444 -0.784352 0.019018 0.169084 0.029191 -0.150809 0.036317 -0.111848 -0.013206 -0.113386
-0.074365 -0.045293 -0.378520 -0.170372 0.368558 -0.240747 0.929286 -0.433159 0.101947 -0.397939 0.228959 -0.533368 -0.517809 0.047790 0.149436 -0.143329 -0.173661 -0.244694 0.667469 0.038551 -0.031914 -0.068625 -0.011397 -0.298259 -0.007475 -0.029514
0.329348 -0.277863 -0.331750 -0.374782 0.272012 -0.617513 0.642578 -0.565173 -0.172148 -0.270133 0.600203 -0.369369 -0.541565 -0.002876 0.172765 0.275918 -0.109718 -0.666101 0.553874 0.410336 -0.117303 -0.168872 -0.126534 -0.350822 -0.000298 0.021858
0.101675 -0.304758 -0.358233 -0.525488 0.465266 -0.476097 1.004050 -0.488229 -0.006763 -0.314380 0.231994 -0.558222 -0.366632 0.187660 0.232776 0.184078 -0.209719 -0.255219 0.634107 0.230443 -0.131888 -0.056031 -0.199824 -0.534856 -0.001215 -0.028354
-0.124505 -0.140762 -0.364821 -0.238040 0.442104 -0.202838 0.683414 -0.358696 0.031898 -0.191713 0.183326 -0.314232 -0.266697 -0.126871 0.247140 0.020015 -0.209997 -0.280634 0.644918 0.206552 -0.054147 -0.058288 -0.095061 -0.290605 -0.007443 -0.068094
0.210603 -0.119640 -0.273470 -0.589422 0.490626 -0.388421 1.011301 -0.440998 0.011405 -0.267644 0.411276 -0.432958 -0.215376 -0.064567 0.123437 -0.017679 -0.239487 -0.408114 0.685649 0.148163 -0.080242 -0.074886 -0.021646 -0.536326 -0.010088 -0.128429
0.090635 0.232064 -0.470550 0.705144 -0.041119 -0.499953 0.308383 -0.366126 0.020395 -0.001537 1.023261 -0.650735 0.023690 0.821658 0.324795 -0.066119 -0.740424 -0.452555 0.448517 0.496874 0.149477 -0.018618 -0.221716 -0.570032 0.029816 -0.183104
-0.151747 -0.220603 -0.442250 -0.196893 0.688229 -0.573425 1.249650 -0.664330 0.043770 -0.504769 0.361649 -0.590802 -0.431893 -0.104175 0.380647 -0.073219 -0.330272 -0.484909 0.938545 0.118320 -0.087478 -0.101790 -0.110480 -0.437042 -0.013155 -0.063835
-0.006279 -0.011433 -0.364992 -0.229326 0.366043 -0.339006 0.841491 -0.437710 0.038173 -0.560175 0.154688 -0.512154 -0.620359 0.009436 0.039365 -0.067088 -0.225146 -0.246354 0.648242 0.099556 -0.038489 -0.116125 -0.072939 -0.358208 -0.004935 0.018710
0.292812 0.191635 -0.307141 -0.067335 0.012626 -0.401135 0.520225 -0.110749 -0.049232 0.008175 0.893228 -0.592037 -0.176281 0.375811 0.365849 -0.140565 -0.720766 -0.402629 0.407580 0.369171 0.020724 0.047289 -0.090803 -0.599942 0.018748 -0.176726
0.465796 0.109189 -0.564708 0.851336 0.059377 -0.529361 0.221239 -0.459489 0.131176 -0.687141 0.718578 -0.681519 0.059684 0.401617 0.428151 -0.073826 -0.966223 0.092914 0.449541 0.271608 0.155566 0.072011 -0.150470 -0.625828 0.029327 -0.163516
0.410711 0.184181 -0.108733 -0.004311 0.017921 -0.100988 0.666950 -0.092341 -0.250879 0.192519 0.729298 -0.073833 -0.817348 -0.390367 0.409373 -0.194722 -0.016154 -0.626244 0.016460 0.223224 0.095778 -0.057187 0.091244 -0.344078 0.001553 -0.176111
0.318371 -0.218852 -0.227675 -0.495487 0.304414 -0.504942 1.126406 -0.613350 -0.083092 -0.316340 0.578492 -0.559942 -0.693674 -0.179720 0.274036 0.147207 -0.365820 -0.694468 0.746000 0.562590 -0.149957 -0.190279 -0.146003 -0.417362 -0.005983 -0.031878
0.071138 -0.109306 -0.364266 -0.242300 0.452328 -0.306953 1.078427 -0.469792 -0.019607 -0.514188 0.308483 -0.499986 -0.360890 -0.173977 0.419719 -0.017211 -0.358751 -0.376191 0.510301 0.476723 -0.008059 -0.091515 -0.015808 -0.508604 -0.011876 -0.103643
0.114356 -0.235586 0.061171 0.384285 -0.486900 1.127477 -0.520689 -0.149338 0.051120 0.416928 0.653072 -0.207979 0.581339 -0.410233 0.790850 -0.026261 0.058066 -1.481635 0.293994 0.243614 0.340279 0.001018 0.306394 0.515532 0.006842 -0.043255
0.233257 0.383984 -0.210420 0.272227 0.298157 -0.819630 0.334481 -0.869871 0.071124 -0.828774 0.093643 -0.699407 -0.368608 0.792032 -0.253682 0.061336 -0.859121 0.522157 0.386980 0.238559 0.020743 0.190471 -0.120798 -0.801257 0.015645 -0.013064
0.206084 0.090434 0.280669 0.250727 -0.490288 1.113271 -0.278602 -0.114015 0.164877 0.184248 0.540325 -0.077345 0.460737 -0.258008 0.606443 -0.111788 0.009898 -0.941302 0.209741 -0.137663 0.233226 0.106922 0.251299 0.124008 0.009899 -0.104878
0.344533 -0.121290 -0.168275 0.548870 -0.294676 0.640831 -0.621737 -0.075875 0.120428 0.128029 0.377852 0.012695 0.094050 -0.207718 0.113730 0.066908 0.077610 -0.746042 -0.036820 0.259070 0.179004 0.032756 0.132197 0.035277 0.013487 -0.030072
-0.346142 0.344197 -0.066227 -0.127312 0.225021 -0.646536 0.187658 -0.608721 -0.026338 -1.032659 0.011469 -0.186984 -0.111659 0.544052 -0.233313 -0.160398 -0.694552 0.293910 0.499301 0.354225 0.039833 0.184487 -0.204307 -0.802755 0.026257 0.150923
0.047536 -0.214218 -0.073379 0.127966 -0.365216 0.679212 -0.377977 -0.267831 0.045861 0.285020 0.400911 -0.028514 0.461017 -0.308271 0.556382 -0.106953 -0.081608 -1.045797 0.165143 0.260043 0.284141 -0.017532 0.268936 0.374251 0.005032 0.046060
0.162708 0.025035 -0.487121 0.712018 -0.144875 -0.631114 0.172510 -0.386683 0.003068 -0.281089 0.867343 -0.404648 -0.081762 0.642482 0.467193 -0.140329 -0.499300 -0.352223 0.487864 0.429009 0.136522 0.065103 -0.223017 -0.418063 0.030185 -0.057491
0.119658 0.155488 -0.226903 -0.059214 0.409391 -0.410579 0.505088 -0.372935 0.041784 -0.463008 0.162888 -0.336698 -0.081307 0.651707 0.030232 0.104951 -0.437059 0.093772 0.248984 0.012212 -0.070731 0.041397 -0.175104 -0.474617 0.009267 -0.142213
0.063938 -0.129688 -0.263165 -0.164472 0.340910 -0.324271 0.379312 -0.461066 -0.018228 -0.436905 0.181278 -0.175505 -0.463583 0.125769 -0.035020 0.094558 -0.263527 -0.371514 0.273301 0.105597 -0.043565 -0.131688 -0.047709 -0.276177 -0.001809 0.063462
0.379503 -0.462080 -0.414732 -0.319434 0.306226 -0.385735 0.678797 -0.776958 -0.018174 -0.511029 0.856339 -0.260830 -0.385714 -0.344809 0.137179 0.233724 -0.610576 -0.840824 0.901465 0.688850 0.080689 -0.176486 -0.144442 -0.181734 0.001802 0.003613
-0.103113 -0.135829 -0.361083 -0.128978 0.677862 -0.512435 1.096816 -0.483813 0.046761 -0.360445 0.165957 -0.548783 -0.296688 0.064159 0.369935 -0.181055 -0.103814 -0.272188 0.796120 -0.123866 -0.091198 -0.080148 -0.176215 -0.181585 -0.011638 -0.131991
-0.055496 -0.120608 -0.361007 -0.239431 0.462701 -0.194389 1.191921 -0.388976 0.035626 -0.212622 0.487172 -0.527467 -0.449374 0.164441 0.344042 0.000453 -0.144272 -0.493033 0.800427 -0.153733 -0.122389 -0.076849 -0.068299 -0.428794 -0.016173 -0.132061
0.213961 0.080361 -0.494768 0.507382 -0.059372 -0.338304 0.482899 -0.371316 0.081705 -0.418355 0.823206 -0.921534 -0.161457 0.476562 0.446211 0.348897 -0.718685 -0.144040 0.544738 0.521257 0.143829 0.010537 -0.059431 -0.593816 0.026009 -0.122920
0.275372 0.038843 0.258492 -0.512125 -0.174143 -0.032245 0.620249 -0.300941 -0.310433 0.267738 1.032012 0.157905 -0.556583 -0.703562 0.417437 -0.030728 0.443438 -0.626187 -0.119123 0.224205 -0.043255 -0.125067 0.057300 -0.150355 -0.014142 -0.038159
0.056750 -0.213887 -0.268312 -0.500875 0.381369 -0.473461 0.742369 -0.310239 0.017720 -0.343457 0.146520 -0.370064 -0.301463 0.151368 0.107532 0.046129 -0.115998 -0.181119 0.515768 0.053985 -0.122165 -0.045774 -0.210315 -0.402340 -0.002638 0.012685
0.500933 -0.413046 -0.737359 -0.041307 0.342858 -0.253897 0.970047 -0.529908 0.052208 -0.211576 0.382697 -0.675910 -0.183230 -0.000202 0.203996 0.382283 -0.674846 -0.428601 0.670621 0.503352 -0.035905 -0.063512 -0.078617 -0.470479 -0.002394 -0.143146
-0.012825 0.062611 -0.265283 0.487222 -0.081065 -0.376083 0.242080 -0.287236 -0.010426 -0.010427 0.573865 -0.154363 -0.082609 0.660797 0.220318 -0.073048 -0.387069 -0.295250 0.403774 0.204180 0.107342 -0.011483 -0.177369 -0.331938 0.018619 -0.065210
0.200105 -0.091604 -0.163062 0.072896 -0.060826 0.397309 -0.905963 -0.125020 0.069581 -0.071646 -0.012272 0.534010 0.564779 0.004089 0.807328 -0.042823 0.027701 -0.259459 -0.550824 0.254799 0.465552 -0.101670 -0.040698 0.524080 0.013820 -0.070372
-0.160005 -0.080207 -0.295405 -0.161232 0.399700 -0.176592 0.639789 -0.311563 0.025416 -0.187824 0.122568 -0.290721 -0.254721 0.019585 0.147775 -0.089930 -0.042637 -0.238814 0.556275 0.048722 -0.067957 -0.016670 -0.063542 -0.199963 -0.006537 -0.057196
-0.098939 0.093299 0.140690 0.104088 -0.331535 0.761180 -0.243765 -0.018810 0.086172 0.194747 0.282188 0.054744 0.414735 -0.233404 0.338623 -0.135138 0.040870 -0.775721 -0.030559 0.010356 0.178587 0.061674 0.251849 0.143362 0.004094 -0.008737
0.074437 0.151766 -0.199229 0.366152 -0.000283 -0.295594 0.354043 -0.342050 0.009065 0.106904 0.789457 -0.500941 -0.101897 0.559119 0.370736 -0.125975 -0.516466 -0.449904 0.303026 0.443704 0.091930 -0.023483 -0.204826 -0.456823 0.025642 -0.148922
0.306056 0.209747 0.151081 -0.325838 -0.135715 -0.012014 0.540038 -0.287851 -0.246311 0.225579 0.966989 0.006605 -0.608407 -0.544554 0.468200 -0.059930 0.285563 -0.561658 0.136676 0.205654 0.030162 -0.079111 0.009345 -0.232280 -0.003412 -0.120310
0.294113 -0.514064 -0.252390 0.134313 0.228380 -0.467647 0.561824 -0.389212 -0.132246 -0.402134 0.333287 -0.110577 -0.371459 -0.146056 0.367794 0.198088 -0.212466 -0.453673 0.506167 0.447682 0.010229 -0.089235 -0.053087 -0.123046 0.001259 -0.001373
0.554710 0.023567 -0.326060 -0.135034 0.435632 -0.631762 0.715832 -0.333327 -0.033248 -0.337786 0.398905 -0.540996 -0.255964 -0.042787 0.278210 0.006783 -0.162783 -0.357944 0.708826 0.556014 -0.021214 -0.106314 -0.310337 -0.421383 0.002363 -0.267020
-0.144957 -0.094068 -0.291647 -0.512658 0.440444 -0.349708 0.845740 -0.327213 -0.117044 -0.219501 0.090795 -0.556262 -0.462207 0.141531 0.200348 -0.129797 -0.100842 -0.112283 0.389160 0.140630 -0.060714 -0.059902 -0.126119 -0.358602 -0.006784 0.006315
0.612577 -0.085360 -0.210118 -0.326036 0.436377 -0.540801 0.862445 -0.323176 -0.040714 -0.300769 0.319504 -0.420841 -0.250415 -0.181973 0.225292 0.099277 -0.090361 -0.499201 0.536248 0.511120 -0.061374 -0.133337 -0.199366 -0.429285 -0.003872 -0.236543
0.051105 -0.304741 -0.143296 0.001790 0.267880 -0.442723 0.610023 -0.668659 -0.220161 -0.193209 0.355250 -0.281887 -0.154534 0.011349 0.328960 0.136268 -0.387691 -0.357537 0.424512 0.364026 -0.004420 -0.099509 -0.197455 -0.472790 -0.005796 0.026086
0.199540 -0.195834 -0.242514 -0.121172 0.261861 -0.561217 0.575620 -0.302967 -0.114965 -0.186630 0.207327 -0.281564 -0.285469 0.010168 0.176486 0.100127 -0.087828 -0.282566 0.366720 0.392539 -0.015870 -0.126267 -0.222004 -0.298002 0.003260 -0.035684
0.149723 -0.380586 -0.318588 0.017886 0.079041 -0.484819 -0.848417 -0.116323 0.019427 0.087503 0.345994 0.447727 -0.311461 -0.047373 -0.098347 0.435994 -0.119671 -0.796834 0.190202 0.388479 0.011263 -0.222271 -0.340713 0.521906 0.017374 0.147954
0.384200 0.129923 -0.784211 0.896716 0.014011 -0.651884 -0.069497 -0.420124 0.103679 -0.723801 0.754487 -0.686019 -0.052927 0.419431 0.455363 -0.081438 -0.784300 -0.008099 0.469331 0.336876 0.171261 0.096035 -0.182967 -0.547424 0.028894 -0.089517
0.216142 -0.342772 -0.278267 -0.033776 0.175469 -0.440418 0.733346 -0.761390 -0.162594 -0.255619 0.369973 -0.332103 -0.236866 0.073478 0.280558 0.234163 -0.393938 -0.248744 0.431717 0.218178 -0.063668 -0.107752 -0.191221 -0.457087 -0.001729 0.052332
-0.019716 -0.015893 -0.251675 -0.313116 0.333814 -0.319378 0.412365 -0.347922 -0.096514 -0.229673 0.117483 -0.214831 -0.376978 0.177909 -0.022504 -0.029006 -0.164846 -0.201202 0.302864 0.033890 -0.098776 -0.127827 -0.132418 -0.375661 -0.003698 0.027794
-0.180311 -0.056291 -0.346255 -0.425011 0.340669 -0.363369 0.700987 -0.321959 -0.097919 -0.140262 0.134955 -0.194897 -0.391899 0.066360 0.044474 -0.015701 -0.187249 -0.219609 0.314823 -0.051171 -0.140619 -0.131038 -0.057647 -0.386043 -0.010954 0.056847
0.220888 -0.321448 -0.245883 -0.144257 0.143843 0.143877 -0.809785 -0.380946 0.172294 -0.011092 0.264400 0.854411 0.545855 -0.020395 0.838287 -0.245127 -0.192554 -0.147947 -0.381231 0.492776 0.529593 -0.092439 -0.152841 0.499020 0.013580 -0.105463
0.117850 -0.126270 -0.265307 -0.102367 0.189846 -0.273451 0.594700 -0.446382 0.112946 -0.268968 0.113364 -0.368691 -0.366168 -0.140284 0.052256 0.076507 -0.220719 -0.222663 0.424501 0.201940 -0.026815 -0.067394 -0.004981 -0.095536 0.000527 0.023326
0.214131 -0.214962 -0.026777 0.220958 -0.248065 0.557314 -0.341014 -0.150666 0.027629 0.063252 0.443281 0.002415 0.168143 -0.065875 0.326001 -0.057845 -0.018058 -0.631920 -0.006555 0.156708 0.207309 0.009041 0.106306 0.102417 0.010458 0.001431
0.471440 0.010073 -0.193641 -0.360689 0.414842 -0.275538 0.661756 -0.299546 -0.033996 -0.349534 0.194998 -0.279412 -0.306728 -0.092820 0.039835 0.045802 -0.083718 -0.280957 0.402363 0.348394 -0.042825 -0.088214 -0.125280 -0.293325 -0.002302 -0.196752
0.536678 0.021527 -0.126610 -0.011403 -0.000368 -0.017109 0.611855 -0.003577 -0.284609 0.170505 0.821736 -0.260390 -0.884665 -0.107467 0.289167 0.012605 0.045742 -0.720384 0.190620 0.296740 0.039446 -0.099168 -0.015917 -0.547128 0.005866 -0.179522
0.267361 -0.090441 -0.024684 0.385608 -0.280846 0.614306 -0.459209 -0.037837 0.064190 0.143728 0.361334 -0.173566 0.249305 -0.233509 0.242001 -0.100129 0.063622 -0.568099 0.035838 0.146493 0.212489 0.002504 0.130086 0.091168 0.007253 -0.044497
0.079557 0.176355 -0.343962 0.680099 -0.006916 -0.182146 0.164512 -0.211572 -0.029375 0.002918 0.580068 -0.506972 0.050754 0.568948 0.080850 0.135921 -0.499861 -0.250689 0.326817 0.358923 0.091895 -0.013398 -0.123180 -0.467325 0.020116 -0.164811
-0.035120 -0.117803 -0.248390 -0.393687 0.301710 -0.217661 0.853564 -0.212406 -0.090139 -0.102201 0.212193 -0.570471 -0.162189 0.048211 0.243937 -0.112336 -0.058457 -0.080325 0.298762 0.111702 -0.083701 -0.005451 -0.071841 -0.386132 -0.013894 -0.051419
0.298957 -0.509972 -0.531700 -0.265779 0.347661 -0.474873 1.067074 -0.639697 -0.057359 -0.521820 0.530470 -0.524730 -0.525071 -0.004263 0.270641 0.217957 -0.391572 -0.597935 0.919371 0.426771 -0.144246 -0.067979 -0.136416 -0.419021 -0.000579 0.008824
0.149497 0.118870 -0.376437 0.361658 0.036362 -0.358187 0.430105 -0.371308 0.046003 -0.214329 1.169943 -0.806400 -0.343575 0.471744 0.441000 0.152312 -0.489619 -0.084541 0.608995 0.666775 0.204797 -0.067725 -0.153592 -0.471963 0.024374 -0.204495
0.073126 0.049961 -0.201192 -0.271913 0.252391 -0.103730 0.696241 -0.247385 -0.034917 -0.268702 0.194617 -0.275428 -0.365142 -0.019820 0.133902 -0.030184 -0.047590 -0.345824 0.376997 0.126574 -0.058161 -0.019116 -0.027718 -0.219444 -0.005272 -0.077448
-0.026853 -0.075749 -0.221132 -0.144224 0.261435 -0.241237 0.379898 -0.351861 -0.000234 -0.248004 0.070996 -0.208491 -0.386877 0.038031 0.038319 0.036090 -0.208926 -0.290251 0.261466 0.130845 -0.059427 -0.112991 0.019665 -0.267736 -0.004785 0.049529
0.084115 0.044119 -0.222630 0.346163 0.008278 -0.189062 0.395115 -0.263810 0.044895 -0.070235 0.891056 -0.602560 -0.124369 0.564783 0.306436 0.070293 -0.597828 -0.172401 0.382482 0.508717 0.099680 -0.005234 -0.157624 -0.528794 0.018181 -0.161398
0.258258 -0.444467 -0.351782 -0.249339 0.190527 -0.007499 0.386354 -0.709450 -0.064265 -0.283788 0.739729 -0.121039 -0.204647 -0.284011 0.150422 0.287391 -0.411807 -0.764369 0.801532 0.491349 0.129714 -0.173876 -0.154355 -0.058867 0.002133 0.008309
0.027052 -0.207116 -0.341473 -0.595117 0.383045 0.173543 1.113200 -0.303815 0.073339 -0.000955 0.659408 -0.503244 -0.508213 -0.133936 0.104488 -0.122518 -0.120100 -0.309883 0.496550 0.218814 -0.195853 -0.073400 -0.167675 -0.401326 -0.012791 -0.125589
0.044842 -0.145898 -0.344759 -0.232428 0.371850 -0.108050 0.531680 -0.220951 0.009734 -0.094867 0.180813 -0.166700 -0.113972 -0.129279 0.312270 0.071543 -0.194234 -0.203416 0.350789 0.310406 0.015317 -0.059099 -0.038000 -0.241594 -0.007861 -0.131835
-0.063545 -0.298449 -0.386926 -0.304454 0.452674 -0.418646 1.109112 -0.515256 -0.013413 -0.292836 0.245192 -0.609551 -0.365674 0.006520 0.347706 0.178114 -0.320382 -0.423911 0.572403 0.304270 -0.089516 -0.053084 -0.063981 -0.551204 -0.007411 -0.005846
0.453864 0.164295 -0.390750 -0.087465 -0.000399 -0.275042 0.381834 0.003352 -0.141697 0.113736 0.837374 -0.482302 -0.515441 0.351167 0.221541 0.079682 -0.380035 -0.531431 0.276386 0.299387 -0.029139 -0.025860 -0.086548 -0.613660 0.012858 -0.171299
0.254228 -0.021463 0.161092 -0.290200 0.008061 -0.123887 0.415057 -0.327107 -0.272991 0.094257 0.611192 0.112331 -0.508053 -0.584470 0.475868 -0.101459 0.296570 -0.558361 0.061074 0.104657 0.052032 -0.118165 0.027763 -0.247132 -0.008033 -0.024516
0.070427 -0.396648 -0.818809 0.026431 0.260943 -0.424836 0.963160 -1.021515 0.089429 -0.611350 0.969601 -0.666030 -0.388899 0.307252 0.002715 0.755421 -0.717038 -0.984966 1.090242 0.365847 -0.153420 0.020465 -0.025532 -0.895000 0.009999 0.098198
-0.001757 -0.140410 -0.416264 -0.235132 0.318843 -0.183639 0.665475 -0.389008 0.036403 -0.134756 0.120224 -0.258677 -0.206814 -0.057648 0.279939 0.110115 -0.165866 -0.097400 0.542310 0.184294 -0.034637 -0.102075 -0.080983 -0.180549 -0.006267 -0.075259
0.284895 -0.528421 -0.301328 0.371330 0.306963 -0.675717 0.538110 -0.487467 -0.167909 -0.393131 0.299762 -0.016744 -0.352762 -0.121498 0.411569 0.243756 -0.340863 -0.380701 0.430094 0.351078 0.028090 -0.117191 -0.078465 -0.168993 0.003291 -0.002259
0.350090 -0.585438 -0.642973 0.442854 0.416086 -0.994677 0.529570 -0.530885 -0.202241 -0.458977 0.505816 -0.197488 -0.529820 -0.161972 0.518556 0.472587 -0.360889 -0.471416 0.612977 0.338472 -0.050974 -0.164526 -0.016310 -0.141612 -0.001316 -0.002658
0.175642 -0.096407 -0.406404 -0.241118 0.136704 -0.386461 0.535284 -0.545482 -0.177524 -0.296208 0.431802 -0.447250 -0.443748 -0.118583 0.144976 0.078150 -0.105777 -0.490506 0.513177 0.361790 -0.084405 -0.137845 -0.111681 -0.312585 -0.005333 0.061096
0.205019 -0.448513 -0.146687 0.960772 -0.459893 0.733753 -0.916227 0.296179 -0.008321 -0.105667 0.319800 0.232019 0.407658 0.032850 0.098122 0.388160 -0.401418 -0.971905 0.202318 0.084065 0.222236 0.141918 0.164890 0.160224 0.018952 0.069308
0.160481 0.115228 0.087139 -0.002229 0.037074 -0.385698 0.291646 -0.195087 -0.082228 -0.020521 0.883480 -0.185366 -0.063161 -0.187410 0.547721 -0.677802 -0.491274 -0.314604 0.236291 0.069380 0.136417 -0.056457 -0.168630 -0.350800 0.018917 -0.094442
-0.289605 -0.020024 -0.266400 -0.472254 0.380207 -0.302404 1.004230 -0.170188 -0.084910 0.068961 0.221636 -0.666800 -0.233243 0.095542 0.171591 -0.014695 -0.155244 -0.114868 0.387488 -0.029846 -0.146355 -0.015491 -0.047675 -0.383804 -0.018227 -0.040286
-0.004171 -0.202054 -0.358619 -0.155085 0.357795 -0.213406 0.753678 -0.333635 0.021207 -0.080587 0.167329 -0.228821 -0.232406 0.018470 0.159292 -0.010018 0.062355 -0.254580 0.425327 0.128127 -0.070569 -0.049127 0.039290 -0.139966 -0.008287 -0.082063
0.260680 -0.047351 -0.372468 0.257758 -0.188374 0.686250 -0.204067 -0.165096 0.146658 0.137560 0.564189 -0.285454 0.066821 0.299873 0.125573 0.158722 -0.107260 -0.831311 -0.086026 0.383791 -0.007926 0.153356 0.129045 -0.230345 0.010742 -0.086801
-0.061868 -0.088978 -0.219114 -0.376446 0.273400 -0.103486 0.711505 -0.182357 -0.048399 -0.106598 0.194852 -0.400748 -0.229114 0.072052 0.151003 0.003242 -0.035276 -0.323523 0.396444 0.080962 -0.089061 -0.013888 -0.066821 -0.257569 -0.009218 -0.041894
0.165596 0.339594 -0.441478 0.412029 0.049595 -0.360425 -0.106103 -0.387457 0.077393 -0.550286 0.617335 -0.647682 -0.101482 0.336222 0.259918 -0.181417 -0.462731 -0.055230 0.651770 0.131264 0.077558 0.020380 -0.151722 -0.415176 0.016929 -0.082793
0.235741 0.001558 -0.184825 -0.202116 0.338787 -0.150441 0.824556 -0.151137 -0.031057 -0.323400 0.375019 -0.350813 -0.100251 0.549708 0.215279 0.112034 -0.492558 -0.242401 0.190008 -0.227930 -0.064213 -0.036492 -0.067587 -0.552459 0.003609 -0.172924
0.103235 -0.479255 -0.224530 -0.027235 0.077382 -0.326768 0.560373 -0.484669 -0.132560 -0.341944 0.450534 -0.289873 -0.213000 -0.076721 0.253566 0.200338 -0.250858 -0.293418 0.466493 0.308085 -0.031372 -0.122533 -0.289728 -0.238062 0.007931 0.108382
0.506737 -0.052328 -0.137838 -0.226327 0.394808 -0.313762 0.534827 -0.319119 -0.010331 -0.188090 0.294498 -0.342737 -0.322384 -0.049014 0.199489 0.083531 -0.148810 -0.096263 0.508172 0.440548 0.009994 -0.078979 -0.150143 -0.228368 0.000761 -0.246459
0.233883 0.159644 0.253705 -0.250805 -0.007714 -0.013609 0.566162 -0.217204 -0.265754 0.123348 0.559277 0.365817 -0.584801 -0.898935 0.489386 -0.081170 0.336425 -0.601540 -0.066328 0.166357 0.038982 -0.192044 0.027908 -0.039878 -0.009235 -0.101495
0.052497 0.080354 -0.248752 0.592894 -0.021815 -0.569552 -0.061083 -0.338959 0.056503 -0.563613 0.443882 -0.259296 -0.004311 -0.042230 0.410350 -0.414829 -0.498846 0.049603 0.429937 0.135308 0.167498 -0.016539 -0.207679 -0.217230 0.016834 0.031579
0.278311 -0.599088 -0.455212 1.546145 -0.446006 0.513494 -1.266324 0.236455 -0.086838 -0.052167 0.367071 0.576784 0.550856 0.143547 -0.139675 0.522363 -0.608722 -1.356361 0.193566 0.225979 0.284701 0.044232 0.047950 0.227721 0.037754 0.090798
0.079069 -0.125100 -0.303302 -0.148445 0.267826 -0.321021 0.671633 -0.621961 -0.095659 -0.183945 0.314480 -0.062139 -0.125722 -0.002479 0.342441 0.057142 -0.582756 -0.233255 0.235742 0.507274 0.010249 -0.136035 -0.190745 -0.375767 -0.004968 -0.054306
0.129662 -0.044247 -0.027676 -0.385315 0.109768 -0.048774 1.039264 -0.540426 0.030249 -0.379820 0.411007 -0.558914 -0.427582 -0.143335 0.271103 0.020388 -0.364605 -0.380069 0.402137 0.263788 -0.082197 -0.052495 -0.071716 -0.368332 -0.000388 0.002411
-0.183083 0.032906 -0.243284 -0.299277 0.425343 -0.312884 0.585699 -0.339154 0.016492 -0.205986 0.079757 -0.282493 -0.266371 0.020367 0.179809 -0.121006 -0.086018 -0.296362 0.562807 -0.043365 -0.088564 -0.008960 -0.089371 -0.244107 -0.006592 -0.032018
0.393496 -0.478015 -0.420076 0.066714 0.197260 -0.305787 0.401320 -0.330969 -0.071420 -0.400701 0.348543 -0.269014 -0.201189 -0.073042 0.185008 0.343616 -0.582701 -0.579100 0.507528 0.514694 0.015125 -0.066292 -0.041760 -0.239667 0.010019 -0.003724
0.129851 -0.011138 -0.149793 -0.372662 0.266165 -0.079245 0.533741 -0.259482 -0.044393 -0.305040 0.139870 -0.261035 -0.284051 -0.094174 0.017411 0.050856 -0.097621 -0.117282 0.385408 0.200950 -0.046805 -0.040030 -0.056709 -0.181363 -0.005201 -0.065619
0.317680 -0.123046 -0.197457 0.547066 -0.322788 0.554196 -0.986410 -0.027358 0.166349 0.043807 0.365739 0.376642 0.165539 -0.138145 -0.034422 0.440029 0.092161 -1.065860 0.075864 0.419225 0.196899 -0.001198 0.138334 0.273795 0.021135 -0.006445
0.106780 -0.664404 -0.517578 0.047540 -0.040849 0.104392 0.163697 -0.560025 0.033055 0.173856 0.999294 -0.525757 0.061235 0.135167 0.397161 0.412686 -0.261825 -1.201080 0.935198 0.263182 0.152027 -0.003507 -0.085793 -0.257962 0.010784 0.069945
0.238113 -0.262977 -0.363126 0.485892 -0.275414 0.621685 -0.597776 0.010278 0.028290 0.092381 0.578370 0.019385 0.099220 0.311439 -0.003476 0.314788 -0.256776 -0.852864 0.000261 0.351936 0.061523 0.087405 0.056354 -0.110299 0.015772 -0.002064
0.292938 -0.219651 -0.418957 -0.197780 0.445620 -0.095814 0.754599 -0.578660 0.049950 -0.266629 0.156467 -0.393419 -0.389247 0.001298 0.055859 0.225409 -0.433057 -0.319374 0.572856 0.456847 -0.030925 -0.056827 -0.003563 -0.489008 -0.000002 -0.119813
0.238290 0.094710 0.294330 -0.264321 -0.060998 -0.144714 0.846278 -0.290750 -0.199570 0.632946 1.100689 -0.116674 -0.611209 -0.260278 0.802775 -0.620824 0.393514 -0.709164 -0.277906 0.696865 -0.011360 -0.121779 -0.189682 -0.232525 -0.017512 -0.207895
0.283239 -0.295738 -0.206020 -0.076535 0.180039 -0.372329 0.499579 -0.271456 -0.075167 -0.359600 0.296450 -0.096904 -0.374420 -0.205881 0.241279 0.107899 -0.138162 -0.370082 0.451819 0.386737 -0.013725 -0.061806 -0.039561 -0.145989 -0.002158 -0.020108
0.002095 -0.460736 -0.269315 -0.055399 0.114548 -0.453078 -0.818130 -0.163966 -0.003936 -0.044162 0.417513 0.658377 -0.112831 -0.071193 -0.073708 0.424029 -0.038732 -0.686897 0.266482 0.393197 0.109662 -0.179019 -0.350133 0.673115 0.018811 0.148132
0.282774 -0.291022 -0.511252 -0.052648 0.284530 -0.239536 0.489132 -0.442204 0.051849 -0.193529 0.304787 -0.504086 -0.240125 0.086014 0.116519 0.344238 -0.369050 -0.420477 0.406275 0.331553 -0.069410 -0.054942 -0.103763 -0.270580 -0.003217 -0.039576
0.118353 -0.151100 -0.560696 0.009388 0.361553 -0.223625 0.602646 -0.619806 -0.052151 -0.447577 0.406638 -0.208239 -0.305746 0.001365 0.626778 0.058682 -0.296159 -0.410851 0.559074 0.534327 0.055990 -0.157689 -0.253152 -0.646577 -0.001678 -0.100778
0.461965 -0.459225 -0.451798 0.180053 0.255495 -0.235214 0.543160 -0.269691 -0.067483 -0.537764 0.400728 -0.136186 -0.204983 -0.086205 0.136086 0.425681 -0.657182 -0.886191 0.454920 0.401753 0.023905 -0.106005 -0.057529 -0.112724 0.008161 -0.051045
0.372478 -0.512767 -0.383441 0.198514 0.209818 -0.584659 0.486490 -0.374030 -0.174162 -0.375509 0.405437 -0.169880 -0.519529 -0.167393 0.433057 0.408806 -0.219369 -0.516902 0.514094 0.321541 -0.051613 -0.122123 0.007859 -0.095465 -0.000927 0.016139
-0.154079 -0.020569 0.116038 -0.127640 0.451173 -0.119001 0.666073 0.139771 0.038929 -0.232375 -0.065763 0.529345 0.043200 -0.270525 0.286543 -0.474782 -0.131660 -0.519301 0.132451 -0.323877 -0.114501 -0.098768 0.041690 0.270901 -0.001546 -0.148062
0.236083 -0.179002 0.105100 -0.288007 -0.087820 -0.051544 0.762575 -0.151726 -0.288524 0.403944 0.987545 0.088766 -0.709673 -0.850882 0.789765 -0.315493 0.303037 -0.677429 0.102293 0.309854 0.102871 -0.145114 0.123661 -0.073984 -0.010533 -0.087790
0.352908 -0.220204 -0.345815 -0.294511 0.289392 -0.439837 0.693526 -0.441880 0.007463 -0.386740 0.586339 -0.259383 -0.318642 -0.159940 0.163452 0.099334 -0.434447 -0.506046 0.516316 0.521728 0.034163 -0.115095 -0.028961 -0.258210 0.001135 -0.073899
-0.189236 -0.247831 -0.250477 -0.328669 0.398019 -0.658642 0.932305 -0.464798 0.025157 -0.352440 0.128786 -0.341222 -0.356376 0.065804 0.287952 0.018329 -0.232080 -0.385397 0.703506 -0.059183 -0.105035 -0.051042 -0.173244 -0.358484 -0.009199 0.085921
0.190519 -0.040117 0.179590 -0.229560 -0.096323 -0.030674 0.749361 -0.389390 -0.312367 0.209393 0.694771 0.261877 -0.864336 -1.088141 0.688481 -0.177279 0.559657 -0.738356 -0.166314 0.309149 0.038195 -0.201953 0.140691 -0.037753 -0.017870 0.003297
0.261229 -0.109314 -0.162283 0.367895 -0.153023 0.510996 -0.403590 -0.124368 0.150759 0.087766 0.485205 0.024410 -0.030681 -0.004984 0.125450 0.064108 0.096443 -0.712822 0.057908 0.263118 0.120256 0.055991 0.066417 0.008696 0.015720 -0.068133
0.306834 0.120734 -0.019624 0.007283 0.015244 -0.120041 0.404172 -0.163752 -0.197730 0.131549 0.754843 -0.157628 -0.452936 -0.275844 0.390599 -0.033295 0.018676 -0.405388 0.222209 0.167520 0.077643 -0.047204 -0.062222 -0.361347 0.007884 -0.156892
0.446165 -0.333595 -0.589649 -0.061723 0.226142 -0.258149 0.647632 -0.372454 -0.000646 -0.122310 0.301129 -0.434602 -0.195769 -0.038250 0.173714 0.260275 -0.398581 -0.428455 0.414367 0.395375 -0.050933 -0.061003 -0.088695 -0.351064 0.001575 -0.082291
0.164119 -0.099547 -0.349985 -0.224481 0.129246 -0.604122 0.456481 -0.548746 -0.217730 -0.209673 0.390112 -0.422594 -0.498747 -0.039654 0.164301 0.046750 0.050793 -0.535729 0.437128 0.270521 -0.085444 -0.132278 -0.123150 -0.266377 -0.005977 0.102902
0.206699 0.194444 -0.130827 0.146487 0.071246 0.009895 0.395862 -0.061355 -0.057210 0.063004 0.672107 0.105708 -0.809732 -0.586112 0.506272 -0.125580 0.314661 -0.634753 -0.025861 0.268379 0.038901 -0.096963 0.073235 -0.148714 -0.007779 -0.164013
0.004716 0.202627 -0.315711 -0.266380 0.254125 -0.009526 0.839328 -0.311438 0.060018 -0.260885 0.192777 -0.337383 -0.249726 -0.078983 0.167331 -0.008608 -0.362927 -0.229317 0.308182 -0.044347 -0.077949 0.002647 0.141561 -0.430986 -0.020352 -0.095795
0.313654 -0.579126 -0.345458 0.044834 0.196286 -0.451265 0.441092 -0.425777 -0.118187 -0.183620 0.334476 -0.424559 -0.128392 0.095362 0.309958 0.080667 -0.574545 -0.401621 0.444140 0.575911 0.009903 -0.051661 -0.071687 -0.380877 0.012608 0.030154
0.132351 -0.111178 -0.247600 -0.225928 0.173177 -0.097155 0.508274 -0.255774 -0.044399 -0.176928 0.103161 -0.347327 -0.171192 -0.048515 0.159076 -0.009953 -0.137383 -0.118511 0.159704 0.179881 -0.036642 -0.004116 -0.052689 -0.313410 -0.012450 -0.014814
-0.152640 -0.253339 -0.190756 -0.441162 0.312172 0.342072 0.982884 -0.370341 0.112738 -0.122701 0.437382 -0.420493 -0.516841 -0.203044 0.100464 -0.115978 -0.186679 -0.203293 0.366123 -0.050953 -0.179015 -0.093207 -0.193705 -0.229737 -0.008330 0.000171
-0.010804 -0.342109 -0.055920 0.020375 0.258562 -0.091719 -0.662306 0.133426 -0.095694 -0.063636 -0.272666 0.605580 -0.070512 0.077995 0.045608 -0.095735 -0.021998 -0.132633 -0.317766 0.319807 0.163498 -0.163000 0.067556 0.383826 0.010770 0.043147
0.191708 0.024731 0.299047 -0.484175 -0.066837 -0.114611 0.585147 -0.165143 -0.239729 0.147188 0.728157 0.017222 -0.328168 -0.487079 0.421079 -0.293496 0.402231 -0.508000 0.126903 0.271294 -0.025021 -0.161630 -0.028272 -0.042868 -0.013652 -0.074288
0.102925 -0.077691 -0.242688 -0.185575 0.317968 -0.195173 0.855491 -0.359090 0.102256 -0.191344 0.285309 -0.472015 -0.432036 0.110849 0.310935 0.012757 -0.162329 -0.227404 0.651780 0.063106 -0.045179 -0.052326 0.024884 -0.271236 -0.008759 -0.123470
0.125400 -0.292119 -0.180123 0.043748 0.076164 -0.258949 -0.695828 -0.095216 0.089421 0.065604 0.205666 0.518699 -0.034316 -0.021478 -0.106796 0.317745 -0.237811 -0.688455 0.048110 0.238829 0.107282 -0.135986 -0.121755 0.513973 0.018927 0.083298
0.172557 -0.182546 -0.345388 0.336242 0.156761 -0.617480 0.244304 -0.502670 0.014788 -0.302306 0.416221 -0.002850 -0.632989 -0.207603 0.318874 0.118847 -0.367501 -0.424680 0.481409 0.282311 0.027450 -0.113755 -0.158576 -0.142848 0.009243 0.048017
0.048145 0.038417 -0.410423 -0.279373 0.213539 -0.164073 0.614861 -0.450647 0.028461 -0.276155 0.341977 -0.035886 -0.089575 -0.088648 0.380471 0.049711 -0.392268 -0.091925 0.158086 0.450132 0.058423 -0.135438 -0.109240 -0.263974 -0.006061 -0.095680
0.229820 0.089934 -0.014407 -0.070429 0.040911 -0.434882 0.352844 -0.028577 -0.040525 0.071477 0.808460 -0.192903 0.004908 -0.035985 0.543693 -0.587698 -0.447765 -0.329782 0.236953 0.271783 0.124324 0.024882 -0.072306 -0.419979 0.019836 -0.162171
0.397346 0.067936 -0.395462 0.343873 0.128428 0.007242 0.116235 -0.400447 0.112573 -0.467440 0.507636 -0.713892 0.004274 0.579353 0.147068 0.194598 -0.738689 0.308587 0.420040 0.162057 0.015939 0.065290 -0.063358 -0.495831 0.010977 -0.179304
0.229695 -0.135669 -0.289755 -0.320623 0.266263 -0.460938 0.683736 -0.334941 0.034101 -0.350448 0.200019 -0.238472 -0.275757 -0.048542 0.117932 0.044174 -0.225461 -0.175667 0.365756 0.280472 0.024378 -0.088860 -0.072023 -0.213000 0.002999 -0.036823
0.285088 -0.429273 -0.198189 0.179589 0.199535 -0.478196 0.321601 -0.326397 -0.107607 -0.152314 0.258153 -0.031924 -0.231625 -0.041393 0.263789 0.242729 -0.263185 -0.203661 0.262767 0.229221 0.009662 -0.059100 0.026428 -0.073791 0.006212 -0.013068
0.011244 -0.037146 -0.082935 0.434090 -0.096394 -0.243192 0.354072 -0.314693 -0.023179 0.004927 0.436618 -0.220412 -0.110945 0.529063 0.346694 -0.086730 -0.340437 -0.351786 0.247701 0.198010 0.092706 0.010392 -0.144644 -0.343077 0.019506 -0.031349
0.156708 0.164769 0.193476 -0.259991 -0.000613 -0.030090 0.405731 -0.155658 -0.260815 0.069022 0.389413 0.225810 -0.517846 -0.872086 0.511845 -0.209464 0.437500 -0.511060 -0.033264 0.148110 0.032336 -0.189141 0.009558 0.020450 -0.011534 -0.058895
0.173880 -0.333605 -0.200038 -0.206278 0.312649 -0.319077 0.403941 -0.431820 -0.012734 -0.403737 0.181810 -0.069243 -0.386989 -0.040041 -0.053843 0.349020 -0.201766 -0.360806 0.185677 0.223117 -0.003023 -0.070267 0.007378 -0.083483 0.003825 0.063312
-0.204982 -0.113543 0.068383 0.068033 0.236112 0.030065 1.027521 -0.028614 -0.052158 -0.275151 0.136159 -0.158416 -0.214876 -0.259380 0.242395 -0.331327 -0.430312 -0.753145 0.215330 -0.633720 -0.294121 -0.079572 0.079343 -0.248759 -0.008398 0.045783
-0.142361 -0.269694 -0.076455 0.082775 -0.093750 -0.559053 -0.724226 -0.087156 -0.083237 -0.211278 -0.125485 0.452407 -0.236618 -0.003396 -0.385997 0.040217 -0.062872 -0.160537 -0.176453 0.143060 -0.015614 -0.188732 -0.149202 0.332200 0.013186 0.355381
0.652072 0.198854 -0.089846 0.161334 0.183771 0.245522 1.002408 -0.067602 -0.052403 0.074011 0.390138 -0.789086 -0.378647 0.143837 0.220224 0.371004 -0.391291 -0.795327 0.004386 -0.633045 -0.117657 -0.091534 0.188310 -0.489081 -0.009139 -0.271802
0.101115 -0.356635 -0.120383 -0.243810 0.169848 -0.366625 0.708537 -0.638767 -0.077268 -0.223152 0.344050 -0.154884 -0.216113 0.105842 0.299401 0.002875 -0.501921 -0.324104 0.354067 0.515668 -0.058950 -0.129529 -0.255721 -0.497264 0.004140 0.056511
0.074413 -0.178932 0.183608 -0.098260 0.007494 0.325018 0.743658 0.035304 -0.178097 -0.188529 0.433703 -0.414090 -0.715326 -0.512161 0.074405 0.079895 -0.266655 -0.787972 0.449913 -0.610784 -0.245840 -0.090922 -0.083381 -0.265499 -0.012767 0.106579
0.075721 -0.155874 -0.327483 -0.270182 0.357002 -0.148830 0.827894 -0.389637 -0.051308 -0.059715 0.370321 -0.339529 -0.262031 0.225853 0.489068 0.065437 -0.082314 -0.235273 0.118117 0.000843 0.008073 -0.076175 -0.127890 -0.408508 -0.004237 -0.108411
0.052173 0.330762 -0.220251 0.029114 0.297087 -0.735578 0.598926 -0.924701 -0.001100 -1.198483 0.313647 -0.313094 -0.419645 0.699175 0.044698 -0.152096 -0.966274 0.194232 0.273710 0.459126 0.043463 0.202167 0.002595 -0.878744 0.032265 0.041467
-0.059939 -0.061110 -0.098714 -0.514821 0.199641 -0.216955 0.568799 -0.367224 -0.014274 -0.123772 0.230934 -0.455565 -0.377414 0.060347 -0.143543 0.024403 -0.076080 -0.023093 0.355621 -0.194524 -0.219809 -0.079623 -0.202257 -0.478995 -0.008528 0.104447
0.102296 -0.527803 -0.613459 -0.124621 0.273961 -0.525239 0.841867 -0.496185 -0.014448 -0.454559 0.669343 -0.380762 -0.405876 0.152126 0.198049 0.303970 -0.315052 -0.671489 0.883359 0.281213 -0.136808 -0.039439 -0.108735 -0.393711 0.002077 0.058527
0.028194 -0.062178 -0.248019 -0.158942 0.076005 -0.007807 0.514384 -0.203024 -0.045568 -0.179113 0.147211 -0.155269 -0.157499 0.037832 0.208626 0.015539 -0.159000 -0.194086 0.127113 0.097772 -0.037174 -0.013380 -0.020917 -0.264701 -0.010724 -0.004160
0.056925 0.001568 -0.285600 -0.319289 0.231153 -0.010615 0.594952 -0.224886 0.005079 -0.119399 0.490691 -0.357899 -0.244250 0.144112 0.092222 -0.174772 -0.141263 -0.231041 0.217220 0.138444 -0.107453 -0.085845 -0.071813 -0.292710 -0.012086 -0.088065
0.221353 0.073259 0.243039 -0.369717 0.139520 -0.119191 0.555721 -0.316152 -0.180676 0.194838 0.546406 0.190309 -0.675146 -0.636905 0.450155 0.009259 0.439714 -0.693115 0.064967 0.158234 -0.006679 -0.115647 0.008361 -0.087033 -0.013940 -0.103263
0.383150 -0.461956 -0.450509 -0.044453 0.530194 -0.334691 0.853735 -0.625439 -0.064407 -0.320328 0.674918 -0.682954 -0.307525 0.218668 -0.054418 0.305519 -0.512911 -0.680687 0.834514 0.137140 -0.186407 -0.131858 -0.342112 -0.662915 0.005415 -0.085710
0.166565 -0.395768 -0.599211 -0.032873 0.355604 -0.332614 0.952176 -0.801622 0.091451 -0.482165 0.850109 -0.615961 -0.349556 0.192065 0.145268 0.457128 -0.554663 -0.741823 1.067083 0.364024 -0.138453 0.059061 -0.071766 -0.748853 0.007329 -0.032174
-0.078822 -0.284013 -0.221103 -0.344010 0.269854 -0.249174 0.668262 -0.328290 -0.043086 -0.358153 0.314219 -0.204089 -0.249848 0.060815 0.311101 0.136106 -0.058734 -0.060840 0.225402 0.163982 -0.012783 -0.096001 -0.080822 -0.405330 -0.004592 0.033461
0.235759 -0.303010 -0.322217 -0.204054 0.186204 -0.290277 0.636190 -0.327517 -0.082435 -0.291399 0.303989 -0.367267 -0.330414 -0.042568 0.129265 0.178097 -0.183107 -0.403504 0.618675 0.306686 -0.084036 -0.081523 -0.079682 -0.222842 -0.003638 -0.003468
-0.067700 -0.107233 -0.167536 -0.376043 0.175567 -0.109609 0.476655 -0.150132 -0.079544 -0.137485 0.089922 -0.357926 -0.089068 -0.021982 0.125807 0.035143 -0.065328 -0.043035 0.282149 0.128091 -0.067495 -0.003064 -0.079786 -0.164085 -0.007636 0.010360
-0.152381 -0.131225 0.281043 -0.060530 0.022282 0.345362 0.732005 0.200963 -0.084362 -0.320808 0.247184 -0.356683 -0.584834 -0.813513 0.072095 -0.107003 0.049253 -0.747023 0.187918 -0.964707 -0.281594 -0.102659 -0.011472 -0.040202 -0.021938 0.187011
-0.019395 -0.124672 -0.352379 -0.031865 0.167905 -0.249761 0.492582 -0.505486 -0.041923 -0.228042 0.271109 -0.208040 -0.175431 -0.068000 0.388458 0.094246 -0.191078 -0.259093 0.349684 0.197737 0.011499 -0.080702 -0.196584 -0.490794 -0.001439 0.025681
-0.149296 -0.320965 0.388362 0.541191 -0.463355 0.759397 -0.550965 0.035642 0.202609 0.120438 0.089810 0.224251 0.588733 0.125055 0.378234 -0.034667 -0.234032 -0.651135 -0.215072 -0.150252 0.195260 0.111963 0.222257 0.182868 0.011386 0.130525
-0.129321 0.475930 -0.104546 0.224525 0.254699 -0.959820 0.352516 -0.836941 -0.065422 -1.158965 -0.022272 -0.354894 -0.239934 0.133891 0.287125 -0.083259 -0.588222 0.446876 0.322670 0.071295 0.093917 0.106994 -0.312264 -0.578944 0.007292 0.108025
0.002773 0.110307 0.202569 0.048008 -0.308538 0.843798 0.222335 -0.104928 0.186201 -0.021408 0.549383 -0.267107 0.192327 -0.007309 0.532112 -0.242999 -0.131500 -0.749716 0.077318 -0.201919 0.112522 0.064416 0.262139 0.004075 -0.002743 -0.059635
0.186096 -0.283140 -0.220822 0.042898 0.171178 -0.283771 0.347175 -0.510195 -0.047053 -0.279391 0.291471 -0.330858 -0.032191 0.111384 0.063069 0.129337 -0.175500 -0.323959 0.377714 0.053935 -0.055471 -0.066034 -0.209199 -0.294740 0.000028 0.046962
0.344627 -0.292400 -0.259609 -0.204774 0.182869 -0.282159 0.430762 -0.503505 0.011515 -0.423677 0.662327 -0.213999 -0.216845 -0.088375 0.122686 0.000024 -0.411210 -0.495069 0.421890 0.397347 0.007108 -0.120640 -0.065549 -0.193947 0.003193 -0.002330
-0.077314 -0.009883 -0.194960 -0.389152 0.258475 -0.307172 0.424497 -0.256837 -0.107021 -0.042151 0.204718 -0.177549 -0.192822 0.124275 -0.107884 -0.043022 -0.052399 -0.040063 0.336271 -0.154627 -0.152468 -0.104532 -0.199856 -0.409051 -0.005392 0.025156
-0.008459 -0.408578 -0.366846 0.202521 -0.262413 0.473510 -0.039098 -0.288884 0.078714 0.045175 0.577676 -0.118315 0.067192 0.145097 0.183625 0.588499 -0.136377 -0.980773 0.150998 0.334331 0.054072 0.025429 -0.033535 -0.033651 0.015256 0.110137
0.234019 -0.270278 -0.302137 -0.153063 0.303091 -0.184714 0.713355 -0.264336 -0.044931 -0.212208 0.185394 -0.459107 -0.166729 -0.012768 0.287691 0.140017 -0.340497 -0.321506 0.423821 0.370071 0.000921 -0.088228 -0.167905 -0.181720 0.003572 -0.101412
0.163745 0.051014 0.048786 0.262881 -0.212527 0.490683 -0.278655 0.032648 0.118588 0.382581 0.564481 -0.076443 0.160622 -0.007592 0.029341 -0.076928 -0.074313 -0.358101 -0.125189 0.055314 0.059238 0.159061 0.306018 -0.157439 0.003777 -0.108263
-0.087938 -0.304316 -0.015497 0.055442 -0.084071 -0.313804 -0.722780 -0.184313 0.059192 0.016255 0.082144 0.473479 -0.161685 -0.072222 -0.284456 0.291323 -0.013034 -0.333592 0.061771 0.152305 0.030340 -0.180337 -0.044465 0.476147 0.010500 0.243861
-0.033403 -0.081544 -0.031803 0.463698 -0.012707 -0.545633 0.999284 -0.279482 -0.120084 -0.379314 0.063833 -0.437949 -0.494948 -0.160526 0.511251 -0.305840 -0.537388 -0.543214 0.365245 -0.615987 -0.158890 -0.112041 -0.005105 -0.601153 -0.020171 0.176728
-0.177521 0.063193 0.059163 -0.263418 0.400014 0.098937 0.885783 0.106760 0.130086 -0.122202 -0.051609 0.377533 -0.037612 -0.248673 0.297481 -0.336473 -0.116513 -0.555941 0.061922 -0.460145 -0.182967 -0.053602 0.158241 0.064069 -0.001090 -0.152179
0.166615 -0.079426 -0.270043 -0.201150 0.232175 -0.426080 0.326697 -0.306014 -0.054062 -0.345262 0.212998 -0.176243 -0.407118 0.255711 -0.009235 0.150235 -0.275530 -0.325303 0.282659 0.184435 -0.038374 -0.145344 -0.114160 -0.166823 0.000827 0.023549
-0.045680 -0.271298 -0.153596 -0.380476 0.237395 0.054151 0.770777 -0.499675 0.055704 -0.038238 0.166132 -0.219729 -0.083796 0.129255 0.546161 -0.214660 -0.014244 -0.447655 0.210015 0.245259 -0.032104 -0.044495 0.028412 -0.204071 -0.007349 -0.031397
0.203206 -0.451522 0.011042 -0.094802 0.221794 -0.162615 0.322784 -0.238876 -0.073355 -0.241493 0.194641 -0.167223 -0.286104 -0.065186 0.218346 0.234048 -0.129865 -0.219863 0.421341 0.257538 0.005845 -0.043972 -0.063148 -0.071220 0.002611 -0.004767
-0.178519 -0.129799 0.060663 -0.056209 0.282409 0.072315 0.681992 0.071406 -0.055413 -0.294499 0.090256 0.095959 -0.119059 -0.210368 0.092083 -0.398107 -0.149335 -0.596540 0.159767 -0.547161 -0.217657 -0.118241 -0.000275 0.028135 -0.009629 0.017084
-0.079269 -0.412241 -0.064716 0.018385 0.182854 -0.288065 -0.834890 0.158669 -0.103705 -0.125540 -0.199616 0.911611 -0.208592 -0.081521 -0.033071 -0.096601 0.088489 -0.456270 -0.216823 0.380392 0.120555 -0.161903 0.064166 0.520052 0.013364 0.152006
-0.256073 -0.186241 0.108694 -0.467702 0.136447 -0.043593 1.258961 -0.885284 0.264618 -0.052813 0.514019 -0.936313 -0.536488 0.068740 -0.113584 0.024181 0.222449 -0.336761 0.479198 -0.361338 -0.324837 -0.051328 -0.160618 -0.379722 -0.017649 0.188165
0.211063 -0.380194 -0.207508 -0.548470 0.427684 0.148475 0.944158 -0.593623 0.072623 -0.043474 0.208738 -0.333078 -0.153804 0.187586 0.609124 -0.211869 -0.086249 -0.407379 0.372189 0.278707 -0.070450 -0.058159 0.003382 -0.309603 -0.006880 -0.149925
0.361092 -0.446400 -0.258631 0.011402 0.186736 -0.272044 0.490974 -0.238931 -0.119194 -0.411448 0.355999 -0.267875 -0.133872 -0.019683 0.156598 0.229545 -0.547512 -0.618343 0.403782 0.381685 0.010244 -0.088110 -0.055386 -0.101212 0.008654 -0.007406
0.291307 -0.543775 -0.490886 -0.088794 0.073783 0.077416 -0.010196 -0.329879 0.102866 0.160091 0.869693 -0.289053 0.041582 0.088073 0.124812 0.511622 -0.346695 -0.973199 0.608661 0.459782 0.058192 0.031213 -0.015887 -0.193803 0.000037 -0.031805
-0.096396 0.280359 -0.201047 -0.281007 0.253506 -0.035612 0.623818 -0.221776 0.032978 -0.369597 0.135807 -0.282952 -0.329298 0.095724 0.105206 -0.114391 -0.446467 -0.284396 0.153046 0.068734 -0.054659 0.000463 0.165730 -0.420175 -0.021165 -0.048399
0.004424 0.200516 -0.231677 0.394637 0.041743 -0.164623 0.150646 -0.089527 -0.039497 -0.026054 0.549286 -0.304212 0.028805 0.345520 0.064393 0.140569 -0.223495 -0.235185 0.197595 0.272694 0.068981 -0.002237 -0.053727 -0.343462 0.014820 -0.149859
-0.026085 -0.030585 -0.420414 -0.196324 0.198567 -0.220207 0.529245 -0.380325 -0.080973 -0.232552 0.321935 -0.280091 -0.261352 -0.149645 0.387156 0.058258 -0.187043 -0.162854 0.327663 0.407807 -0.003817 -0.127794 -0.227715 -0.421432 -0.012158 -0.022758
-0.000679 -0.529959 -0.575472 0.786124 -0.000138 -0.307689 -0.662189 -0.017698 -0.064022 -0.397638 0.288745 -0.073375 0.269582 -0.112204 -0.073304 0.652438 -0.475080 -0.667889 0.344273 0.230297 0.072306 -0.131394 -0.044342 0.110756 0.020100 0.184992
0.158867 -0.151864 -0.165577 -0.075557 0.208188 -0.268634 0.323104 -0.400288 0.079118 -0.150151 0.212441 -0.134439 -0.276490 -0.142094 0.083530 0.189317 -0.122292 -0.366575 0.306321 0.100698 -0.047937 -0.083265 0.010179 -0.113762 0.003889 0.004949
-0.227118 -0.082133 -0.009786 0.098447 0.304056 -0.085252 0.631235 0.077454 -0.005353 -0.200102 -0.111485 0.349277 0.067184 -0.052473 0.086983 -0.456630 -0.265669 -0.416381 0.088052 -0.415942 -0.165896 -0.109691 0.030107 0.157802 -0.002166 -0.038431
0.152662 -0.025442 -0.092349 -0.045181 0.214185 -0.305652 0.765506 -0.355793 -0.072914 -0.222162 0.163669 -0.412351 -0.240168 -0.068847 0.158086 0.086701 -0.275868 -0.376770 0.313663 0.292599 -0.086171 -0.125809 -0.185762 -0.394321 -0.000583 -0.054630
0.082355 -0.144523 -0.314881 -0.169070 0.244473 -0.234702 0.603982 -0.293717 0.030806 -0.231664 0.197582 -0.149610 -0.114621 -0.113081 0.311974 0.078943 -0.156960 -0.163210 0.224792 0.280361 0.064252 -0.060455 -0.024605 -0.259456 -0.001891 -0.064909
0.151636 0.007545 0.087563 0.057751 -0.210188 0.940024 -0.176238 -0.091674 0.117527 0.068810 0.472090 -0.128587 0.131729 -0.023067 0.571105 -0.076913 -0.200060 -0.558430 0.182654 -0.101888 0.202700 0.007616 0.293253 0.099029 0.008495 -0.120625
0.133001 -0.024610 -0.163745 -0.105034 0.236960 -0.244407 0.237032 -0.365765 0.011622 -0.162112 0.424803 -0.068735 -0.264970 -0.119811 0.124561 0.255198 0.018616 -0.451140 0.313206 0.039802 -0.080033 -0.096362 -0.049035 -0.194853 -0.000466 -0.044594
0.181951 -0.206025 -0.090515 -0.040291 0.142971 -0.483925 0.380340 -0.307968 -0.148782 -0.072529 0.019324 -0.233500 -0.286438 0.081956 0.130959 0.112294 -0.084762 -0.295396 0.226348 0.199426 -0.058296 -0.117324 -0.165785 -0.226758 0.000352 0.046241
0.131317 -0.434402 -0.167444 -0.009091 0.217804 -0.235429 0.435320 -0.378048 -0.167195 -0.165939 0.349607 -0.131764 -0.087572 -0.046191 0.226407 0.159414 -0.284206 -0.274278 0.440364 0.272232 0.041498 -0.133098 -0.254589 -0.259113 0.005823 -0.002309
-0.112744 -0.057958 0.063779 0.315133 -0.164471 0.453416 -0.466731 -0.010605 0.054544 -0.058378 0.238947 0.241600 0.471330 0.149601 0.135361 -0.084030 -0.245393 -0.388923 -0.034749 -0.042580 0.134400 0.030301 0.115430 0.137859 0.010524 0.009549
0.092050 -0.018176 -0.212539 -0.114543 0.313631 -0.112789 0.733737 -0.216926 0.001676 -0.117514 0.338133 -0.333154 -0.282271 0.015383 0.262020 0.016032 -0.105126 -0.449379 0.386438 0.056282 -0.056889 -0.032218 -0.046559 -0.283517 -0.008961 -0.141910
0.360676 -0.332233 -0.310859 -0.172278 0.224634 -0.535614 0.051317 -0.186800 0.047525 -0.242704 0.365451 0.529190 -0.046498 -0.190254 0.287513 0.199992 0.032938 -0.338122 0.055676 0.363662 0.090068 -0.170702 -0.262471 0.280364 0.005900 -0.068033
0.238486 -0.288033 -0.216268 -0.177477 0.307788 -0.294809 0.574612 -0.300060 -0.092861 -0.344139 0.159024 -0.323173 -0.236382 -0.131004 0.066192 0.166664 -0.250044 -0.299109 0.448072 0.437292 0.003807 -0.086732 -0.179160 -0.190488 0.008427 -0.038951
0.269533 0.130930 0.028030 -0.027288 0.034485 0.058087 0.381505 -0.209019 -0.129258 0.055929 0.621790 0.083521 -0.506526 -0.501596 0.189567 0.142701 0.045505 -0.524463 0.056718 0.107925 0.017732 -0.076159 -0.006508 -0.180437 0.001679 -0.114499
-0.152026 -0.155443 -0.067762 0.383660 0.216878 -0.314911 0.766021 -0.274272 -0.128849 -0.426054 0.123211 -0.245323 -0.224654 -0.290528 0.268404 -0.480908 -0.543052 -0.792445 0.372352 -0.387939 -0.262810 -0.075078 0.094122 -0.369009 -0.015185 0.129007
0.000259 -0.184192 -0.129401 -0.362857 0.193132 0.003261 0.514734 -0.207169 0.110849 -0.063471 0.296924 -0.320102 -0.305747 0.063606 0.152103 -0.157072 -0.111149 -0.365559 0.247444 0.265368 -0.073568 -0.071475 -0.067190 -0.253780 -0.010770 -0.005836
0.348541 0.328636 -0.235550 0.328935 0.108972 -0.092308 0.433449 0.001281 -0.066986 0.150644 0.612265 -0.309390 -0.695275 -0.029587 0.145450 0.099600 -0.121126 -0.432311 0.164925 0.306456 0.025710 0.013358 -0.003471 -0.442216 0.009501 -0.266299
-0.012874 -0.288126 -0.292953 -0.331439 0.270170 -0.140388 0.713701 -0.520740 0.072961 -0.073486 0.255275 -0.257844 -0.078899 0.128432 0.331763 -0.139531 0.065679 -0.202551 0.337099 0.227594 -0.031400 -0.032916 0.048972 -0.261225 -0.007501 -0.031141
0.338561 -0.130463 -0.107953 0.529086 -0.073581 -0.043985 0.140026 -0.118021 0.115223 -0.371593 0.204063 -0.430176 -0.096911 0.345882 0.201294 -0.032351 -0.452413 -0.242524 0.044673 0.288631 0.085491 0.063257 -0.023857 -0.453842 0.015059 -0.030963
0.018134 0.056238 -0.111987 -0.367783 0.175710 -0.214741 0.581422 -0.279390 0.121654 -0.205143 0.154550 -0.452308 -0.336851 0.108108 -0.102307 -0.058854 -0.184685 -0.063316 0.353530 -0.079248 -0.187563 -0.000365 -0.019582 -0.259317 -0.010649 0.023924
0.378964 -0.087389 -0.417465 0.244642 0.446325 -0.336032 0.343829 -0.416584 0.012466 -0.143527 0.412010 -0.439305 -0.026875 0.719791 0.049795 0.023494 -0.608547 0.098739 0.405360 0.101877 -0.017638 -0.008970 -0.133876 -0.628971 0.002932 -0.239588
0.700726 -0.099961 -0.301298 0.185972 0.210024 -0.154080 0.553333 -0.306104 0.091876 0.004858 0.558272 -0.838960 -0.446756 0.673015 0.158035 -0.499844 -0.629149 -0.226498 0.108871 0.236318 -0.004950 -0.014648 0.023073 -0.676554 0.012433 -0.205113
0.042635 0.084914 0.061000 0.151545 0.116555 -0.297677 0.309985 -0.422481 -0.041266 -0.108504 0.699459 -0.205149 -0.368022 -0.278496 0.541407 -0.330731 -0.259697 -0.380090 0.134171 0.056580 0.119938 -0.051139 -0.101151 -0.192899 0.008703 -0.032264
0.352950 -0.128906 -0.475212 0.437385 -0.201339 0.719357 -0.660500 -0.127033 0.091030 0.243937 0.833596 -0.195364 0.343051 0.156765 0.025003 -0.096832 -0.377521 -0.854022 0.164127 0.159903 0.123420 0.203283 0.271846 -0.298855 0.012543 -0.092153
0.062765 -0.236105 -0.329510 -0.117810 0.058946 -0.433012 -0.450762 -0.204145 -0.003878 0.047491 0.328612 0.101717 -0.343093 -0.005468 -0.111804 0.306473 -0.032315 -0.503238 0.237810 0.430191 -0.058195 -0.150243 -0.305817 0.307267 0.013465 0.129814
0.100752 -0.296319 -0.304440 0.425422 -0.217492 0.505268 -0.449701 -0.059831 0.017535 -0.044498 0.416477 0.083839 -0.058302 0.183207 0.031744 0.461482 -0.117891 -0.801670 0.044229 0.165712 0.105361 0.043425 0.022032 0.077429 0.015655 0.069832
0.451855 -0.343593 -0.579829 0.105438 0.512949 -0.350061 0.872016 -0.558837 -0.082323 -0.526911 0.609405 -0.614346 -0.328798 0.346890 0.088799 0.173936 -0.380185 -0.671372 0.715442 0.330741 -0.151373 -0.141086 -0.299311 -0.723682 0.013306 -0.148052
0.115290 0.295692 -0.017285 0.053249 0.223377 -0.877878 0.586891 -0.452383 -0.159390 -0.942431 0.063428 -0.314176 -0.472682 -0.060145 0.339943 -0.186389 -0.260673 -0.025433 0.278604 -0.018574 -0.014692 -0.047827 -0.165224 -0.499180 -0.004346 0.063517
0.057961 -0.510927 -0.185421 -0.072293 0.079756 -0.285491 0.374691 -0.500161 -0.029062 -0.265704 0.320886 -0.247832 -0.083428 -0.083353 0.267349 0.211397 -0.152901 -0.286857 0.369360 0.110934 -0.041652 -0.059550 -0.237406 -0.214243 0.005829 0.152346
-0.030302 -0.190407 -0.079991 0.281810 -0.208141 0.447872 -0.530797 0.035940 0.037568 0.244403 0.410659 0.261750 -0.028696 -0.120546 0.030579 0.176691 -0.012886 -0.476594 0.090829 0.055833 0.114236 0.001239 0.027543 0.165990 0.016630 0.039882
0.017345 -0.405102 -0.294415 -0.193032 0.101731 -0.419774 -0.711126 -0.245753 0.004688 -0.011436 0.443018 0.331316 -0.273038 -0.001484 -0.236320 0.408937 0.085564 -0.661487 0.292273 0.459066 0.005433 -0.172989 -0.377994 0.589160 0.014744 0.177410
0.214618 -0.666725 -0.682464 0.645916 0.072395 -0.466988 -0.571200 -0.296284 -0.049229 -0.318066 0.284844 -0.109350 0.412263 -0.199550 0.030787 0.754221 -0.462999 -0.703374 0.401311 0.097900 0.124093 -0.226460 -0.262517 0.168869 0.017256 0.184953
0.231996 0.004915 -0.021015 -0.008839 0.096133 -0.292938 0.428929 0.104716 -0.143089 0.284008 0.848457 -0.337896 -0.469416 -0.015811 0.343391 -0.129526 -0.016442 -0.568181 0.320930 0.339495 0.004370 -0.013089 -0.083798 -0.546059 0.009663 -0.182306
0.314933 -0.080853 -0.156198 0.017929 0.066013 0.308279 -0.330814 -0.271987 0.207199 0.181893 0.314350 0.195172 0.048935 -0.052981 0.317581 -0.072786 -0.119625 -0.144262 -0.058161 0.428947 0.244908 -0.021816 -0.148405 0.190686 0.010296 -0.168241
0.086682 -0.042676 -0.161839 -0.368479 0.206842 -0.112845 0.561736 -0.190736 0.078321 -0.045866 0.394214 -0.380998 -0.254043 0.072335 0.027102 -0.120951 -0.095793 -0.173796 0.341877 0.175097 -0.143659 -0.011143 -0.025853 -0.274883 -0.008756 -0.075628
0.257737 -0.447387 -0.262764 -0.190863 0.140997 -0.284472 0.173909 -0.719029 0.059654 -0.216290 0.587499 -0.128423 -0.174380 -0.043101 0.038833 0.319095 -0.094145 -0.623937 0.482221 0.352513 -0.021055 -0.128469 -0.072168 -0.073390 0.010003 0.090165
0.116499 -0.158042 -0.215471 -0.140434 0.205130 -0.193538 0.399292 -0.245213 -0.037017 -0.276535 0.172677 -0.106683 -0.206566 -0.093030 0.107372 -0.056553 -0.095256 -0.126771 0.304354 0.399712 0.009578 -0.065755 -0.055054 -0.203903 0.000359 -0.037289
-0.039488 0.036424 -0.191243 -0.034727 0.226039 -0.453537 -0.355189 -0.073138 -0.142867 -0.162552 -0.008657 0.361695 0.370360 -0.138767 0.289232 -0.030829 0.038308 -0.009547 -0.300391 0.249509 0.125023 -0.162795 -0.202847 0.303588 0.002506 -0.031712
-0.138127 0.027026 0.066562 -0.176307 0.295597 0.198517 0.994444 0.078525 0.067056 -0.115127 0.022570 -0.006275 -0.060117 -0.201754 0.261831 -0.266666 -0.196808 -0.483751 0.023399 -0.438320 -0.130009 -0.034529 0.179252 -0.115072 0.000687 -0.115306
0.190626 -0.072083 -0.239858 -0.143683 -0.373503 0.659298 -0.487902 0.046876 0.101800 0.315399 0.545692 -0.165140 0.037215 0.431183 -0.009379 0.371760 -0.019405 -0.521507 -0.044288 0.510666 0.018252 0.090760 -0.002989 -0.010349 0.002919 -0.021976
0.183953 -0.346638 -0.142252 -0.144694 0.219563 -0.433589 0.603699 -0.369643 -0.135177 -0.364358 0.311845 -0.280752 -0.230319 -0.097315 0.149827 0.106963 -0.371964 -0.278246 0.472945 0.588992 0.004637 -0.137770 -0.295433 -0.215901 0.009494 0.007607
0.168787 -0.117670 -0.202039 -0.117622 0.107819 -0.277443 0.358038 -0.517456 0.043222 -0.171823 0.485085 -0.194330 -0.232412 -0.255140 0.055511 0.365577 -0.364012 -0.448013 0.283079 0.371582 0.039422 -0.112006 -0.054901 -0.197421 0.000290 0.025951
0.048468 -0.050291 -0.291346 -0.367573 0.222475 -0.138345 0.640689 -0.293843 -0.003475 -0.276325 0.230056 -0.222413 -0.166175 -0.085013 0.420809 -0.028072 -0.203508 -0.106015 0.232712 0.357550 0.045795 -0.099580 -0.100348 -0.222806 0.000655 -0.072252
0.352957 0.080006 0.010368 -0.075146 0.052655 -0.220611 0.433002 0.003514 -0.183633 0.053794 0.844542 -0.344064 -0.424429 -0.143604 0.314867 -0.126430 -0.122650 -0.620318 0.255296 0.325667 0.020399 -0.065616 -0.121963 -0.531006 0.008747 -0.156657
1.119097 -1.311021 -1.246925 0.553213 1.169692 -0.955458 2.746931 -1.701615 0.030582 -0.137841 1.846715 -1.481277 -1.146444 0.152451 0.268436 0.625491 -1.337835 -2.091623 2.415593 0.262085 -0.401866 -0.079580 -0.648846 -1.805951 0.015249 -0.332845
0.363085 -0.059893 -0.197036 0.177890 -0.076290 -0.153575 0.019577 -0.247979 -0.123602 -0.140211 0.383554 0.111618 -0.231226 -0.177246 0.029739 0.112722 0.114758 -0.636064 0.171859 0.031460 0.021643 -0.098379 0.093848 0.097829 -0.001773 0.008507
0.187937 0.130310 -0.303147 -0.297729 0.202082 -0.360686 0.541640 -0.299599 -0.064492 -0.333399 0.085216 -0.383357 -0.497419 0.166771 0.147922 0.081935 -0.242098 -0.199520 0.587558 0.303786 -0.052679 -0.130359 -0.128424 -0.290386 0.001742 -0.060001
0.502474 0.041198 -0.145338 0.317560 0.068923 -0.078836 0.445395 0.148511 -0.185948 0.301615 0.808714 -0.337672 -0.842592 0.170273 0.174219 0.146196 -0.010053 -0.570582 0.337819 0.353121 -0.014389 -0.052256 -0.090810 -0.722670 0.008744 -0.273251
0.240432 0.222706 -0.090008 0.314628 0.095472 -0.123232 0.481622 -0.042348 -0.089194 0.299786 0.731469 -0.354629 -0.485334 -0.000860 0.256473 0.059676 -0.088141 -0.373803 0.349315 0.239174 0.036227 0.014326 -0.087605 -0.459742 0.015053 -0.271855
0.354486 -0.344966 -0.607539 0.009798 0.035228 -0.189090 0.463251 -0.331137 0.052841 0.066898 0.474503 -0.501523 0.043037 0.079165 0.153796 0.444039 -0.453361 -0.555007 0.417864 0.530900 0.052369 -0.029164 -0.079890 -0.235509 -0.002878 -0.059854
-0.034312 -0.268954 0.154430 0.585929 -0.468528 0.622391 -0.489657 0.007177 0.163639 0.250354 0.158983 -0.040345 0.428877 -0.034069 0.076950 0.132353 -0.179908 -0.684760 -0.143907 -0.084954 0.067728 0.139427 0.054715 0.066232 0.009159 0.146381
0.381175 -0.497930 -0.588675 0.623037 -0.081357 -0.258868 -0.166519 -0.102305 -0.141682 -0.477291 0.246670 0.075960 -0.225127 -0.087832 -0.043476 0.290531 -0.714905 -1.000270 0.415080 0.257234 0.047700 -0.104277 -0.031429 -0.085282 0.012121 0.164470
-0.011771 0.090510 0.119649 0.006909 0.039671 -0.503771 0.496138 -0.189100 -0.174857 -0.551588 0.130787 -0.086357 -0.519991 -0.522829 0.469110 -0.277453 0.178091 -0.366998 0.208412 0.016515 -0.042733 -0.113417 -0.050864 -0.117629 -0.013134 0.104921
0.135658 -0.096690 -0.249238 0.227436 0.218448 -0.402926 0.134298 -0.452063 0.042414 -0.285809 0.341359 0.035144 -0.585177 -0.181411 0.267088 0.165003 -0.303479 -0.588041 0.373064 0.308998 -0.017049 -0.044783 -0.136111 -0.072622 0.007943 0.012897
-0.034755 -0.127005 -0.262766 -0.147228 0.331953 -0.187792 0.641315 -0.149521 0.019748 -0.009131 0.156757 -0.155285 -0.166768 0.087443 0.113117 -0.070103 0.167760 -0.254803 0.211821 0.110750 -0.060380 -0.018485 0.073195 -0.128372 -0.010017 -0.103607
0.071933 0.139144 -0.206270 0.291633 -0.069313 -0.126208 0.185781 -0.282709 -0.059869 0.096014 0.535535 -0.066414 -0.140574 0.400297 0.111572 0.003333 -0.240929 -0.208076 0.278686 0.125849 0.093288 -0.040695 -0.138698 -0.274313 0.015620 -0.095293
-0.105602 -0.448020 -0.556389 -0.085083 0.218844 -0.153060 0.744268 -0.458431 -0.079508 -0.285715 0.383981 -0.324982 -0.381990 0.147732 0.104164 0.625110 -0.101827 -0.495257 0.444892 0.127967 -0.099887 -0.100007 -0.064019 -0.299293 0.001206 0.100556
0.359919 0.198225 -0.080895 0.142220 0.087764 0.186452 0.936930 -0.079426 -0.072425 0.031398 0.396862 -0.750823 -0.283074 0.047513 0.074688 0.478633 -0.222417 -0.573563 -0.128456 -0.446507 -0.094992 -0.128553 0.129999 -0.313789 -0.014617 -0.168357
-0.100935 -0.076263 0.168514 -0.085459 0.252666 0.170433 0.714460 0.089101 0.008783 -0.196536 0.001883 0.190465 -0.092589 -0.311925 0.197849 -0.397724 -0.116796 -0.541140 0.032445 -0.455421 -0.133466 -0.080245 0.029788 0.065131 -0.005932 -0.045009
0.275800 0.246297 -0.079822 0.046117 0.072923 -0.065686 0.854896 -0.024859 -0.098896 0.038400 0.261165 -0.572777 -0.248101 -0.172871 0.205991 0.166239 -0.050342 -0.477126 0.051025 -0.522270 -0.126241 -0.078696 0.146325 -0.308091 -0.013227 -0.127930
0.124103 -0.110696 -0.169901 -0.050583 -0.011162 0.392612 -0.369794 -0.187293 0.092049 0.115116 0.227504 0.148896 0.291560 0.077365 0.541422 -0.029587 -0.058665 -0.109216 -0.194994 0.284766 0.293841 0.011564 0.042685 0.219267 0.012463 -0.105911
0.279565 -0.448877 -0.255391 -0.298831 0.187554 -0.613431 -0.027202 -0.190714 -0.030697 -0.231986 0.271825 0.632872 -0.018003 -0.077140 0.299852 0.269379 0.004928 -0.358349 -0.121892 0.293212 0.134247 -0.177703 -0.216035 0.295834 0.006013 0.037044
0.269568 -0.061508 -0.007253 0.170903 -0.032393 -0.069179 0.198392 -0.348061 -0.025239 0.068520 0.669754 -0.120579 -0.005691 0.031347 0.303541 -0.239484 -0.339566 -0.013968 0.164097 0.032547 0.143870 -0.042708 -0.126625 -0.314904 0.027458 -0.097264
0.217441 -0.039792 -0.038770 -0.245264 0.208241 -0.103478 0.354586 -0.266374 -0.046314 -0.112258 0.102600 -0.233166 -0.216618 -0.121054 0.084462 0.170761 -0.144477 0.088716 0.325060 0.250523 -0.017194 -0.050725 -0.048709 -0.100885 -0.003077 -0.100181
0.149137 -0.321019 -0.173426 -0.129534 0.191289 -0.212625 0.459337 -0.272200 -0.090015 -0.310360 0.244515 -0.304760 -0.213646 -0.060987 0.118089 0.208551 -0.217276 -0.245733 0.356507 0.336719 0.002471 -0.080182 -0.216778 -0.144060 0.008686 0.015526
-0.102952 0.024513 -0.029574 -0.284928 0.283121 0.356119 1.190384 0.057260 0.179652 -0.081787 0.087675 0.105952 -0.316089 -0.185108 0.398741 0.052124 -0.036248 -0.632049 0.059292 -0.513876 -0.264254 -0.031300 0.282804 -0.116746 -0.010274 -0.154248
0.254473 -0.256994 -0.277467 0.218505 0.002592 0.010947 -0.245248 -0.028300 -0.147887 -0.064990 0.415387 0.041143 -0.114043 0.174991 -0.131437 0.311971 -0.273326 -1.079808 -0.084818 0.372436 0.012937 -0.100283 0.054500 0.008892 0.013579 0.044511
0.184491 -0.062218 -0.089941 0.095285 0.083610 -0.035832 -0.007545 -0.205917 -0.134835 -0.048464 0.709689 0.213258 -0.397290 -0.228844 0.217339 0.156164 0.236259 -0.699676 0.207889 -0.142520 0.045911 -0.095808 0.261334 -0.099169 -0.007226 -0.045296
0.052539 -0.028914 -0.224485 -0.106567 0.020057 -0.510651 0.312097 -0.513141 -0.113984 -0.390993 0.580431 -0.161034 -0.225462 -0.042524 0.143785 0.333822 0.077206 -0.456588 0.389416 0.261199 -0.103149 -0.118897 -0.138567 -0.112543 -0.001468 0.081209
0.150728 -0.065371 -0.212127 0.142648 -0.057240 0.375001 -0.751359 -0.090591 0.263877 0.001202 0.283622 0.172613 0.097927 -0.076230 -0.137253 0.415482 0.179078 -0.837059 0.035063 0.392921 0.085331 -0.034090 0.039534 0.290526 0.021917 -0.008890
0.203013 -0.291983 -0.228451 -0.026381 0.224286 -0.090576 0.476871 -0.191778 -0.045058 -0.165098 0.191813 -0.280345 -0.077738 0.053340 0.151557 0.247861 -0.315852 -0.303293 0.348338 0.266527 0.009732 -0.071773 -0.179460 -0.119799 0.005876 -0.078252
0.468631 -0.178693 -0.073287 0.022334 0.223837 -0.381690 0.067926 -0.576760 0.023688 -0.384242 0.346436 0.069399 -0.567442 -0.501462 0.162581 0.161408 0.205088 -0.513484 0.180861 0.561482 0.145512 -0.060831 -0.004990 -0.015092 0.012262 -0.015056
0.227717 -0.222899 -0.425086 0.653099 -0.164237 0.223603 -0.804766 0.044944 -0.088323 -0.221862 0.335160 0.007515 0.448136 0.095114 0.086035 0.353484 -0.217219 -0.796085 -0.033926 0.130134 0.192614 -0.023209 -0.004924 0.268346 0.018011 0.037420
-0.169428 -0.442084 -0.236472 0.479264 -0.360673 0.201871 -0.376004 -0.370451 0.013609 -0.084170 0.065443 -0.027682 0.014720 0.065705 0.132615 0.281829 -0.238298 -0.592819 0.190862 0.057443 0.060444 0.002711 -0.017790 0.115151 0.003893 0.317938
-0.250476 -0.086137 -0.069759 0.185954 0.259577 -0.005152 0.865646 0.067903 0.054511 -0.116356 -0.077104 0.128008 0.033041 -0.116646 0.198810 -0.324770 -0.327089 -0.483732 0.044043 -0.498064 -0.212078 -0.068122 0.168556 -0.090066 -0.002523 -0.035890
0.318952 -0.423898 -0.030193 -0.013044 0.153039 -0.405113 -0.192543 -0.004973 -0.162828 -0.225181 -0.060450 0.804882 0.433583 -0.030907 0.416884 -0.020504 -0.208360 -0.106478 -0.249035 0.220065 0.186026 -0.199282 -0.083144 0.383294 0.008114 -0.052756
-0.055212 -0.040338 -0.040912 -0.153444 0.361077 0.279825 1.093918 0.054405 0.060111 -0.004794 0.237342 -0.021555 -0.084325 -0.019556 0.286188 0.073059 -0.087980 -0.422844 0.113662 -0.364557 -0.129669 -0.029042 0.263728 -0.228576 -0.000426 -0.231796
0.179722 0.076270 0.161712 -0.052115 -0.084506 -0.126417 0.338224 -0.186098 -0.230616 -0.096658 0.193067 0.086286 -0.499981 -0.637681 0.550566 -0.207759 0.389551 -0.431467 -0.151235 0.123133 0.043220 -0.157976 0.008535 0.029240 -0.012071 0.026143
-0.044045 0.078587 -0.057418 -0.393814 0.315708 -0.068265 1.198492 -0.037527 -0.011297 -0.719240 0.364587 -0.264396 -0.213722 0.567133 0.412714 0.289284 -0.476928 -0.539200 0.085323 -0.583402 -0.149779 -0.025111 -0.019267 -0.473580 0.001832 -0.078982
0.037376 -0.230330 -0.198245 -0.498732 0.194375 -0.083591 0.719667 -0.396468 0.078445 -0.078467 0.420736 -0.374195 -0.422251 0.053801 0.221563 -0.227949 -0.048402 -0.395474 0.266803 0.174376 -0.131919 -0.091408 0.004483 -0.324524 -0.016173 0.035414
0.063898 -0.000598 -0.498557 -0.289528 0.303485 0.411978 -0.697026 -0.129100 -0.042944 -0.098248 0.445067 0.408996 0.604762 0.126532 0.566083 -0.431619 -0.271965 0.100422 -0.171111 0.383983 0.382609 -0.128741 -0.189142 0.222212 0.008856 -0.223886
0.172557 -0.094174 -0.367078 0.077651 -0.018098 0.227044 0.455337 -0.011359 0.201213 -0.065652 0.376051 -0.754783 -0.208755 0.550851 0.119357 0.460755 -0.515214 -0.164895 0.307078 0.252653 -0.017660 0.116427 0.062528 -0.486767 0.013078 -0.108698
0.146920 -0.302868 -0.502477 0.293621 -0.127020 0.244966 -0.367071 -0.224410 -0.091612 -0.108758 0.554746 -0.170878 0.318117 0.179382 0.209759 0.451353 -0.018184 -0.946052 -0.075706 0.256193 0.118850 -0.032637 -0.053727 0.140279 0.017970 0.062109
0.435789 -0.379829 -0.395471 0.596199 -0.115493 -0.167621 -0.189112 -0.008427 -0.256592 -0.163887 0.403208 0.080674 -0.233960 -0.162617 -0.265211 0.319990 -0.591363 -1.140410 0.335232 0.240269 -0.005482 -0.191997 -0.056498 0.098915 0.012627 0.098054
0.269090 -0.049361 -0.275853 -0.036739 0.250717 -0.068422 0.504663 -0.192090 -0.056140 -0.124618 0.223003 -0.342865 -0.163021 0.055008 0.049207 0.038863 -0.157834 -0.248068 0.249012 0.108283 -0.039754 -0.064630 -0.097493 -0.282076 0.002046 -0.129900
0.146473 0.038897 -0.336461 0.268453 -0.222258 0.542362 -0.198949 -0.012844 0.108010 0.072688 0.408658 -0.267040 0.147630 0.184479 0.051567 -0.083014 -0.173776 -0.562157 0.140666 0.163995 0.033543 0.201455 0.235031 -0.202302 0.007993 -0.058328
0.100724 0.015580 -0.169478 -0.101068 0.416226 -0.278470 0.625231 -0.180234 -0.003557 -0.179646 -0.001069 -0.381436 -0.080191 0.146920 0.308682 -0.142664 0.056579 -0.085413 0.357705 0.021441 -0.037851 -0.066656 -0.125427 -0.042920 -0.009077 -0.183434
0.027367 0.020615 -0.380117 -0.254903 0.186886 -0.130067 0.608976 -0.327215 0.047601 -0.322900 0.269383 -0.070211 -0.030541 -0.175695 0.386511 0.077276 -0.117059 -0.073060 0.131575 0.362611 0.096515 -0.101044 0.002038 -0.231967 -0.006018 -0.090670
0.242296 -0.108630 -0.200125 -0.013815 0.565514 -0.283417 0.524049 -0.279542 -0.018558 -0.016563 0.138187 -0.295597 0.087121 0.098023 0.367852 -0.059016 -0.294580 -0.108275 0.307953 0.123672 0.046631 -0.058321 -0.035880 -0.242900 -0.003356 -0.270372
0.273565 -0.068227 -0.136130 -0.184264 0.164501 -0.088207 0.475749 -0.206110 -0.041290 -0.150593 0.273568 -0.213863 -0.209996 0.189872 0.084500 0.105742 -0.157624 -0.316064 0.381173 0.119494 -0.048535 -0.037671 -0.134536 -0.323343 0.006018 -0.102761
0.083452 -0.067190 0.085673 -0.061799 0.037535 -0.070867 0.101293 -0.269752 -0.020558 -0.012195 0.749909 0.025222 -0.123475 -0.156353 0.341245 -0.350563 -0.327957 -0.045597 0.054859 -0.068755 0.137050 -0.065390 -0.158996 -0.075414 0.018079 -0.027636
-0.023740 -0.120766 -0.008594 0.222855 0.156869 0.128310 0.314731 0.124351 -0.068430 -0.355448 0.195820 -0.332831 -0.367171 -0.249693 0.134837 -0.030832 -0.413238 -0.395437 0.205198 -0.434292 -0.114263 -0.070738 0.036796 -0.230553 -0.009415 0.050951
-0.040967 -0.115637 -0.262309 0.110061 -0.299156 0.395995 -0.112714 -0.064699 0.151686 0.115916 0.209393 -0.038882 0.365206 0.121761 0.100645 0.316890 -0.344993 -0.701735 0.066524 0.420966 0.058253 0.001766 0.039342 0.041344 0.006401 0.041653
0.334655 0.143992 -0.020152 -0.063473 0.106165 0.026319 0.847181 0.088391 -0.045327 0.000044 0.216552 -0.334812 -0.232228 -0.081400 0.209704 0.139825 -0.058270 -0.499483 0.045166 -0.461394 -0.111498 -0.062900 0.146926 -0.268182 -0.007839 -0.167198
0.036709 -0.125683 -0.184058 -0.067690 0.324774 -0.210827 -0.304164 -0.081047 -0.097429 -0.202218 -0.071949 0.460053 0.183886 -0.055658 0.163484 -0.150097 0.157866 -0.041540 -0.282818 0.247889 0.107892 -0.111764 -0.029784 0.369828 -0.000264 -0.056442
0.501806 -0.252372 -0.078300 -0.044904 0.092765 0.200953 0.733736 -0.200839 -0.203363 0.078477 0.622297 -0.716142 -0.648602 0.112932 0.126454 0.400484 -0.607113 -0.440215 0.371387 -0.283112 -0.127259 -0.093504 -0.151188 -0.721462 0.005516 -0.068734
0.004073 -0.554591 -0.557886 -0.217010 0.319363 -0.322709 0.657818 -0.623138 -0.050760 -0.302592 0.558594 -0.431324 -0.456682 0.057679 -0.035267 0.697094 -0.308092 -0.433918 0.749157 0.245384 -0.131990 -0.142550 -0.243980 -0.405920 0.000374 0.113958
0.020237 -0.534128 -0.375721 0.807777 -0.043552 -0.251629 -0.431500 -0.142381 -0.172453 -0.372882 0.233903 -0.072673 0.073651 -0.007538 0.028054 0.423336 -0.317759 -0.606294 0.064440 0.240414 0.080550 -0.173231 0.033151 0.125390 0.014412 0.202541
0.492673 -0.208865 -0.438811 0.518607 0.062540 0.192604 -0.229165 0.031169 -0.296637 -0.097753 0.653216 0.175959 -0.302968 -0.087484 -0.008507 0.376472 -0.637567 -1.552060 0.003441 0.316564 -0.002005 -0.146403 0.040664 -0.017119 0.014733 -0.063327
0.113973 0.038876 -0.170775 -0.042603 0.229231 -0.162503 0.772874 -0.238428 -0.001634 -0.160354 0.246535 -0.330165 -0.391852 0.019036 0.361683 -0.024707 -0.065451 -0.383412 0.338155 0.073348 -0.026835 -0.011337 -0.009892 -0.281257 -0.004168 -0.123371
0.249141 -0.289923 0.120206 0.333614 -0.627735 1.298816 -0.102188 -0.205318 0.153901 0.505834 0.471704 -0.331937 0.279388 -0.240724 0.870893 -0.238426 -0.088619 -0.883648 -0.225942 -0.519171 0.194355 -0.011804 0.428673 0.142423 0.005302 0.056789
-0.105711 -0.268021 -0.477745 0.004315 0.067185 -0.079415 0.483236 -0.715904 0.001150 -0.526346 0.401259 -0.308569 -0.331227 0.164413 -0.115509 0.620613 -0.348887 -0.548096 0.437213 0.242478 -0.116820 -0.064333 0.009883 -0.451397 0.003221 0.195722
0.089563 -0.461447 -0.427699 0.129894 -0.049964 0.113808 -0.092407 -0.387158 0.002866 0.153749 0.447577 -0.109497 0.019184 0.275694 0.170165 0.505627 -0.144752 -0.945841 0.478142 0.239275 0.129648 -0.033147 -0.026204 -0.053579 0.009816 0.068506
0.173985 -0.213477 -0.389767 -0.176060 0.312430 -0.119123 0.477752 -0.353790 0.039882 -0.218378 0.082498 -0.246238 -0.308791 -0.027431 -0.009270 0.108590 -0.290630 -0.387526 0.342594 0.418342 -0.076543 -0.033770 -0.029564 -0.281041 0.001449 -0.029991
0.062995 0.177094 0.196005 -0.126608 -0.125082 -0.562255 0.347568 0.033358 -0.131257 -0.465214 0.122096 -0.110340 -0.518115 -0.375256 0.281637 -0.165361 0.175658 -0.342915 0.293823 -0.078949 -0.036190 -0.120348 -0.075145 -0.183614 -0.012133 0.127753
-0.056515 -0.013379 -0.031095 0.381508 -0.261231 0.294496 -0.637142 0.143764 0.137701 -0.092002 0.110234 0.152214 0.300522 0.068489 0.155797 0.140802 -0.080014 -0.443394 -0.039025 0.128896 0.140344 0.031593 0.034929 0.320842 0.013244 0.041359
0.179897 -0.154006 -0.236734 -0.100042 0.325772 -0.230018 0.608332 -0.328667 -0.079621 -0.199478 0.248307 -0.261679 -0.146619 -0.021811 0.294047 0.069162 -0.394918 -0.262837 0.294680 0.392645 0.032297 -0.154687 -0.223606 -0.080968 0.002812 -0.122745
-0.060971 -0.126250 0.069952 0.005375 0.365738 -0.201465 0.472483 0.151258 -0.027012 -0.213583 -0.065201 0.440449 0.063322 -0.376259 0.240024 -0.328742 -0.040475 -0.494341 0.179978 -0.260867 -0.090061 -0.121098 0.034013 0.355810 -0.010163 -0.102537
-0.053921 -0.074950 -0.244372 -0.286642 0.093717 -0.116240 0.878404 -0.661629 0.043456 -0.028945 0.412441 -0.312188 -0.665398 0.138150 0.260643 0.170596 -0.264028 -0.192570 0.504634 -0.003549 -0.231516 -0.078246 -0.255976 -0.280581 -0.009298 0.045346
0.095105 -0.235329 -0.393367 0.246010 0.151981 -0.533609 0.575468 -0.506645 -0.019384 -0.412857 0.411140 -0.072218 -0.568135 -0.234015 0.349603 0.276589 -0.190005 -0.568872 0.357824 0.404982 -0.030105 -0.097651 0.016037 -0.139393 -0.004027 0.055321
0.131783 -0.044998 -0.197868 -0.176506 0.134523 -0.222237 0.382817 -0.285269 0.028785 -0.293627 0.265647 -0.108975 -0.269762 -0.158395 0.036735 0.022188 -0.230305 -0.023475 0.281922 0.352019 -0.011200 -0.080398 -0.129041 -0.248348 0.003320 -0.018027
-0.043867 -0.234531 -0.052920 0.176716 0.157224 0.090732 1.122584 -0.240826 -0.000912 -0.044725 0.265021 -0.212689 -0.419118 -0.047064 0.446924 0.100368 -0.480832 -0.644384 0.297718 -0.495921 -0.190839 -0.033194 0.130866 -0.488378 -0.004487 -0.011380
0.344434 -0.309709 -0.519676 0.459335 0.009872 0.261869 -0.170314 -0.358467 -0.100795 -0.151988 0.538608 0.135803 -0.157367 0.136424 0.041680 0.145064 -0.460336 -1.332017 0.133660 0.418266 0.012389 0.028962 0.091968 -0.281427 0.024821 0.017161
-0.204116 0.061372 -0.123157 0.488909 -0.092476 -0.549060 -0.114928 -0.324781 -0.005581 -0.435616 0.439998 -0.074837 -0.209934 -0.189407 0.554002 -0.437632 -0.100978 -0.097414 0.393226 0.192206 0.179507 -0.017396 -0.201178 -0.028020 0.007113 0.114586
-0.076166 -0.212889 -0.051446 -0.096883 -0.101162 -0.395806 -0.601630 -0.085102 -0.101214 -0.132793 -0.083463 0.341928 -0.243417 0.033134 -0.273628 0.066893 -0.121676 -0.251320 -0.189484 0.127035 -0.030870 -0.149864 -0.127197 0.283752 0.008920 0.307582
-0.073475 0.044250 0.077875 -0.248826 0.185881 -0.222513 0.290862 -0.474197 0.013801 -0.550315 0.193070 0.043832 -0.206731 0.221148 0.019841 -0.032706 -0.416197 -0.013579 0.231552 0.272023 -0.021481 0.069600 -0.062984 -0.497354 0.022646 0.049041
0.424766 -0.605695 -0.715311 0.588858 -0.103892 -0.251184 -0.040303 -0.134660 -0.145195 -0.497426 0.113752 0.210968 -0.213010 -0.169819 0.069958 0.260738 -0.917700 -0.875179 0.616486 0.354954 0.096248 0.014263 -0.087437 -0.162005 0.018452 0.158472
-0.051895 -0.262353 0.036634 0.003367 -0.054491 -0.049651 0.070991 -0.321030 -0.051416 0.185542 0.622416 0.236221 -0.091864 -0.123247 0.192971 0.117325 0.260679 -0.520013 0.095005 -0.131170 0.025148 -0.126136 0.179074 0.111112 0.000737 0.066430
0.089709 -0.155167 -0.048689 0.277169 0.201117 0.218856 0.589873 -0.059724 -0.200903 -0.223709 0.224366 -0.477666 -0.638294 -0.373757 0.199145 -0.326458 -0.454939 -0.682811 0.304042 -0.316103 -0.152507 -0.155906 0.098105 -0.378955 -0.014246 0.035149
0.143135 -0.214002 -0.248523 -0.414841 0.174987 -0.119027 0.660127 -0.369278 0.065610 -0.059626 0.264663 -0.328571 -0.114181 -0.057048 0.327605 -0.216634 -0.094097 -0.408203 0.196181 0.153986 -0.043855 -0.094283 0.020498 -0.148187 -0.011428 -0.007136
0.215570 -0.230522 -0.338398 0.222609 0.048219 -0.523229 0.156596 -0.588938 -0.046728 -0.224071 0.512768 0.171560 -0.543478 -0.489163 0.195654 0.126195 0.134827 -0.676935 0.418197 0.005864 0.006509 -0.149882 0.130775 0.079983 -0.004848 0.121490
0.246878 -0.035342 -0.203250 -0.106122 0.213913 -0.140674 0.513020 -0.280722 0.063573 0.011609 0.255686 -0.215594 -0.228933 0.199488 0.189354 0.088672 -0.188901 -0.288472 0.385609 0.150867 -0.054559 -0.015328 -0.153526 -0.303278 0.010289 -0.148886
0.192028 -0.262950 -0.228342 0.173078 0.365654 -0.561338 -0.116932 -0.064098 -0.052251 -0.243263 0.198972 0.534586 -0.331859 0.045941 0.047995 0.099771 -0.214918 -0.576087 0.084630 0.151672 0.019275 -0.106125 -0.086372 0.239012 0.006448 -0.032008
0.260073 -0.241062 -0.257348 -0.210161 0.178119 -0.082159 0.331133 -0.590485 0.019089 -0.315532 0.388823 0.046698 -0.191869 -0.066268 0.258689 0.075390 -0.376495 -0.886260 0.682890 0.436785 0.083756 -0.090074 -0.042248 -0.127094 0.008711 -0.020835
0.050797 0.011636 -0.217489 0.188980 0.109300 -0.399345 0.147995 -0.492781 -0.074073 -0.388706 0.347613 0.052823 -0.381381 -0.315075 0.210620 0.079703 0.014780 -0.430696 0.366865 0.261309 -0.007108 -0.058379 -0.030322 -0.216070 -0.005685 0.050922
0.399678 -0.102792 0.196057 0.197854 0.106051 -0.516806 1.346322 -0.212461 -0.270533 0.006924 0.186913 -1.401843 -0.765156 -0.113150 0.249399 -0.252124 -0.853815 -0.439753 0.066313 -1.149745 -0.168946 -0.268935 0.041036 -0.699834 -0.017500 0.146292
-0.017488 -0.195803 -0.071950 -0.382968 0.129534 0.147837 0.746566 -0.324632 0.068265 0.105359 0.401722 -0.425450 -0.543714 0.069688 -0.019886 0.016291 -0.003871 -0.282475 0.290586 0.078598 -0.199519 -0.091083 0.003378 -0.418708 -0.014716 0.021930
-0.270414 -0.394661 -0.177648 -0.842468 0.027939 0.049054 1.821957 -1.320862 0.330821 -0.150101 0.612649 -0.757415 -0.759424 0.263100 -0.073676 -0.060593 -0.239341 -0.463231 0.386295 -0.324658 -0.426201 -0.160676 -0.116814 -0.625102 -0.029210 0.348739
-0.075947 0.004386 -0.122888 0.064788 0.260574 -0.355697 -0.168983 -0.071029 -0.100818 -0.133269 -0.032866 0.390391 0.383907 -0.231469 0.455177 -0.121466 0.055233 0.045617 -0.288978 0.192423 0.149307 -0.150950 -0.161523 0.343055 0.000054 -0.085097
-0.083700 -0.165823 -0.130480 -0.266251 0.176597 -0.195916 0.431757 -0.202665 -0.035693 -0.379513 0.287861 -0.194965 -0.228220 -0.085817 0.144056 0.099970 -0.101022 -0.176666 0.273173 0.261437 -0.040019 -0.073716 -0.027512 -0.317917 -0.004685 0.051339
0.156077 -0.145196 -0.333332 -0.108942 0.268821 -0.146018 0.554184 -0.244451 0.036019 -0.082230 0.123023 -0.173840 -0.216739 0.006233 0.223330 0.035672 0.074457 -0.332975 0.191975 0.193081 -0.028648 -0.034937 0.123761 -0.126658 -0.001490 -0.097651
0.165046 -0.133919 -0.148859 0.345721 -0.293694 0.363673 -0.620305 0.163483 0.004964 0.107252 0.516623 0.177053 0.091022 -0.000024 0.100031 0.130348 -0.104838 -0.551543 0.005740 0.161875 0.150809 -0.011227 0.141740 0.223960 0.011699 -0.002223
0.004749 -0.503512 -0.106360 -0.559252 0.119388 0.274606 0.883852 -0.454394 0.054765 0.032618 0.289542 -0.388365 -0.295119 -0.105236 -0.073040 0.139853 -0.322341 -0.342473 0.297561 -0.264082 -0.174960 -0.144263 -0.112722 -0.318023 -0.008934 0.153400
0.280980 0.395265 -0.164057 0.277748 0.026911 0.028893 0.474965 -0.113538 -0.101111 0.238112 0.764834 -0.304798 -0.508560 -0.051102 0.196378 0.185361 -0.077651 -0.403319 0.198577 0.262474 0.013312 0.047623 -0.022879 -0.400096 0.012318 -0.285190
0.080487 -0.118928 -0.316650 0.087897 -0.043898 0.202914 -0.092207 -0.187826 0.001348 0.363910 0.445061 -0.079976 0.139510 0.213711 0.091853 0.242874 -0.108390 -0.822552 0.456786 0.407220 0.118553 -0.036701 -0.078578 0.008826 0.007841 -0.096154
0.114708 -0.264738 0.045964 0.069086 -0.068229 0.348149 -0.168798 -0.207667 -0.000296 -0.019899 0.275198 0.164162 -0.073854 0.085778 0.361316 -0.110941 -0.147553 -0.607539 0.076442 0.084483 0.172675 0.002722 0.048435 0.035268 0.012086 0.028924
0.183003 -0.246339 -0.161871 -0.255437 0.455899 -0.256146 0.655427 -0.251843 0.008868 -0.018298 0.246906 -0.204314 -0.060928 0.102877 0.598461 0.070874 -0.254941 0.028894 0.383049 0.146162 0.052572 -0.053413 -0.076172 -0.300633 -0.004370 -0.222775
0.234581 0.023212 -0.174868 -0.107713 0.106625 -0.357664 0.279685 -0.218175 -0.020505 -0.343097 0.251729 -0.009990 -0.321612 -0.247315 0.099230 0.005721 -0.219910 -0.182587 0.311494 0.279482 -0.031431 -0.062244 -0.093045 -0.206730 -0.001196 -0.021170
-0.168329 0.352818 -0.133315 0.041977 -0.019960 -0.707595 0.224024 -0.352710 0.017946 -0.613695 0.022044 -0.321455 -0.074025 0.198405 0.091205 -0.069480 -0.602471 0.204525 0.411327 0.003409 0.064234 0.167253 -0.333581 -0.526878 0.008456 0.132400
0.167087 -0.212160 -0.286301 0.276603 -0.013117 0.016259 -0.293748 0.066867 -0.070589 -0.139572 0.333620 0.116249 -0.073541 0.184109 -0.118164 0.322836 -0.199832 -1.029869 0.066841 0.337252 0.026338 -0.119752 0.068147 0.062045 0.006717 0.031751
0.375426 -0.101266 -0.249901 0.062030 0.224131 -0.199760 0.221304 -0.268147 0.033435 -0.191856 0.507994 -0.128855 -0.390616 0.111569 0.246870 -0.029927 -0.307849 -0.688112 0.484806 0.414893 0.068731 -0.092010 -0.059787 -0.240899 0.007786 -0.139308
-0.319840 -0.196528 0.020487 -0.013275 -0.099191 -0.205559 -0.657467 -0.186187 -0.027911 -0.067142 0.071050 0.454470 -0.072873 0.002782 -0.197870 0.251610 0.031445 -0.198970 -0.198571 -0.012258 0.028407 -0.108008 0.015087 0.398980 0.009034 0.290962
0.409207 -0.317251 -0.375362 0.263419 0.168651 -0.094827 0.419170 -0.296543 -0.142222 -0.495694 0.380530 -0.039647 -0.147617 -0.012772 0.024589 0.256418 -0.566843 -0.749277 0.550057 0.268599 0.006833 -0.099216 -0.075747 -0.247678 0.008277 -0.055883
0.150807 -0.174119 -0.361867 -0.125558 0.203447 0.437113 -0.532718 -0.198480 0.023730 -0.145952 0.305786 0.635628 0.428749 0.164812 0.599158 -0.467457 -0.155027 0.073696 -0.212852 0.487078 0.385181 -0.109245 -0.232416 0.365097 0.013915 -0.197235
0.039598 -0.063576 -0.071429 -0.315433 0.130174 -0.012207 0.531994 -0.362778 -0.017437 -0.266425 0.268521 -0.180297 -0.235498 -0.051097 0.068464 0.101273 -0.185255 -0.202552 0.289097 0.253727 -0.010410 -0.064631 -0.101414 -0.289759 0.004820 0.000447
-0.010518 -0.239678 0.381872 0.594659 -0.501737 0.695106 -0.563071 0.113298 0.225364 0.184875 0.102812 0.063181 0.432742 0.038683 0.447935 0.168648 -0.157651 -0.728614 -0.072238 0.172991 0.224479 0.137113 0.136525 0.299517 0.012509 0.049603
-0.105602 -0.267468 -0.288241 0.452418 -0.265140 0.305782 -0.399560 -0.287420 0.068787 0.053733 0.112022 0.061391 0.022318 0.168396 0.108111 0.233517 -0.301344 -0.508192 -0.029594 -0.012899 0.077862 -0.005688 0.129935 0.074586 0.006340 0.195341
0.125213 -0.533129 0.132403 0.737863 -0.384721 0.685564 -0.502611 0.001663 0.165036 0.408382 0.490879 0.012739 0.563229 -0.164135 0.116352 0.168021 -0.259186 -0.794216 -0.056005 0.188856 0.116270 0.145198 0.151193 0.010024 0.015681 0.038361
0.153168 -0.759015 -0.739777 -0.095926 0.401108 -0.521296 1.137994 -0.769318 -0.052121 -0.310668 0.766289 -0.461885 -0.579663 0.076837 0.122516 0.827692 -0.335924 -0.638198 0.981232 0.201613 -0.136444 -0.150413 -0.286100 -0.500130 0.010830 0.059533
0.164703 0.042375 0.043960 0.200352 0.029047 0.458783 -0.504344 -0.121251 0.029074 -0.261903 -0.186973 0.413037 0.247361 0.073239 0.536991 -0.018400 -0.027268 -0.148331 -0.407521 0.183187 0.411786 -0.073026 0.016990 0.345107 0.018565 -0.109367
0.265299 -0.472307 -0.331852 0.252623 0.176446 -0.544859 0.267271 -0.362181 -0.193072 -0.230976 0.377459 -0.074979 -0.285575 0.071509 0.344958 0.360970 -0.319679 -0.289148 0.234240 0.335754 -0.035890 -0.126984 -0.045557 -0.101275 -0.001721 0.021554
-0.005793 -0.047141 -0.237850 0.358397 -0.013649 -0.507481 -0.282560 -0.237335 -0.041632 -0.441592 0.225603 -0.035285 -0.090473 0.022834 0.293798 -0.359867 -0.105071 -0.017232 0.341955 0.182753 0.115402 -0.012601 -0.232250 -0.037516 0.010001 0.097024
-0.109312 -0.112575 -0.127149 -0.549346 0.166977 -0.239448 0.779600 -0.467177 0.133756 -0.090270 0.240677 -0.725908 -0.434807 0.081959 -0.181684 -0.077792 -0.246835 0.011113 0.381063 -0.218789 -0.318981 -0.053061 -0.128180 -0.378245 -0.017712 0.158907
0.252615 0.094789 -0.219467 0.215277 0.041130 -0.211075 0.063409 -0.361826 -0.081930 -0.274767 0.212232 0.044029 -0.152883 -0.261572 0.033863 0.036496 -0.103111 -0.416549 0.318540 0.097639 0.024180 -0.085597 -0.028649 0.080337 -0.005834 -0.022904
-0.047294 -0.026193 -0.246475 -0.281604 0.143000 -0.019645 0.657615 -0.180144 0.018217 -0.081373 0.380768 -0.251915 -0.044397 0.122187 0.342387 -0.139254 -0.273963 -0.278054 0.185525 0.096901 -0.109536 -0.015673 -0.067442 -0.330428 -0.011125 -0.065880
0.143499 -0.115366 -0.269504 0.046050 0.132035 -0.467482 0.214150 -0.405785 -0.056320 -0.379657 0.348522 0.046684 -0.528491 -0.265696 0.221785 0.132908 -0.438975 -0.314453 0.191260 0.300311 0.002755 -0.121808 -0.081354 -0.135804 0.005133 0.080206
-0.022153 -0.057501 -0.195951 -0.196667 0.154580 -0.243700 0.377513 -0.200977 -0.024261 -0.034889 0.000974 -0.250276 -0.400841 0.085597 0.148563 0.119156 -0.217767 -0.255521 0.306927 0.270977 -0.059228 -0.117442 0.024827 -0.213444 -0.005302 0.020448
0.251502 0.033996 -0.223642 0.139308 0.044125 -0.210139 -0.019878 -0.286333 -0.081436 -0.259399 0.199216 0.024446 -0.297191 -0.223571 0.105049 0.233617 0.133383 -0.454746 0.173046 -0.001589 0.058820 -0.094450 0.201491 0.085303 -0.006441 0.010206
0.219708 0.145615 -0.036175 0.157240 -0.205173 0.635138 -0.464146 0.057582 0.200509 0.377166 0.456202 -0.058366 0.152487 -0.038230 0.098907 -0.025676 -0.199347 -0.326308 -0.198243 0.034111 0.075324 0.170718 0.349121 -0.121185 0.003094 -0.126190
0.583554 -0.076924 -0.174894 -0.022719 0.045039 0.080698 0.299108 0.110210 -0.215687 0.233922 0.841439 -0.396521 -0.870680 0.079874 0.088634 0.189410 0.136338 -0.719966 0.134896 0.261114 -0.028025 -0.147261 -0.043443 -0.514822 0.003396 -0.168928
-0.043051 -0.119013 -0.347208 0.445987 -0.142973 0.019778 -0.562598 0.045529 0.022460 -0.308891 0.143732 0.155498 0.265769 0.029030 -0.000270 0.146661 -0.155945 -0.335251 0.022503 0.113055 0.107853 -0.049276 0.044902 0.252899 0.013200 0.097444
0.475821 -0.450355 -0.726675 0.539450 0.117953 -0.048344 -0.143247 -0.754502 -0.029140 -0.420583 0.669512 0.142937 -0.141157 0.215550 0.339065 0.402245 -0.558781 -1.359301 0.304222 0.657893 0.091962 -0.034504 -0.114218 -0.406076 0.024475 0.012772
0.130610 -0.343360 -0.086578 -0.477703 0.334958 0.078963 0.850458 -0.459434 0.041526 0.031248 0.190870 -0.190079 -0.211018 0.173973 0.700344 -0.226800 -0.080924 -0.424936 0.249310 0.228824 -0.039306 -0.047054 0.007931 -0.333211 -0.003977 -0.114951
0.114166 -0.338477 -0.338449 0.144993 0.240081 -0.294329 0.567783 -0.331250 -0.000749 -0.140071 0.082428 -0.119203 -0.110172 -0.107622 0.152061 0.117864 -0.205954 -0.381433 0.226736 0.181696 0.066815 -0.056429 0.025758 -0.256486 0.000243 -0.001004
0.920939 0.037535 -0.215093 0.219110 0.288370 0.258968 1.027822 -0.387355 0.024093 -0.044660 0.533076 -0.967503 -0.594846 0.358298 0.398551 0.179665 -0.956728 -0.673169 0.183847 -0.631587 -0.039793 0.050153 0.291505 -0.890316 0.007875 -0.289260
0.458585 0.209639 -0.214496 0.175663 0.298333 -0.163069 0.170993 -0.476367 -0.118110 -0.115028 0.780309 0.168281 -1.069473 -0.818354 0.469929 -0.214495 0.514824 -0.499754 -0.081901 -0.015590 0.033134 -0.101401 0.119216 -0.072121 -0.013270 -0.154049
0.133978 0.071535 -0.155016 0.150082 0.108037 -0.110471 0.358923 -0.190466 -0.002185 0.047810 0.828052 -0.559536 -0.160705 0.210381 0.302203 -0.120556 -0.332557 -0.184325 0.198543 0.503346 0.121167 -0.040251 -0.144724 -0.327610 0.016888 -0.192053
-0.018648 -0.100654 0.020053 -0.511142 0.470181 -0.228837 1.613180 -0.873365 0.340542 -0.338652 0.914661 -0.809081 -0.822364 0.136773 0.179380 0.001320 0.304841 -0.503360 0.896122 -0.123027 -0.421019 -0.011151 -0.624767 -0.515720 -0.017078 -0.086079
-0.200824 0.029488 0.055777 -0.011547 -0.189509 0.436029 -0.314457 0.050013 0.030074 0.221002 -0.095606 0.228899 0.424805 -0.230593 0.056201 -0.133607 -0.002397 -0.521241 -0.189328 0.063556 0.126646 0.041302 0.233964 0.231500 -0.003527 0.064455
-0.002651 -0.059923 -0.204463 0.047427 0.084702 -0.284385 0.337602 -0.411997 -0.045049 -0.195198 0.208646 -0.288458 -0.081991 0.042060 0.170306 0.087349 -0.133251 -0.185446 0.207028 -0.054149 -0.029958 -0.056695 -0.189372 -0.318659 -0.003003 0.067443
0.177184 0.018500 -0.012554 -0.006982 0.217587 0.172660 0.649479 -0.033948 -0.031294 0.011172 0.232413 -0.550390 -0.240163 0.079830 0.159331 0.012921 -0.312066 -0.442727 -0.093010 -0.333910 -0.011580 -0.050215 0.151652 -0.238190 0.000923 -0.107475
1.228147 -0.194503 -0.652308 0.572630 0.296088 0.324294 0.845800 -0.430413 0.144736 0.122072 0.890392 -1.009568 -0.810352 0.461792 0.458587 -0.093702 -1.253099 -0.775771 0.207408 -0.519086 0.096499 0.127923 0.354746 -0.983633 0.018056 -0.346663
0.151194 -0.173244 0.201747 -0.265497 -0.140800 -0.138865 0.564389 -0.220555 -0.333352 0.243744 0.624937 0.227193 -0.373992 -0.581566 0.308999 0.065680 0.503638 -0.489933 -0.253103 0.137513 -0.057106 -0.171917 0.078389 -0.080874 -0.016672 0.043422
-0.178625 -0.227133 0.041932 0.262403 -0.040782 -0.053023 -0.545557 -0.143035 0.091275 -0.070832 0.195198 0.395312 -0.310785 0.021055 0.070147 0.373130 -0.149937 -0.630954 0.032057 0.085926 0.093993 -0.079613 -0.019657 0.330672 0.012956 0.170200
-0.059670 -0.301654 -0.409150 -0.433849 0.026431 -0.031463 1.495408 -1.129620 0.254534 0.016382 0.667397 -0.635319 -0.696522 0.207569 0.358044 0.127038 -0.185410 -0.262043 0.581591 -0.233826 -0.301435 -0.078296 -0.274299 -0.530399 -0.011867 0.138951
0.118148 -0.288681 -0.235921 -0.455005 0.296902 -0.068741 0.666665 -0.539935 0.058051 -0.051719 0.275909 -0.170444 -0.218654 0.081939 0.512971 -0.268834 -0.025142 -0.430312 0.238959 0.180631 -0.035412 -0.038187 0.060787 -0.247688 -0.009382 -0.038974
0.512181 -0.306876 -0.205274 0.009711 0.126195 -0.359895 0.312135 -0.643659 -0.046828 -0.523847 0.338178 -0.095838 -0.701575 -0.434592 0.177922 0.366204 -0.175531 -0.395706 0.462142 0.620433 0.075863 -0.095199 -0.056078 -0.133797 0.009010 0.039960
0.198039 -0.158811 -0.158077 -0.384298 0.096708 0.055508 0.509577 -0.273658 0.043080 -0.007910 0.265267 -0.310372 -0.244556 0.039954 0.302339 -0.108731 -0.142018 -0.246056 0.191254 0.431942 -0.047090 -0.111439 -0.137841 -0.222698 -0.003553 -0.057723
0.241664 0.203593 -0.093948 -0.080537 0.001808 0.238141 0.745498 -0.223885 -0.164186 0.128270 0.336949 -0.568906 -0.235705 -0.220155 0.204209 0.238339 -0.138107 -0.522158 -0.086640 -0.618472 -0.132161 -0.111794 0.084637 -0.443233 -0.001576 -0.047371
0.012016 -0.252483 0.023195 0.002653 0.217651 -0.140753 -0.404336 0.060560 -0.095653 -0.138408 -0.239217 0.426825 0.115658 0.096341 0.258473 0.080238 0.114234 -0.048171 -0.166788 0.328151 0.139628 -0.143546 -0.076670 0.360275 0.007134 -0.028415
0.516200 -0.371388 -0.759843 0.607073 0.029944 0.120751 -0.271556 -0.688203 0.042072 -0.409270 0.573563 0.415955 -0.197424 0.420979 0.431787 0.278911 -0.708902 -1.593572 0.353163 0.447717 0.065071 0.037338 -0.061262 -0.241690 0.034937 -0.001396
0.211876 -0.163732 -0.188687 0.219930 -0.046501 -0.120219 -0.742213 -0.030054 0.008102 0.112806 0.407569 0.240789 -0.470212 -0.104418 0.093180 0.194366 -0.013746 -0.771340 0.055078 0.372060 0.056472 -0.111831 -0.135674 0.263633 0.009266 0.064071
-0.239470 -0.372200 -0.047886 -0.575191 0.045257 0.042600 1.114397 -0.884735 0.160249 -0.108090 0.080568 -0.369379 -0.684051 0.348708 0.022863 0.002800 -0.471579 -0.330850 0.317958 -0.105274 -0.350144 -0.097495 -0.040535 -0.486604 -0.027038 0.295491
0.187304 -0.208778 -0.250715 0.094497 0.168471 -0.310281 0.219974 -0.425241 -0.017156 -0.065732 0.365984 -0.106679 -0.033725 0.160456 0.278493 0.298636 -0.295757 -0.503701 0.153164 0.370007 0.073863 -0.084354 -0.118338 -0.257738 0.004482 -0.041813
0.053698 -0.024608 0.275989 0.205110 -0.426119 0.951271 0.320261 -0.139845 0.284902 0.212534 0.560907 -0.368533 0.261577 -0.093201 0.638977 -0.346131 -0.120183 -0.948071 0.094057 -0.531126 0.111712 0.058720 0.367580 0.052644 -0.006787 -0.021762
0.091059 0.004389 -0.242609 0.291993 0.041034 -0.445121 0.190849 -0.426655 0.049891 -0.248367 0.324801 -0.022795 -0.307989 -0.285546 0.152170 0.133395 -0.106767 -0.265546 0.388141 0.241895 -0.016821 -0.100933 -0.165795 -0.211078 0.000379 0.028394
-0.177648 -0.117254 -0.047381 -0.024350 0.252272 -0.105346 -0.367880 0.207791 -0.022418 0.081908 -0.418684 0.465384 -0.026902 0.052951 -0.045804 -0.055993 0.084522 0.136540 -0.255506 0.204530 0.096384 -0.155426 0.080956 0.263870 0.009453 -0.008965
0.119737 -0.004182 0.183723 0.344385 -0.142288 0.380614 -0.357189 -0.001660 0.089862 0.066496 0.312367 0.199386 0.295352 0.066686 0.184161 0.080573 -0.135591 -0.430708 -0.241066 0.053806 0.094607 0.080964 0.034830 0.016552 0.008095 -0.075045
-0.011727 -0.127019 0.247478 -0.038612 0.036919 0.387539 0.623731 0.060838 0.033771 -0.166651 0.113134 -0.302931 -0.373681 -0.418919 0.118897 -0.057106 -0.006093 -0.629638 0.001496 -0.646253 -0.162484 -0.054979 0.005503 -0.078957 -0.012035 0.087055
0.137016 -0.468831 -0.149414 -0.136917 0.164765 -0.128614 0.196215 -0.396003 -0.142563 -0.168914 0.294145 0.022783 -0.074611 -0.073475 0.182231 0.190697 -0.197997 -0.263776 0.329712 0.061308 0.031545 -0.082927 -0.195238 -0.275630 0.008693 0.074624
0.488481 0.170393 -0.141804 0.191513 0.117596 -0.101045 0.172180 -0.140156 -0.111812 -0.145788 0.542888 0.085268 -0.861946 -0.558971 0.537177 -0.334580 0.428804 -0.430217 -0.088507 0.085974 0.064733 -0.066569 0.161168 -0.094822 -0.006787 -0.157028
0.366818 0.117074 -0.291720 0.173609 0.171746 -0.220941 0.348177 -0.252540 0.155463 -0.200157 0.378224 -0.105095 -0.432488 0.056869 0.304884 0.045548 -0.345206 -0.474613 0.122819 0.423893 0.031132 -0.052081 -0.083991 -0.224653 0.002681 -0.172342
0.343236 -0.261043 -0.084943 -0.003055 0.086023 -0.216657 0.351119 -0.132884 -0.086797 -0.233064 0.207532 -0.032905 -0.384461 -0.246447 0.279943 0.268648 -0.127094 -0.509670 0.338650 0.186557 -0.042853 -0.059947 -0.016430 -0.067646 -0.001473 -0.019428
0.171499 -0.201679 -0.084116 -0.132036 0.177837 -0.154077 0.203034 -0.417726 -0.094601 -0.182537 0.363005 -0.308004 -0.066450 0.007834 0.183442 0.018481 -0.202427 -0.287756 0.271481 0.084617 -0.011854 -0.077902 -0.211022 -0.287677 -0.003196 0.019157
0.156729 -0.141490 -0.191864 0.063685 0.256488 -0.276703 -0.202872 0.045904 -0.012982 -0.107591 0.011840 0.316595 -0.158454 -0.020707 0.010438 0.092561 -0.285027 -0.306438 -0.000324 0.190478 0.059821 -0.055023 -0.077273 0.154895 0.007085 -0.043421
0.198621 -0.101168 0.003579 0.306725 0.008172 -0.104603 -0.065194 -0.026088 0.097976 -0.160309 0.102244 -0.415207 -0.073614 0.333792 0.061158 0.070263 -0.257722 -0.091001 0.055260 0.209860 0.071708 0.030023 0.008137 -0.394581 0.003597 -0.017370
0.132290 -0.281290 -0.171915 -0.614334 0.311621 -0.299610 0.443506 -0.492566 -0.090220 -0.111173 0.352530 -0.430254 -0.051032 0.008467 0.272160 0.195899 -0.127950 -0.411749 0.547175 0.160830 -0.001409 -0.040453 0.017862 -0.181327 0.001834 0.002914
0.333991 -0.120547 -0.475077 0.432791 0.013650 0.413474 -0.429875 -0.134537 -0.018208 -0.054926 0.619825 -0.103388 0.206105 0.281058 -0.049291 0.188954 -0.176684 -0.844744 -0.073337 0.351580 0.027237 0.080857 0.113205 -0.277813 0.014103 -0.106049
0.090105 -0.098641 0.057393 -0.074552 0.093060 0.294001 0.698364 -0.003119 -0.040105 -0.049375 0.325999 -0.445502 -0.407942 -0.188403 0.121981 0.052885 -0.277760 -0.576070 0.168573 -0.420606 -0.094300 -0.027735 0.031580 -0.257108 -0.001457 -0.006552
-0.043106 -0.046211 -0.164234 0.001941 0.125000 -0.342520 0.364347 -0.279482 -0.026052 -0.201502 0.197431 -0.184164 -0.170506 -0.046036 0.290809 0.101929 -0.160432 -0.179622 0.158544 0.220229 -0.007128 -0.069008 -0.139560 -0.370756 -0.006745 0.024979
-0.021130 -0.278377 -0.184182 0.291476 -0.143804 -0.115764 -0.512614 -0.141285 0.060383 -0.147526 0.271141 0.458736 -0.237177 -0.145328 0.317152 0.215595 -0.181292 -0.635511 0.001899 0.198135 0.155423 -0.092573 0.044506 0.384706 0.014619 0.163195
-0.027407 0.140884 -0.008922 -0.381108 0.405353 -0.041102 0.690749 0.069730 0.001308 -0.024481 0.097993 -0.116977 -0.093308 -0.017465 0.179539 -0.103271 0.005781 -0.430495 0.043305 -0.251834 -0.141645 -0.057868 0.146598 -0.132937 -0.002357 -0.169765
-0.032943 -0.071074 -0.160788 -0.128653 0.290728 -0.291207 0.753857 -0.277339 -0.034628 0.047497 0.399936 -0.326083 -0.268241 0.137121 0.282959 -0.090906 0.159364 -0.199961 0.188700 0.032293 -0.015180 -0.037964 -0.132981 -0.420736 -0.008899 -0.093803
0.305927 -0.336647 -0.424791 0.366025 -0.017867 0.112309 -0.202933 -0.420908 -0.109967 -0.178718 0.569512 0.027771 -0.066919 0.209814 -0.149027 0.227363 -0.304881 -1.054319 0.048485 0.404150 0.023920 0.006254 0.031872 -0.212218 0.022887 0.072074
0.733780 0.245267 -0.377072 0.292966 0.251912 0.297571 0.489280 -0.084156 0.161152 0.060376 0.287747 -0.786116 -0.395628 0.436667 0.163357 0.280591 -0.530352 -0.533221 -0.229556 -0.318608 0.032877 0.017190 0.237563 -0.340117 0.006682 -0.318336
0.291290 -0.243483 -0.388376 0.320668 -0.013061 -0.208269 -0.144309 -0.043746 -0.052933 -0.451597 0.162563 0.074302 -0.351714 -0.140974 -0.094699 0.216742 -0.379012 -0.549329 0.109453 0.277747 0.016714 -0.027473 -0.064176 -0.103268 0.014560 0.112146
0.264222 -0.023096 -0.135563 -0.002212 0.071490 0.338295 0.652593 -0.314877 0.001970 -0.018482 0.423558 -0.756886 -0.192410 0.031731 -0.036455 0.600652 -0.404020 -0.062360 -0.223886 -0.200904 0.025806 -0.045608 0.133510 -0.331715 0.002754 -0.066925
0.261459 -0.217001 -0.209563 -0.062872 0.375968 -0.330395 0.121211 -0.414230 0.045692 -0.199767 0.315327 0.026819 -0.226478 0.062275 0.146108 0.284763 -0.028695 -0.605015 0.278023 0.019661 -0.058952 -0.099839 0.008815 -0.133164 0.007516 -0.051673
0.168615 -0.257174 -0.349349 -0.031452 0.053059 -0.215415 0.248805 -0.330873 -0.041132 0.006169 0.291224 -0.334056 -0.029603 0.205536 0.135403 0.369984 -0.249781 -0.490266 0.197274 0.329234 0.022229 -0.036644 -0.043342 -0.083027 -0.002350 0.020194
0.238048 -0.148519 -0.206586 -0.099819 0.369738 -0.230781 0.293753 -0.458193 0.066443 -0.242370 0.399178 -0.174205 -0.392784 0.089043 0.343093 0.291857 0.039448 -0.506261 0.325559 0.074579 -0.088808 -0.092132 -0.103297 -0.224098 0.004926 -0.087054
0.018457 -0.184706 -0.127020 -0.291872 0.133214 -0.241487 0.645735 -0.380131 0.055629 -0.275725 0.364889 -0.240843 -0.151199 0.091568 0.384929 -0.065952 -0.283445 -0.285031 0.340053 0.495421 -0.005881 -0.114946 -0.145102 -0.312752 0.001478 -0.010052
-0.212724 -0.267310 -0.231369 0.278452 -0.208827 0.061864 -0.701161 -0.134756 -0.069035 -0.150615 0.160656 0.253158 0.107490 -0.023529 0.095455 0.235560 -0.000328 -0.429341 0.233264 0.041487 0.058043 0.022580 -0.001475 -0.099856 0.014133 0.236007
