0.320948 -0.109672 -0.026974 -0.781319 0.015303 -0.128417 0.650866 -0.259667 -0.216991 0.421510 0.479362 -0.105080 -0.275167 -0.580261 0.406589 0.249792 0.166728 -0.372044 -0.082730 0.044996 0.009607 -0.064252 0.020527 -0.025128 -0.004929 -0.037909
0.249918 -0.164101 0.092368 -0.959503 -0.035262 -0.159350 0.784132 -0.316103 -0.146964 0.680537 0.546801 0.062888 -0.253688 -0.414286 0.400822 0.297445 0.128677 -0.338623 -0.166991 0.081965 -0.005852 -0.065638 0.016739 0.043477 -0.003902 -0.038762
0.384884 -0.005429 0.196616 -0.696806 -0.480065 0.240737 0.373013 -0.108410 -0.122084 0.109627 0.187317 -0.014650 -0.548628 -0.332815 0.179161 0.151051 0.178472 -0.460958 0.151189 -0.500448 -0.069211 -0.082235 0.042801 -0.016905 -0.003648 0.179586
0.248412 -0.109210 -0.028448 -0.845343 -0.092773 -0.359289 0.412601 -0.317738 -0.235386 0.602466 0.614270 -0.069911 -0.424296 -0.309148 0.275015 0.302538 0.097810 -0.261639 0.034588 0.140007 0.020374 -0.093776 -0.046131 0.044637 -0.002840 0.034232
0.301615 0.057914 0.185760 -0.872336 -0.511359 0.118345 0.396407 -0.151235 -0.178293 0.341451 0.397469 -0.132758 -0.354650 -0.014576 0.235414 0.232337 0.090634 -0.376442 0.126551 -0.503053 -0.064857 -0.072755 0.091265 -0.087751 0.000099 0.152581
0.375878 0.007337 0.165107 -0.527730 -0.432015 0.251809 0.299988 -0.043151 -0.108085 0.103076 0.131180 -0.086465 -0.515157 -0.405771 0.037326 0.120339 0.069448 -0.403614 0.123610 -0.450171 -0.087295 -0.099224 -0.005706 -0.019103 -0.005251 0.167096
0.197940 -0.004252 -0.017078 -0.695556 -0.029536 -0.048763 0.628576 -0.271286 -0.114414 0.442129 0.553161 -0.056505 -0.252372 -0.419842 0.254230 0.117485 0.053990 -0.224857 -0.136441 0.024751 -0.004479 -0.011395 0.004492 -0.013568 -0.003717 -0.041649
0.290264 0.082713 -0.104640 -0.761252 -0.108050 -0.119438 0.684838 -0.308674 -0.127984 0.455042 0.760525 -0.206831 -0.536180 -0.405926 0.291343 0.077224 -0.021010 -0.245995 -0.015263 0.004023 0.001043 -0.022946 -0.019270 -0.110824 -0.002241 -0.028361
0.181115 0.007059 -0.035502 -0.630898 0.082151 0.256321 0.143717 0.057465 -0.101138 0.341892 -0.017193 0.017285 -0.532119 -0.306027 0.165902 0.163022 0.494031 -0.793810 0.093970 -0.464639 -0.073678 -0.040632 0.046424 0.006631 -0.005859 0.019322
0.305798 0.180448 -0.043463 -0.835825 -0.229334 0.346943 0.221881 0.138282 -0.073433 0.476565 0.138706 0.027397 -0.250125 -0.240223 0.328913 0.245633 0.384941 -0.803068 0.145405 -0.469990 -0.037288 -0.012638 0.140001 -0.014323 0.002464 -0.028148
0.103950 -0.083695 0.028411 -0.564570 -0.069835 -0.106200 0.420017 -0.136908 -0.159226 0.455556 0.331355 0.020561 -0.176838 -0.252768 0.225792 0.169429 0.094774 -0.196091 -0.079234 0.083033 0.014144 -0.037903 -0.021835 0.050098 -0.003053 -0.002236
0.432525 -0.103069 0.042330 -0.575997 -0.694056 0.002871 0.495842 -0.383794 -0.298675 0.191339 0.443785 -0.311663 -0.349534 0.158609 0.174873 0.285526 -0.117653 -0.296914 0.226113 -0.238012 -0.085917 -0.129587 0.041464 -0.088739 -0.002413 0.228679
0.245705 0.168817 -0.096679 -0.759759 -0.145738 -0.206856 0.609957 -0.321339 -0.086394 0.453770 0.847660 -0.196719 -0.589103 -0.262804 0.183705 0.018254 -0.185720 -0.100132 0.042200 -0.036934 -0.021077 -0.029895 -0.061551 -0.104491 0.001107 -0.012870
-0.006916 0.135501 0.016636 -0.680126 -0.116963 -0.069026 0.521736 -0.252103 -0.060638 0.371659 0.457194 0.031877 -0.022974 -0.387690 0.233639 0.191719 0.162748 -0.159061 -0.175775 0.066936 0.010692 -0.003081 0.017462 0.036730 -0.002020 -0.009968
0.314567 0.035018 0.241690 -0.656791 -0.564679 0.278953 0.395380 0.096484 0.000886 0.187607 -0.018521 0.031345 -0.405425 -0.338366 0.192281 0.098600 -0.000195 -0.289277 0.088960 -0.352840 -0.058581 -0.049034 0.113196 0.063413 -0.003526 0.151173
0.234287 0.057791 0.003420 -0.952895 -0.365704 -0.088842 0.502321 -0.189742 -0.128109 0.543945 0.136346 -0.148309 -0.778916 0.238395 0.157526 0.233894 -0.053514 -0.567792 -0.051975 -0.505711 -0.092431 -0.075810 0.144422 -0.096655 0.001928 0.210012
0.298802 0.005879 -0.064737 -0.517022 0.008607 -0.041989 0.293976 -0.147670 -0.167610 0.211777 0.306857 -0.045346 -0.277154 -0.350576 0.194794 0.131334 0.156247 -0.195658 -0.021858 0.111289 0.022504 -0.025595 -0.021596 -0.004850 -0.005679 -0.051903
0.187045 0.084994 0.205616 -0.608079 -0.529858 0.281844 0.352257 0.079224 0.017331 0.198759 0.027248 0.031647 -0.298697 -0.180056 0.268168 0.083999 0.121643 -0.260416 0.057581 -0.343370 -0.034581 -0.035637 0.110657 0.063266 -0.001721 0.124309
0.361021 0.368007 -0.047138 -1.011933 -0.258478 0.292912 0.392565 0.135974 0.047690 0.299156 0.327957 -0.068371 -0.031485 -0.177830 0.461930 0.163679 0.206599 -0.454091 0.068150 -0.539243 -0.033670 0.036022 0.242111 0.065931 0.005871 -0.111251
0.474320 0.135762 -0.060502 -0.659324 -0.307349 -0.392149 0.505160 -0.265815 -0.121389 0.354584 0.947397 -0.275066 -0.468276 -0.298955 0.214278 0.061621 -0.216979 -0.093578 0.091548 -0.003011 -0.023281 -0.022700 -0.077015 -0.154497 -0.000904 0.003470
0.275307 -0.093445 0.064580 -1.200035 -0.121982 -0.206610 0.714133 -0.428419 -0.115265 0.891247 0.547574 -0.163907 -0.586972 -0.393986 0.445535 0.500067 0.044963 -0.370134 0.072027 0.009179 0.033873 -0.134317 0.047524 0.083735 -0.002561 0.022382
0.307954 0.094849 -0.003670 -0.582231 -0.663701 0.060096 0.473796 0.040803 -0.152987 0.270010 0.396595 -0.272080 -0.143763 0.150143 0.362800 0.207338 -0.119169 -0.184830 0.073449 -0.194108 -0.050105 -0.070526 0.039557 -0.087915 -0.000141 0.095998
0.119476 -0.182381 -0.041272 -0.838698 -0.122124 -0.236586 0.566453 -0.320612 -0.198665 0.746494 0.599004 -0.002688 -0.592999 -0.216873 0.299291 0.399224 0.034222 -0.489250 0.100184 0.133829 0.005222 -0.110155 -0.063025 0.077653 -0.002857 0.061751
0.200316 -0.067883 0.293581 -0.550146 -0.380849 0.263843 0.162433 0.021533 0.036867 0.198887 -0.193489 0.151649 -0.280478 -0.367855 0.100071 -0.022517 0.097319 -0.234013 0.073098 -0.306382 -0.039484 -0.051114 0.082195 0.113157 -0.002552 0.158047
0.307528 0.047688 -0.049736 -0.571267 -0.201273 -0.267756 0.441477 -0.233677 -0.116712 0.266335 0.723064 -0.109590 -0.494475 -0.200643 0.130131 0.080141 -0.268344 -0.100900 0.087268 0.050845 -0.038731 -0.029583 -0.099618 -0.110719 0.001866 0.026050
0.292380 -0.087219 0.201562 -0.453515 -0.380501 0.162297 0.178616 -0.017719 -0.036567 0.179469 -0.024779 0.015008 -0.426086 -0.521192 0.090471 0.092117 0.161394 -0.336732 0.041282 -0.444557 -0.054734 -0.077669 0.007067 0.003230 -0.005310 0.193002
0.004503 0.257196 0.025766 -0.627172 -0.142574 -0.135953 0.496535 -0.218440 -0.055768 0.410677 0.436821 -0.071007 -0.258441 -0.456945 0.194514 0.103036 0.119534 -0.185714 -0.123452 0.030384 0.011872 -0.035577 0.027695 -0.009853 -0.002486 0.007248
0.167044 -0.008279 0.246183 -0.734960 -0.336345 0.185062 0.232822 -0.084162 -0.074291 0.160754 0.212885 0.114436 -0.316159 -0.236701 0.215390 0.124706 0.252075 -0.334039 0.072112 -0.411436 -0.054809 -0.028323 0.092038 -0.048853 -0.002537 0.140715
-0.215178 -0.137883 0.114374 -0.126018 -0.132934 0.220950 -0.398847 -0.326259 0.053639 0.492629 0.221260 0.160900 0.098063 -0.435481 -0.129971 0.538924 0.483817 -0.257144 -0.155102 0.182352 0.024175 0.055132 0.152125 0.136528 -0.004229 0.122956
0.198316 -0.050698 0.164701 -0.533754 -0.256301 0.161184 0.154163 -0.006088 -0.009246 0.130337 -0.019651 0.126770 -0.339404 -0.416749 0.138648 0.049954 0.223270 -0.328604 0.012039 -0.341576 -0.031800 -0.044428 0.044454 0.016072 -0.003749 0.138572
0.128778 -0.056496 0.347160 -0.423911 -0.414954 0.314421 0.209933 -0.011324 -0.021515 0.113130 -0.259263 0.159051 -0.502823 -0.700576 0.078919 0.005340 -0.084389 -0.271550 0.168875 -0.433360 -0.079868 -0.045083 0.132206 0.064525 -0.008099 0.237780
0.039398 0.021965 0.012321 -0.723243 -0.111140 -0.000006 0.532652 -0.254241 -0.022267 0.383366 0.418124 0.117168 0.141819 -0.247369 0.241574 0.299344 0.116454 -0.157013 -0.222175 0.078130 0.009499 0.022613 0.056057 0.063775 -0.000788 -0.029934
0.283971 0.078601 0.007778 -0.457793 -0.074522 -0.005519 0.447161 -0.004079 -0.144147 0.228201 -0.013710 -0.347694 -0.541855 0.493544 0.067511 0.160802 -0.326453 -0.414895 -0.001430 -0.235872 -0.066091 -0.066139 -0.030792 -0.149997 -0.000439 0.017365
0.280727 0.251999 -0.000892 -0.940690 -0.238054 0.064305 0.492248 0.056342 -0.074158 0.506054 0.311434 0.046698 -0.294386 0.012011 0.287859 0.089257 -0.134338 -0.379456 -0.099530 -0.351569 -0.005479 -0.015781 0.151972 0.008674 0.008397 -0.040177
0.280169 0.305438 0.019732 -0.475820 -0.350179 -0.306027 0.491101 -0.254230 -0.078270 0.364395 0.648472 -0.215002 -0.176076 -0.415349 0.288500 -0.031915 -0.073545 -0.077041 -0.023273 -0.101751 0.022991 -0.060246 0.001469 -0.075582 -0.003386 0.001277
0.051948 0.035342 0.041107 -0.641658 -0.166575 -0.145852 0.464177 -0.269611 -0.109721 0.172657 0.443353 -0.098942 -0.145144 -0.557534 0.383232 0.333224 0.189806 -0.176874 -0.026941 0.024496 0.021266 -0.072864 0.005762 0.048406 -0.004044 0.062860
-0.065807 -0.006339 -0.264164 -0.400004 0.141932 -0.524608 0.561571 -0.450107 -0.083502 0.159692 0.085015 -0.330349 -0.086583 0.359303 0.017651 0.123618 -0.436091 -0.108467 0.242538 -0.038966 -0.104426 -0.027952 0.055286 -0.245226 0.006554 0.065244
0.285022 -0.195072 0.090324 -1.190203 -0.186538 -0.229724 0.801350 -0.430325 -0.134967 1.082027 0.552188 -0.066125 -0.741190 -0.273826 0.486379 0.465604 0.178104 -0.493686 -0.002807 0.230017 0.002225 -0.135419 0.009960 0.074952 -0.003432 0.029003
0.086819 -0.041332 0.106253 -0.624787 -0.037186 -0.049313 0.493952 -0.239356 -0.056178 0.448749 0.372565 0.128148 0.095084 -0.345328 0.156616 0.181838 0.030438 -0.122536 -0.269958 0.056388 -0.017658 0.005322 0.027809 0.082024 -0.003754 -0.032243
-0.104412 0.169021 -0.174257 -0.340721 0.085732 -0.306634 0.479367 -0.568885 -0.076311 0.091628 -0.006099 -0.354023 -0.087925 0.200313 0.096198 0.266463 -0.207097 -0.204535 0.182284 0.049452 -0.065017 -0.031437 0.019622 -0.230180 0.001821 0.054884
0.244807 0.004850 0.096305 -0.603001 -0.107121 0.223127 0.118201 -0.059980 -0.065982 0.024688 0.140889 -0.102164 -0.240391 -0.231271 0.095394 0.127628 0.173776 -0.352330 0.121885 -0.448954 -0.042570 -0.035245 0.110325 0.045267 0.001928 0.068105
0.102673 -0.098306 -0.005009 -0.611376 -0.465701 -0.179981 0.345118 -0.408498 -0.100996 0.462667 -0.024585 -0.273958 -0.855848 0.409358 -0.078300 0.406811 -0.133059 -0.543544 0.061700 -0.537183 -0.151609 -0.102314 0.103576 -0.171718 -0.005176 0.385674
0.364514 -0.034590 -0.113106 -0.354875 -0.291824 -0.063798 0.355950 -0.160980 -0.138270 0.239583 -0.091708 -0.581434 -0.769097 0.429998 -0.077666 0.205711 -0.224926 -0.531191 -0.020853 -0.304129 -0.146935 -0.086646 -0.064360 -0.261219 -0.004635 0.214380
0.118758 0.152423 0.112322 -0.697478 -0.292415 0.060644 0.226091 -0.057497 -0.052516 0.311904 0.278411 0.034956 -0.094362 -0.054492 0.166548 0.148348 0.130536 -0.243328 -0.022410 -0.411568 -0.004588 -0.012716 0.113496 -0.026198 0.003732 0.065369
0.180340 0.080468 -0.077877 -0.387887 -0.046966 -0.064550 0.237185 -0.139970 -0.066265 0.144486 0.426574 -0.081612 -0.307013 -0.211107 0.059949 0.063613 0.002216 -0.100891 0.030309 -0.027207 -0.008312 0.004028 -0.047665 0.010037 -0.003239 -0.013985
0.125691 -0.027253 0.052599 -1.024643 -0.127959 -0.008534 0.797906 -0.285046 -0.048980 0.410010 0.446606 0.083741 -0.303751 -0.375458 0.447835 0.451718 0.176341 -0.228573 -0.019575 0.045914 0.014238 -0.054695 0.073840 0.049016 -0.002875 -0.014937
0.068445 0.103531 -0.218433 -0.713459 0.143230 -0.055738 0.567234 -0.646276 0.029532 0.037869 0.005995 -0.451612 -0.214293 0.108488 0.202126 0.330163 -0.023078 -0.206190 0.191015 0.142292 -0.061761 0.012954 0.074981 -0.068228 -0.001482 0.008219
0.122584 -0.010096 -0.033216 -0.391808 -0.061928 -0.149835 0.298777 -0.184098 -0.078165 0.300342 0.440213 -0.042853 -0.286876 -0.175892 0.028345 0.062384 -0.020739 -0.081320 -0.035990 -0.016208 -0.036171 -0.025047 -0.025337 0.049916 0.001587 0.017804
0.156455 0.136359 0.106079 -0.622075 -0.177989 0.138503 0.121064 0.005957 -0.007321 0.097754 0.308175 -0.027653 -0.208763 -0.252181 0.216583 0.101298 0.285560 -0.322375 0.073822 -0.418526 -0.016724 -0.001169 0.119561 0.094063 0.003939 0.036379
0.091399 -0.193916 0.090553 -0.766943 -0.031921 -0.030794 0.591775 -0.279741 -0.036852 0.682599 0.309001 0.170298 -0.223993 -0.164220 0.299447 0.263956 0.061365 -0.367758 -0.283787 0.159585 -0.003822 -0.020132 0.063531 0.082544 -0.000098 -0.003252
0.277876 0.006208 -0.017942 -0.464406 -0.140702 0.256825 0.061362 0.047885 0.031814 0.229833 0.164898 -0.058859 -0.175059 -0.149198 0.076356 0.203676 0.343948 -0.560534 -0.002400 -0.280612 -0.039400 0.037068 0.079986 0.047643 0.004792 0.009537
-0.229409 0.092679 -0.066856 -0.618137 -0.093744 0.236149 0.357058 -0.419399 -0.010528 -0.124386 -0.052996 -0.229980 -0.273123 -0.104079 -0.010680 0.604293 0.194427 -0.082414 0.401644 0.229509 -0.068167 0.044673 0.100694 -0.228621 0.002009 0.120709
0.610600 0.403103 0.048193 -0.703437 0.151584 0.321848 0.312350 0.173508 0.063994 -0.186287 0.140987 -0.020425 -0.525166 0.017803 -0.094104 0.451959 -0.049264 -0.207784 -0.234869 0.081557 -0.072552 0.040252 0.018931 -0.049810 0.006935 -0.258966
0.003068 -0.098995 0.102154 -0.296092 -0.228394 0.682294 -0.388123 0.043154 0.082157 0.465431 0.161843 0.245443 0.074408 0.079729 0.031546 0.221648 -0.064452 -0.275724 -0.115515 -0.147124 0.054208 0.084471 0.218393 0.109791 0.002857 0.022234
-0.077883 0.100021 -0.073094 -0.346755 0.039468 -0.028968 0.301836 -0.240118 0.015988 0.035504 0.015732 -0.133263 -0.068941 0.059234 0.083589 0.249307 -0.034376 -0.186209 0.074665 -0.001401 -0.045757 0.016483 0.011410 -0.139268 -0.002626 0.021849
0.120596 -0.058019 -0.051428 -0.373263 -0.088389 -0.111132 0.172861 -0.152760 -0.072460 0.279545 0.437929 0.004288 -0.297336 -0.117384 0.000757 0.151128 -0.040103 -0.130957 -0.026366 0.046085 -0.018108 -0.035295 -0.004049 0.017664 0.002942 0.038417
0.038772 0.266394 -0.144669 -0.865395 -0.064524 -0.009221 0.690631 -0.399293 -0.007182 0.591175 0.802119 -0.261858 -0.642857 -0.217265 0.174901 0.013233 -0.098184 -0.071851 0.011645 -0.109197 0.020923 -0.027899 -0.022869 -0.063969 0.002183 -0.029109
0.114938 0.194975 0.074989 -0.505641 -0.403251 0.147993 0.358395 0.103141 -0.057728 0.367859 0.251837 -0.036443 -0.016045 0.116817 0.316436 0.154036 -0.050915 -0.109715 0.058409 -0.324462 0.008767 -0.021131 0.113982 -0.066484 0.001151 -0.012622
0.377634 0.333650 0.107278 -0.555898 0.065711 0.149782 0.249560 0.136546 0.047943 -0.125494 0.028164 -0.023207 -0.348292 0.038273 -0.163287 0.214554 0.001109 -0.124030 -0.148201 -0.029763 -0.083111 0.018586 -0.072716 -0.043407 0.003273 -0.138481
-0.215214 0.167851 -0.179770 -0.954084 -0.001483 0.062193 0.380645 -0.673340 -0.039929 0.127320 0.124437 -0.328022 0.167372 -0.173813 0.108219 0.881000 0.086674 -0.038597 0.381899 0.314384 -0.043976 0.020629 0.137989 -0.317673 0.001949 0.056024
0.141418 0.051674 -0.074425 -0.792837 -0.077406 0.177660 0.362094 -0.167207 -0.061182 0.273071 -0.006988 -0.035286 -0.385637 -0.207190 0.226595 0.200831 0.324192 -0.443557 0.040722 -0.544885 -0.097904 -0.054903 0.083958 0.050442 -0.002543 0.084500
0.038937 0.010253 0.178782 -0.411331 -0.343480 0.178462 0.094371 0.014527 0.037354 0.170758 -0.113985 0.153668 -0.154602 -0.236673 0.078022 -0.031530 0.163492 -0.184931 -0.006454 -0.270838 -0.031422 -0.036501 0.061841 0.062208 -0.001961 0.150770
0.127366 -0.116658 -0.095598 -0.413963 -0.212871 0.108239 0.250772 0.000050 -0.152738 0.425368 0.130350 -0.110509 -0.502110 -0.187505 0.247423 0.323262 0.310377 -0.547063 0.115233 -0.118499 -0.059297 -0.000265 0.014339 -0.041564 -0.005995 0.090540
-0.043942 0.196569 -0.183435 -0.186013 0.094283 -0.304590 0.531059 -0.571907 -0.087361 0.025318 -0.111203 -0.212848 0.079862 0.156582 0.107956 0.163634 -0.306247 0.002030 0.314525 0.174572 -0.026468 -0.059168 0.005986 -0.208634 0.003085 -0.029256
0.229903 0.070261 -0.005277 -0.432740 -0.084582 -0.297234 0.212278 -0.155985 -0.083107 0.132859 0.534584 -0.137942 -0.398899 -0.181237 -0.040632 0.025798 -0.050074 -0.014534 0.016332 0.043501 -0.045233 -0.019876 -0.064777 -0.052064 -0.000674 0.030157
0.190377 0.068906 0.004531 -0.553011 -0.271599 0.424239 0.356263 -0.068917 0.028252 0.438464 -0.041812 0.124898 -0.250029 0.109832 0.284296 0.418885 0.136189 -0.638578 -0.036433 -0.109414 0.024361 0.050657 0.267835 -0.036110 0.009191 -0.015974
0.263753 0.102024 -0.116072 -0.377870 -0.213583 0.187379 0.195684 -0.106011 -0.042893 0.310771 0.190774 0.014271 0.022364 0.170286 0.148035 0.169883 0.087817 -0.526584 -0.106750 -0.007382 0.025003 0.029642 0.160160 -0.127817 0.008327 -0.039175
-0.118918 0.129179 -0.139905 -0.419910 0.043752 -0.181364 0.368904 -0.492229 -0.009576 0.030721 0.112635 -0.287244 -0.076470 0.153301 0.058991 0.296438 -0.081394 -0.202554 0.161777 0.062998 -0.069613 -0.015766 -0.003608 -0.209445 0.001155 0.067471
-0.061095 0.041249 -0.137124 -0.184995 0.128387 -0.544926 0.687326 -0.534015 -0.150745 0.061264 -0.036259 -0.235368 0.207282 0.208649 0.080836 0.081899 -0.487426 0.127680 0.369947 0.298145 -0.026641 -0.087761 0.003355 -0.229097 0.003089 -0.029453
0.369579 0.050707 0.004910 -0.457714 -0.356540 -0.396766 0.262481 -0.210519 -0.112211 0.129006 0.847502 -0.264359 -0.501226 -0.105359 0.012893 0.152661 -0.259057 -0.005964 0.219775 0.036198 -0.056195 -0.011117 -0.180068 -0.197438 0.003573 0.091395
0.242133 -0.006141 -0.015651 -0.467174 -0.198898 -0.151752 0.241661 -0.154990 -0.113760 0.267272 0.374457 -0.196633 -0.197463 -0.348506 0.180060 0.220327 -0.005382 -0.172845 -0.030600 0.016471 -0.002156 -0.044062 -0.004212 -0.039802 -0.003713 0.058581
-0.039239 -0.154053 0.022102 -0.472681 -0.085501 -0.003965 0.371104 -0.111570 -0.089399 0.438423 0.238501 0.070411 -0.146637 -0.084337 0.191996 0.193391 0.090850 -0.234462 -0.155033 0.094779 -0.001280 -0.012194 0.010707 0.061826 -0.000139 0.039884
0.265531 0.036938 0.204882 -0.450608 -0.522824 0.122962 0.295851 0.083820 -0.051051 0.135106 -0.018977 0.051233 -0.311518 -0.458986 0.008676 0.050713 -0.189244 -0.103257 0.134385 -0.282450 -0.092454 -0.046338 0.104987 -0.026043 -0.006172 0.167553
-0.056261 0.190078 -0.035724 -0.282338 0.031315 -0.082689 0.365640 -0.325872 -0.025240 -0.016981 -0.079264 -0.226211 -0.023092 0.064564 0.153582 0.204066 -0.050925 -0.141538 0.085277 0.097447 -0.044663 -0.003996 -0.012406 -0.128269 -0.001960 0.000853
-0.222321 -0.132621 0.171702 -0.365002 -0.342691 0.825582 -0.483228 -0.159058 0.163624 0.629281 0.182187 0.328144 -0.336039 -0.004876 -0.099363 0.479846 0.158267 -0.402093 -0.142554 -0.051407 0.061136 0.063379 0.237504 0.110349 0.002941 0.168169
-0.335324 0.688879 -0.133939 -0.644421 -0.052415 -0.142650 0.275004 -0.360760 0.126400 -0.075902 0.355610 0.024418 -0.242780 0.299764 0.069620 0.606859 -0.336404 0.032804 0.302801 0.166821 -0.016940 0.063490 0.010629 -0.185517 0.020594 -0.047026
-0.122158 0.567046 -0.080466 -0.386817 -0.262520 -0.258243 -0.090326 0.136604 -0.283173 0.428633 -0.124705 -0.144393 0.336101 -0.108551 0.046339 0.157535 0.137579 0.025503 -0.171183 0.218808 0.007018 -0.077292 -0.034297 -0.108467 0.000676 -0.009860
-0.134614 -0.032229 0.050773 -0.059567 -0.177432 0.025033 -0.088394 0.098986 0.080094 0.050353 0.144065 0.198977 -0.080638 -0.205103 0.047340 0.094960 0.116961 -0.107735 -0.134611 0.018865 -0.019083 0.067526 0.039390 0.039383 -0.002561 0.094223
-0.049201 -0.133198 0.073702 -0.355983 -0.167179 0.629570 -0.301900 0.043157 0.141054 0.328248 0.007393 0.295115 -0.104990 0.093297 0.070588 0.284518 0.077453 -0.327123 -0.196237 -0.231531 0.047564 0.085230 0.198571 0.192192 0.002899 0.069816
0.319951 0.041639 -0.071967 -0.053472 -0.514378 -0.001857 0.291725 -0.136069 -0.219882 0.109648 0.277245 -0.415670 -0.036645 0.084120 -0.047326 0.139034 -0.174883 -0.147400 0.209766 -0.000351 -0.094358 -0.103956 -0.032709 -0.110133 -0.007047 0.096796
-0.163024 0.209755 -0.259256 -0.772300 -0.085526 -0.344556 0.435763 -0.652141 -0.370652 0.095850 0.475040 -0.417184 0.491266 -0.173492 0.297861 0.769501 0.297776 -0.203187 0.323213 0.193774 0.021825 0.005167 0.121891 -0.353649 -0.002543 0.052694
-0.263190 -0.024011 -0.089212 -0.259170 0.042452 -0.317104 0.565500 -0.446906 -0.047157 -0.053525 -0.099734 -0.135317 0.277617 0.216338 0.135577 0.181821 -0.229578 0.014204 0.383753 0.213908 0.026708 -0.066537 0.074726 -0.157698 0.002212 0.046177
-0.096306 0.143705 -0.100154 -0.751164 0.287837 -0.013973 0.608993 -0.528309 0.105520 0.063410 -0.140326 -0.316215 -0.375940 0.136295 0.143757 0.385804 -0.115588 -0.162733 0.230700 0.101003 -0.083506 -0.064467 0.054057 -0.098217 -0.000767 -0.020924
0.006892 -0.273813 0.172687 -0.085685 -0.289587 0.672512 -0.295045 -0.154126 0.101049 0.508351 -0.133434 0.036242 -0.280707 -0.139726 -0.113412 0.330285 0.286472 -0.370992 0.073813 0.270029 0.048727 0.017767 0.131519 0.018601 0.001019 0.120056
0.099874 0.023763 -0.176123 -0.425364 0.096835 -0.039593 0.490010 -0.285090 0.011694 -0.085212 -0.106368 -0.347493 -0.107116 0.171805 0.157925 0.110811 -0.041037 -0.280946 -0.001589 0.023662 -0.072332 0.009835 0.006423 0.014897 -0.001592 0.012890
0.126756 -0.112094 0.009896 -0.316818 -0.508840 0.376151 -0.423177 -0.232207 0.031978 0.725124 0.072327 0.356735 0.036164 0.135039 0.277309 0.101021 0.262767 -0.274674 0.000174 0.226025 0.093236 0.061958 0.162516 0.203301 0.006373 0.075428
-0.153133 -0.003206 -0.000357 -0.115317 -0.328428 0.142675 -0.215219 -0.059987 0.077169 0.393516 0.136900 0.052469 0.125786 0.147611 0.037073 0.278681 -0.032164 -0.018630 0.001625 0.010748 0.092107 0.014009 0.092257 0.142862 0.004304 0.086830
-0.174657 0.249686 -0.184512 -0.273780 0.163988 -0.182599 0.566889 -0.478636 0.068352 -0.023603 -0.192628 -0.203617 -0.032756 0.264195 0.151145 0.313146 -0.239672 -0.113682 0.280288 0.147915 -0.010307 -0.064538 0.025472 -0.131669 0.005682 -0.046682
-0.184579 0.073506 -0.020899 -0.161080 -0.456234 0.534943 -0.239492 -0.177680 0.048597 0.454561 0.110310 0.149610 0.122771 0.127132 0.035508 0.351999 -0.006903 -0.052906 0.085195 0.231945 0.079198 0.042451 0.141884 0.089313 0.010977 0.065251
0.062476 0.192480 -0.145335 -0.462083 -0.027692 -0.086501 0.308509 -0.487320 0.020948 -0.074276 0.070558 -0.301037 -0.060020 0.089314 0.048042 0.337595 0.016396 -0.047798 0.322383 -0.045240 -0.017925 -0.011932 0.042358 0.007994 -0.001413 0.022458
0.127584 -0.019519 -0.129413 -0.485622 -0.122107 0.100937 0.234418 0.042089 -0.169038 0.371790 0.270690 -0.057750 -0.264949 -0.100665 0.282114 0.265510 0.084898 -0.550137 0.189782 -0.076488 -0.004281 -0.025467 0.054096 -0.081069 -0.001298 -0.003780
-0.317730 0.277441 0.006427 -0.031589 -0.080063 -0.109998 0.086450 -0.030083 -0.075066 0.020352 0.079984 0.074825 0.424206 -0.078390 0.000712 -0.047932 -0.040757 -0.025401 -0.098268 0.151658 0.032162 -0.022584 -0.046643 -0.038092 -0.003310 0.003592
-0.253600 0.142988 -0.091632 -0.657001 -0.038859 0.086216 0.559424 -0.361769 -0.104848 -0.106761 0.073307 -0.397908 -0.377148 -0.124645 0.061750 0.621071 0.278221 -0.222320 0.259109 0.172951 -0.068853 0.039889 0.093547 -0.193922 -0.005737 0.114669
-0.108143 0.222238 -0.138554 -0.387800 0.045120 -0.017059 0.505704 -0.292833 0.076092 0.012895 -0.083089 -0.323554 -0.090202 0.177435 0.100656 0.281056 0.075582 -0.248050 0.093019 -0.147469 -0.028437 -0.025141 -0.002014 -0.051501 0.003346 0.011049
0.420585 -0.008758 -0.049142 -0.366465 -0.512145 -0.014586 0.399048 -0.060229 -0.161520 0.360933 0.418742 -0.379513 -0.414992 0.284395 0.003044 0.267262 -0.408819 -0.087166 0.013317 -0.124511 -0.088792 -0.072582 -0.010378 -0.068579 -0.004938 0.092244
-0.134324 0.026841 -0.200466 -0.593508 0.193017 0.034993 0.438928 -0.559402 -0.011071 -0.120092 -0.053246 -0.346487 -0.021268 0.052317 0.260360 0.282420 0.026695 -0.282627 0.190857 0.061310 -0.069129 0.005415 0.021236 -0.050363 0.000586 0.050542
-0.004226 0.137291 -0.166217 -0.360773 -0.229196 0.076821 0.048412 -0.066927 -0.088653 0.315860 0.100965 -0.142269 -0.030788 0.174973 0.156073 0.355130 0.178204 -0.406721 -0.089195 0.054483 0.011239 0.010131 0.094853 -0.100619 0.006731 0.049522
-0.048500 -0.061498 0.033729 -0.427533 0.293235 0.712215 0.305366 0.017378 0.098608 -0.107696 -0.504323 0.109463 -0.604943 0.173237 -0.088414 0.451545 0.130619 -0.227984 -0.252940 -0.025036 -0.055147 0.045819 0.068574 -0.011923 0.001945 -0.035958
-0.010510 0.056947 -0.008634 -0.559914 -0.169014 0.351461 0.421379 -0.260909 0.069925 0.258343 -0.201244 0.073431 -0.329493 0.202692 0.223212 0.587081 0.089393 -0.528430 -0.071166 -0.026092 -0.012137 0.063295 0.294665 -0.093899 0.009547 0.057161
-0.152151 0.497552 -0.142647 -0.509905 -0.129357 -0.120860 0.099350 -0.342472 0.057640 -0.111478 0.295890 0.087543 -0.078548 0.345122 0.148033 0.631856 -0.007200 -0.210804 -0.004044 0.141290 -0.009802 0.056986 0.116916 -0.124124 0.016996 -0.002301
-0.264543 -0.009338 -0.137450 -0.297892 0.068637 -0.275815 0.365415 -0.414424 -0.030182 0.056860 0.073619 -0.270614 0.169015 0.233495 0.112345 0.192719 -0.257408 -0.099030 0.214484 0.043786 -0.012213 -0.024364 0.073822 -0.149953 0.002960 0.081927
0.025728 -0.161450 -0.149813 -0.211697 -0.183826 0.445607 -0.229245 -0.034468 0.118067 0.030990 -0.030809 0.043891 -0.180132 -0.016635 0.044259 0.482692 0.201275 -0.466664 -0.048795 0.141736 0.015251 0.024341 0.059830 0.084234 0.004391 0.110163
0.199850 0.502468 -0.117620 -0.934872 -0.066225 0.272347 0.363793 0.350612 0.228953 -0.054375 -0.133937 0.131029 -0.786761 0.129100 -0.210094 0.851691 0.072544 0.057463 0.028736 0.034849 -0.131951 0.112502 0.227600 -0.201125 0.009576 -0.125767
0.212176 0.345660 -0.211352 -0.371401 -0.374852 0.138756 0.474056 -0.068766 0.197426 0.164851 -0.047050 0.351698 -0.643068 0.452495 -0.113241 0.364778 -0.405381 -0.094722 0.304300 -0.835950 -0.103273 0.074541 0.076288 -0.168899 0.014794 0.042656
0.035051 -0.069795 -0.071040 -0.270316 -0.324112 0.482265 0.152731 -0.144815 0.167358 0.698138 0.143559 -0.129990 -0.245686 0.150696 0.170595 0.392923 0.110163 -0.233055 0.051461 -0.210466 0.032281 0.158481 0.253656 -0.035210 0.003660 0.027405
0.035337 0.448853 -0.013687 -0.546373 0.110888 0.051567 0.462946 -0.165870 0.122134 -0.246245 0.102773 -0.103684 -0.315892 -0.084011 -0.059852 0.302768 0.059166 -0.279091 0.016178 0.006620 -0.085206 0.022818 -0.049523 -0.290113 0.004135 -0.066078
0.148844 0.160178 -0.166859 -0.555479 0.077263 -0.026411 0.460730 -0.430956 0.043064 -0.089023 0.035593 -0.403375 -0.094477 0.055163 0.148138 0.282418 -0.013714 -0.123401 0.238042 0.056709 -0.024705 0.008236 0.049609 -0.024826 -0.000883 -0.036732
0.108123 0.148278 0.045913 -0.338242 -0.207117 -0.176361 0.218786 -0.182851 -0.071652 0.156976 0.295472 -0.197535 -0.135026 -0.479630 0.219689 0.173625 0.114729 -0.159686 -0.053332 -0.079451 0.003417 -0.065313 -0.000761 0.034615 -0.005446 0.072774
0.051557 0.091532 -0.086665 -0.493476 -0.232646 0.230194 0.235730 -0.061810 -0.048242 0.454919 -0.075302 -0.099802 -0.358189 0.014185 0.167156 0.552188 0.197638 -0.501038 -0.027760 -0.028539 -0.005552 0.007102 0.174781 -0.066534 0.004502 0.055650
0.104947 0.222038 -0.117302 -0.388173 -0.172849 0.042123 0.253270 -0.258502 -0.033510 0.140505 0.136428 -0.029480 0.025174 0.262669 0.175955 0.376191 0.057297 -0.422418 0.024899 -0.054296 -0.000459 0.050259 0.160315 -0.191618 0.010067 -0.011942
-0.156268 0.105791 -0.031926 -0.164652 -0.432815 0.497683 -0.184188 -0.049407 0.055264 0.430214 0.124452 0.165709 0.007152 0.101187 -0.038465 0.448469 0.056045 -0.012777 0.107913 0.192672 0.082760 0.039093 0.118858 0.083303 0.012859 0.036169
0.071501 -0.091233 -0.008264 -0.198238 0.103341 0.246238 -0.038402 -0.071557 -0.065831 0.358636 -0.125006 -0.034858 -0.571624 -0.112971 -0.034107 0.093440 0.317448 -0.595149 -0.002389 -0.407395 -0.064371 -0.010429 0.041219 0.086236 -0.011875 0.073271
0.235460 0.297634 0.002269 -0.466450 -0.436738 -0.210077 0.483515 -0.312343 -0.093331 0.304414 0.749994 -0.099978 -0.231784 -0.238578 0.325207 -0.002020 -0.334467 -0.037223 0.067014 0.026720 0.036951 -0.033928 -0.036716 -0.127791 0.002727 0.012220
0.226096 -0.110712 0.188403 -0.218262 -0.409561 0.217770 0.119243 -0.036525 -0.087212 0.222740 -0.003461 0.056290 -0.297131 -0.499248 0.064569 0.043928 -0.010623 -0.217599 0.007357 -0.317566 -0.059073 -0.084305 -0.007986 -0.005390 -0.008170 0.178417
-0.079190 0.053147 -0.082471 -0.306424 0.056867 -0.024432 0.414338 -0.232560 0.011362 -0.123498 -0.261848 -0.257915 -0.057468 0.192855 0.073315 0.236304 0.045029 -0.228762 0.083894 0.012049 -0.061794 -0.029291 -0.013684 -0.006465 0.000147 0.049118
0.233407 0.168083 -0.122754 -0.297246 -0.367940 -0.084683 -0.092558 0.029422 -0.007356 0.083166 0.036743 -0.069495 0.287333 0.055228 0.053831 0.203757 0.091929 -0.121411 -0.103652 0.353444 0.097683 0.018786 0.155604 0.014855 0.004761 0.012836
-0.480054 0.205028 -0.110295 -0.202371 -0.062914 -0.040503 0.068687 -0.791415 0.029939 0.133630 -0.405105 0.349960 0.267541 -0.348832 0.005284 0.323503 -0.152294 -0.113487 -0.010345 -0.162852 -0.057441 -0.031683 0.117795 0.176136 -0.003408 0.220809
0.023570 -0.223117 -0.055467 -0.242567 -0.304444 0.564211 -0.208745 0.036273 0.139216 0.561625 0.127525 0.302078 -0.203282 0.084549 0.121865 0.254640 0.260084 -0.435389 -0.023924 0.257196 0.115246 0.081136 0.268795 0.064070 0.010900 0.027908
0.192881 -0.011246 -0.131494 -0.361891 -0.330408 0.113033 0.034952 -0.013866 0.009192 -0.048750 0.347636 0.069754 0.053840 0.392894 -0.047851 0.570890 0.209835 -0.089054 -0.039327 -0.140824 -0.041773 0.024230 -0.067988 -0.012723 0.003109 0.045076
-0.011028 0.130683 -0.191298 -0.473045 -0.009768 -0.082306 0.298174 -0.550923 -0.003933 -0.033150 0.064226 -0.264546 -0.093491 0.085465 0.088982 0.322184 0.086647 -0.081826 0.320827 0.041793 -0.023464 -0.017905 0.069044 -0.073622 -0.000114 0.050373
0.350920 0.156062 0.002310 -0.561151 -0.334262 0.353008 0.173089 0.132735 0.036764 0.533953 0.251560 0.159103 -0.213491 -0.024291 0.353405 0.245891 0.284709 -0.668410 0.120757 -0.282480 0.042293 0.042964 0.182399 0.064883 0.006926 -0.091910
0.180408 -0.066521 -0.044186 -0.626696 -0.096060 -0.234856 0.081202 -0.202924 -0.157148 0.463034 0.341920 -0.177737 -0.325654 -0.261728 0.060125 0.312054 0.113901 -0.128905 0.003210 0.067639 -0.015918 -0.065252 -0.041345 0.051172 -0.003285 0.079440
-0.149684 -0.078368 -0.029969 -0.468548 -0.416430 0.528407 -0.409661 -0.093296 0.158163 0.463221 0.149990 0.405062 -0.029743 -0.185105 0.099145 0.364590 0.293151 -0.133486 0.012198 0.303552 0.119607 0.093884 0.189886 0.172941 0.011977 0.109232
0.199506 -0.028944 0.132443 -0.236487 -0.289441 0.188319 0.117810 -0.015363 -0.083870 0.110655 0.121392 -0.094603 -0.284939 -0.321851 -0.101757 0.046575 -0.094053 -0.174248 0.083225 -0.238622 -0.091478 -0.091109 -0.048460 -0.037029 -0.006253 0.126190
0.142915 0.155106 -0.130568 -0.195133 -0.321634 -0.069363 -0.110100 -0.108203 -0.010402 0.231452 0.043869 -0.082372 0.438362 0.011180 0.123816 0.096058 -0.028565 -0.091795 -0.094534 0.233480 0.099017 0.009665 0.130845 0.053711 0.003849 0.011575
-0.138892 0.197177 -0.034004 0.106473 -0.196413 -0.254766 0.117101 -0.562546 -0.038193 -0.047808 -0.094395 -0.030331 0.400496 0.010115 0.158029 0.268518 -0.302475 0.078281 0.081791 0.068569 0.017033 -0.053712 -0.086397 -0.038228 0.004196 0.091892
0.228288 -0.039856 -0.015837 -0.454083 0.004352 0.322797 0.010648 -0.008481 0.032434 0.160030 0.020666 -0.107177 -0.236620 -0.101641 -0.013453 0.277538 0.302194 -0.478123 -0.074408 -0.336660 -0.060701 0.035775 0.064157 -0.000705 0.000350 0.026433
0.155762 0.261801 0.007457 -0.595918 0.038570 -0.094851 0.414158 -0.318373 0.065095 -0.084261 0.255725 -0.260703 -0.245323 0.008374 -0.025459 0.406663 0.090760 -0.189254 -0.106458 -0.032198 -0.086117 0.006597 -0.046791 -0.258414 0.004144 -0.006513
0.055405 0.099651 -0.043176 -0.151696 -0.275064 0.046660 -0.349911 -0.056589 -0.014400 0.297429 -0.020076 -0.033114 0.442570 0.068501 0.139212 -0.017657 0.082800 -0.017136 -0.176338 0.201462 0.052971 0.017665 0.105906 0.015658 0.002297 0.026777
-0.241307 0.042099 -0.014255 0.079336 -0.497633 -0.017398 0.072334 -0.257149 -0.093372 0.428889 -0.012285 0.183421 0.544037 0.233337 0.108843 0.387691 -0.367314 0.014070 -0.121907 0.389879 0.081189 -0.052268 -0.009287 -0.070539 0.010399 0.101938
-0.206721 0.102329 -0.151118 -0.304939 -0.364949 0.137571 -0.385168 -0.249652 -0.025916 0.233586 0.031747 0.265730 0.192552 0.214069 0.229236 0.330965 -0.038492 0.007370 -0.220022 0.160895 0.096667 0.000767 0.046517 0.057609 0.010040 0.148984
0.129824 0.040636 -0.024446 -0.276983 -0.022796 0.047064 0.203826 -0.076997 -0.067495 0.142525 0.256835 -0.012991 -0.124190 -0.214112 0.074157 0.069828 0.045717 -0.078852 -0.019166 -0.001632 0.008441 0.010715 -0.027980 0.063730 -0.003812 -0.040760
0.186875 -0.085502 -0.096469 -0.306376 -0.253028 -0.194478 0.211719 -0.218215 -0.089821 0.077879 0.539787 -0.023154 -0.330099 0.006086 0.052071 0.240610 -0.271517 -0.027415 0.178290 0.207506 0.001372 -0.014188 -0.125833 -0.079156 0.007145 0.075654
0.127704 -0.002947 -0.134658 0.113379 -0.356970 -0.246037 -0.149728 -0.205976 -0.078068 0.082102 0.338964 -0.027459 0.482915 -0.091632 0.031396 0.304199 0.010963 -0.147817 -0.027823 0.166014 0.065987 0.015877 0.068132 -0.048464 0.002854 0.075506
0.048911 0.323911 -0.006106 -0.616763 -0.229535 -0.101806 0.547644 -0.240344 -0.023525 0.501491 0.531176 -0.061791 -0.296418 -0.274836 0.195880 0.021079 -0.163904 -0.063592 -0.017645 -0.009538 0.039837 -0.030773 0.042261 -0.063607 0.000004 -0.023909
0.088596 0.011905 0.043165 -0.944360 -0.072742 0.097696 0.664569 -0.178901 0.048494 0.537823 0.116035 0.187603 -0.286824 -0.222570 0.346688 0.452625 0.087926 -0.342144 -0.127139 0.165740 0.025981 -0.019011 0.163118 0.104678 0.000969 -0.047211
0.150574 0.118752 0.011285 -0.137284 -0.252923 0.062372 -0.221798 -0.117785 0.026704 0.343466 0.204316 0.055693 0.312834 0.043444 0.154285 0.179720 -0.024997 -0.014887 -0.166256 0.140938 0.101853 0.031938 0.120361 -0.026707 0.001586 -0.039531
0.304857 0.075985 -0.087913 -0.237776 0.031407 -0.220068 -0.057093 -0.025027 -0.068759 -0.225448 -0.046578 -0.055346 -0.070234 0.030555 -0.108632 0.043582 0.309301 -0.015990 -0.057963 0.155787 -0.029981 -0.008359 -0.027212 -0.052823 0.004511 -0.015137
0.311096 0.077599 0.014600 -0.514884 -0.586361 0.153506 0.450618 -0.156844 -0.103733 0.305616 0.479687 -0.259442 -0.214528 0.178088 0.192646 0.341198 -0.350579 -0.067669 -0.063280 -0.128417 -0.036950 -0.044366 0.003326 -0.169495 0.002620 0.091749
0.022964 -0.098655 -0.053636 -0.431213 -0.080947 0.083155 0.133166 -0.427184 -0.107854 0.312362 -0.215517 0.018097 -0.549988 -0.098941 -0.100047 0.251691 0.176979 -0.302705 -0.004228 -0.409199 -0.111999 -0.088391 -0.008208 -0.012793 -0.008924 0.226807
0.199746 0.026162 0.007069 0.200580 -0.390796 -0.022888 0.144850 -0.144394 -0.194913 0.167137 0.209871 -0.294900 0.096341 0.056670 -0.130417 0.021648 -0.084300 -0.070634 0.290768 0.037340 -0.076255 -0.080555 -0.052714 -0.153767 -0.008480 0.050198
-0.133771 0.328185 -0.044858 -0.203678 -0.307868 -0.054889 0.006182 -0.267616 0.012206 -0.004651 -0.100194 -0.016499 0.298718 0.074513 0.092428 0.285205 -0.220279 -0.072812 -0.030667 0.070474 -0.020806 -0.024629 -0.006593 -0.012887 -0.005609 0.098897
0.030623 -0.335243 -0.098468 0.089047 -0.469437 0.426100 -0.411813 -0.114043 0.070339 0.556936 0.226980 0.321190 -0.012315 0.043487 -0.135279 0.218934 0.236611 -0.183573 -0.106214 0.069039 0.031105 0.094481 0.116925 0.140616 0.003286 0.151963
-0.110904 0.219139 -0.032853 -0.153763 -0.453037 -0.130080 0.013223 -0.180920 -0.052416 0.343976 0.013568 0.113128 0.082952 0.036872 -0.012724 0.256220 -0.000516 -0.308526 0.076445 0.027921 0.048112 0.011043 0.226922 -0.039625 0.006787 0.140623
0.252721 0.286304 0.169864 -0.135560 -0.597908 0.112826 0.340730 -0.397691 -0.114474 0.309018 0.365609 0.242077 0.546807 -0.376810 0.370715 -0.160881 0.015110 0.253255 -0.169156 0.045849 0.113364 -0.032221 0.037009 0.010933 -0.002122 -0.048290
0.264296 0.428729 0.031009 -0.878060 -0.008244 0.291630 0.504174 0.153089 0.130300 -0.276581 -0.118778 -0.140204 -0.525779 0.126960 0.284642 0.735011 0.455281 -0.134549 -0.354911 0.463116 -0.130419 0.085094 -0.124155 -0.132788 -0.001667 -0.165005
0.275450 0.510903 0.109201 -1.067679 0.034020 0.342210 0.511198 0.011537 0.044143 0.005287 -0.130020 -0.114469 -0.518467 0.253704 0.012065 0.301271 0.017752 -0.260087 -0.409009 0.077867 -0.127725 0.023669 0.151386 -0.306914 -0.001671 -0.110690
0.043125 -0.117957 -0.119931 -0.285916 -0.081956 -0.070944 -0.008395 -0.161220 -0.068998 0.192772 0.437812 0.065081 -0.203638 -0.038638 0.007685 0.216000 -0.016201 -0.174519 0.025060 0.063963 0.031971 -0.034769 0.003669 -0.005734 0.004442 0.065758
-0.279185 0.100214 0.034797 -0.441019 0.005298 -0.195448 0.557462 -0.549594 0.038557 0.146621 -0.126203 -0.218422 0.094024 0.057781 0.210445 0.572150 -0.214342 0.107769 0.265002 0.265400 0.003926 -0.088292 0.075321 -0.159147 -0.002014 0.038540
0.134271 0.105751 -0.149777 -0.325955 -0.191627 0.089784 0.094499 0.063278 -0.102637 0.471827 0.230599 -0.089740 -0.293441 -0.005974 0.200894 0.386247 0.235142 -0.473377 0.093485 -0.071983 0.028775 -0.024606 0.090889 -0.033132 0.001323 -0.024825
-0.041784 0.185749 -0.052281 -0.646688 -0.115934 0.180704 0.303893 -0.489410 0.018558 0.026605 0.064416 -0.244426 0.246726 -0.170183 0.129645 0.626961 -0.008966 0.082349 0.373248 0.276239 -0.005308 0.024551 0.101133 -0.231537 0.003673 -0.009285
0.042853 0.173528 -0.120930 -0.157144 -0.086470 0.161891 0.155693 -0.202708 -0.083847 0.136155 0.064823 -0.038224 0.273714 -0.199627 0.010097 0.049398 0.125970 0.052771 0.049749 0.020574 0.041430 0.019389 0.039404 0.081473 0.002841 -0.061987
-0.347570 0.052629 0.136661 -0.085874 -0.113743 -0.268293 0.240693 -0.530260 0.091547 -0.058639 -0.534096 -0.046527 -0.021366 0.557110 -0.029954 0.707671 -0.963112 0.395883 0.172022 -0.032784 0.053070 -0.062292 0.070045 -0.096612 0.005833 0.196508
0.117590 -0.017105 0.017068 -0.951548 -0.109325 -0.150366 0.346671 -0.318866 -0.061502 0.588889 0.358297 -0.240165 -0.366998 -0.376617 0.257876 0.550102 -0.034665 -0.176074 0.126697 -0.143952 0.036333 -0.116109 0.045464 0.104436 -0.001729 0.080526
-0.428661 0.253241 -0.014419 -0.247303 0.020961 0.116467 0.147534 -0.538528 0.076003 0.273719 -0.578727 0.314387 0.040406 -0.179700 0.061549 0.353348 -0.088527 -0.153042 -0.045158 -0.032650 -0.029268 -0.036429 0.088969 0.215367 0.001321 0.102817
-0.206944 0.111381 -0.049825 -0.352113 -0.109176 0.349657 0.298330 -0.285718 0.009963 -0.117801 -0.097068 -0.175231 -0.454837 -0.007506 0.043965 0.364985 0.185984 -0.265061 0.213839 0.093527 -0.046446 0.077021 0.096320 -0.080065 0.000529 0.113501
0.176509 0.116461 0.021016 -0.259541 0.060821 -0.024768 0.439540 -0.266709 0.024701 0.049554 -0.220015 -0.358126 -0.535590 0.443663 -0.026239 0.373221 -0.631001 -0.188995 -0.030557 -0.106752 -0.051732 -0.043394 -0.000447 -0.115577 -0.002116 0.023607
0.244723 -0.100387 -0.119543 -0.112036 -0.169172 -0.124862 -0.259298 -0.183297 -0.146371 0.099533 0.128818 -0.015853 0.458480 -0.121451 0.014175 -0.045385 -0.009413 -0.196956 -0.206815 -0.003211 0.054160 0.010008 0.028263 0.058493 -0.001481 0.085048
-0.235896 -0.161120 -0.110537 -0.162436 -0.198250 0.403731 -0.006889 -0.155474 0.128688 0.416214 -0.137325 -0.087060 0.156431 0.010385 0.018218 0.531612 -0.083473 -0.042217 -0.003233 0.292839 0.028902 -0.055254 0.079248 0.090983 0.009319 0.078562
0.036227 -0.205594 -0.059850 -0.482826 -0.072330 -0.240336 -0.210455 -0.069985 -0.083002 0.214717 -0.002340 -0.121691 0.471028 -0.005941 0.166399 0.378441 -0.140406 0.455591 0.123762 -0.092778 0.073963 -0.114469 -0.049802 0.032985 -0.000353 0.068891
-0.070165 0.068184 0.002449 -0.157575 -0.145254 0.120845 -0.089844 -0.023722 -0.027061 0.304001 0.039218 0.119292 0.228407 0.137990 -0.054375 0.323972 -0.096962 -0.015281 -0.044484 0.010828 0.039938 -0.032807 0.067278 -0.082154 0.001918 -0.001829
-0.043178 0.092171 0.028725 -0.299173 -0.051601 0.049928 0.039548 -0.091934 -0.051449 0.115762 -0.000717 -0.072124 -0.116471 -0.109844 -0.021386 0.123376 0.079818 -0.106539 -0.074669 0.098926 0.011360 -0.029099 -0.005469 0.058161 -0.004060 0.047413
-0.325358 0.153595 0.074746 0.030571 -0.099872 0.138536 0.291564 -0.092193 -0.072462 0.199570 -0.126664 0.093471 0.394985 0.163576 0.108963 -0.183506 -0.135316 -0.088967 -0.450686 0.056413 -0.039714 -0.051051 0.002416 0.000059 -0.001419 0.020149
0.200121 -0.009324 -0.137462 0.040229 -0.491977 0.017311 -0.280422 -0.173037 -0.152772 0.626141 0.204326 -0.038051 0.476283 0.001578 0.079088 0.282689 -0.035782 0.151686 -0.061444 0.241070 0.086534 0.013204 -0.028627 0.047277 0.005286 0.018048
0.445919 0.540121 -0.005760 -1.033472 0.031402 0.118776 0.426301 -0.003867 0.014631 -0.162401 0.256979 0.027471 -0.471604 0.165533 0.017756 0.432313 0.167917 -0.189753 -0.136650 -0.191219 -0.139020 0.032025 -0.072775 -0.173804 0.001499 -0.162668
-0.088380 0.292214 -0.062729 -0.246730 0.121138 -0.085103 0.334171 -0.200044 0.037132 -0.014087 -0.050565 -0.185126 0.088098 0.006221 0.155706 0.200880 -0.118240 0.090133 0.081264 0.049824 -0.000618 -0.023551 -0.057220 0.010342 0.004440 -0.094230
-0.048646 -0.056539 0.092205 -0.297877 -0.214700 0.272502 -0.319017 -0.318726 0.064827 0.524900 0.212433 0.039307 -0.195040 -0.208184 -0.122783 0.555926 0.362595 -0.371719 -0.140149 0.022590 0.011413 0.048575 0.116271 0.072003 -0.001541 0.139149
-0.165489 -0.057577 0.012803 0.386172 -0.424574 -0.480115 -0.644290 -0.106995 -0.098210 0.017892 0.491224 0.187568 1.009511 -0.169296 0.068268 -0.098784 -0.249524 0.254173 -0.082636 0.168066 0.173794 0.056524 -0.050066 -0.030221 0.005535 0.154277
0.220571 0.417249 0.081128 -1.101996 -0.136341 0.281577 0.299486 -0.040116 0.102183 0.332491 -0.201208 -0.000582 -0.316732 0.322460 0.071237 0.351073 0.110830 -0.218197 -0.467415 0.106061 -0.100104 0.025406 0.158580 -0.203618 0.003044 -0.045945
-0.172882 -0.390208 -0.018039 -0.114080 -0.535042 0.635669 -0.307824 -0.311267 -0.026727 0.749191 0.076818 -0.186497 -0.002401 0.073344 0.196340 0.213256 0.044923 -0.297182 0.204729 0.433725 0.056669 0.009358 0.185570 0.010840 -0.002760 0.209206
0.037281 -0.085401 -0.114302 -0.352609 -0.041075 0.421040 -0.111639 -0.020996 0.125011 0.129890 0.002109 -0.082881 -0.317705 -0.091635 -0.005164 0.523052 0.046530 -0.557350 -0.108716 0.118935 -0.015315 0.015931 0.066368 0.053723 0.002124 0.071241
-0.071000 0.277388 0.015485 0.019768 -0.185534 0.017728 0.180513 -0.344775 0.025141 -0.035418 -0.111130 -0.098822 -0.078461 0.213348 0.043997 0.350584 -0.363378 -0.083350 0.133742 0.044031 -0.000436 -0.033622 -0.056695 -0.048785 -0.002354 0.043971
0.093850 0.311467 -0.057453 -0.349298 0.156263 0.153483 0.230100 -0.147547 0.069024 -0.180528 0.002065 -0.046135 -0.181402 -0.073123 -0.016387 0.210433 0.104503 -0.208098 0.020118 0.115028 -0.010873 0.039650 -0.024927 -0.131372 0.004957 -0.107964
-0.184446 0.221851 0.038677 -0.300486 -0.360025 -0.044220 0.305933 -0.273458 0.014303 0.159152 0.335094 0.042508 0.077747 -0.202747 0.216497 0.175104 -0.011508 0.046982 -0.085739 -0.021781 0.040823 0.004907 0.044760 0.043150 0.001843 0.093501
-0.025220 0.289860 0.146761 -0.183105 0.021994 0.041818 0.149324 0.029143 -0.042530 0.092712 -0.009254 0.026514 0.136215 0.035228 0.027123 0.016208 -0.194953 0.233847 -0.185422 0.231648 0.000912 -0.045311 -0.053077 0.166022 0.001436 -0.133034
0.320082 0.079100 -0.050937 -0.324090 -0.248160 0.132604 0.041663 0.066449 0.040247 0.286467 0.278225 0.064134 -0.065972 0.023473 0.127230 0.105869 0.304463 -0.528414 0.014950 -0.108734 0.019851 0.045144 0.108108 0.085279 0.008392 -0.047480
0.045432 0.085273 0.022482 -0.358210 -0.247501 0.209911 -0.360967 -0.022881 0.058355 0.108099 0.054749 0.021085 0.518086 0.112360 0.179443 0.095022 0.081793 0.012378 -0.080494 0.114339 0.079307 0.038828 0.111501 0.058434 0.001186 0.006251
0.029948 0.209278 -0.169133 -0.544274 0.004674 -0.040805 0.366378 -0.462936 0.022850 -0.007137 -0.069856 -0.372941 -0.265012 0.044817 -0.030931 0.408895 0.011781 0.002522 0.255316 0.035629 -0.042256 -0.013658 0.053815 -0.113152 -0.000828 0.044594
-0.197918 0.180988 -0.036618 -0.456797 0.029388 -0.062419 0.605812 -0.518372 0.068393 0.060462 -0.105807 -0.175146 0.187581 0.080140 0.253850 0.421321 -0.109997 -0.028499 0.388425 0.113574 0.026131 -0.044553 0.092118 -0.183066 0.001703 -0.029204
0.206273 0.360513 0.108354 -0.540897 -0.422600 0.027576 0.389705 0.085338 0.059775 0.183531 0.208114 -0.057684 -0.126872 0.051572 0.244858 0.243759 -0.121746 -0.029746 -0.212468 -0.194355 -0.017600 -0.009855 0.074370 -0.124782 0.004917 -0.004068
-0.119936 0.173115 0.041703 -0.354164 -0.198634 0.022811 0.088861 -0.081926 -0.052481 0.379602 0.008038 0.062524 0.113006 -0.036100 0.187013 0.103566 0.111672 0.031011 -0.031928 0.126868 0.023155 -0.055629 -0.036967 -0.022703 0.007895 0.005981
-0.074118 -0.308573 -0.123478 0.476183 -0.630507 -0.426461 -0.318977 0.074699 -0.287142 0.573043 0.114304 0.072460 0.666473 0.320575 0.082408 0.059367 0.015026 0.472062 0.167648 0.273770 0.099272 -0.063123 -0.161112 -0.243663 0.007812 0.140036
-0.012415 0.062038 -0.043426 -0.215759 -0.298779 0.063972 -0.256074 -0.194029 0.008809 0.455942 -0.095633 -0.028980 0.337500 0.039259 0.109477 0.166103 0.055872 -0.044366 -0.164173 0.191811 0.069325 0.019016 0.119352 -0.006666 0.005566 0.074047
-0.141353 0.082396 -0.012552 -0.088571 -0.358680 0.189813 -0.194671 -0.026515 0.056858 0.290876 0.258125 0.082373 0.160305 0.073635 0.004506 0.348478 0.108975 -0.011261 -0.031206 0.117902 0.087909 0.030175 0.111309 0.134536 0.007126 0.047446
0.024360 -0.113979 -0.272514 0.193970 -0.487102 -0.675060 -0.398231 -0.228152 -0.160189 -0.222720 0.399164 0.001066 0.594170 -0.429914 0.008761 0.493398 -0.160800 0.213206 0.116921 0.290346 0.152948 -0.027648 0.060315 -0.024613 -0.006214 0.244421
0.018874 -0.235054 -0.036800 -0.112386 -0.295564 0.363103 0.218424 -0.154604 0.103602 0.511533 0.185479 -0.057402 -0.055324 0.094386 0.163856 0.191691 0.061138 -0.112177 0.092072 -0.053463 0.036400 0.118119 0.179384 -0.007617 0.001414 0.036210
0.134525 0.251090 -0.066078 -0.237018 -0.252349 -0.147962 -0.148168 0.200616 -0.183409 0.532201 0.249893 0.015732 0.422423 -0.101157 0.122721 0.050678 0.089639 0.291904 -0.267436 0.175941 0.023257 0.010099 0.020294 -0.145384 0.003548 -0.105898
0.117318 0.015595 -0.080109 -0.080331 -0.230742 -0.001135 -0.063229 -0.096259 -0.062239 0.096974 0.066217 0.086229 0.113359 -0.179335 0.115033 0.297413 -0.041630 -0.136760 -0.048415 0.038995 0.063778 -0.000995 0.030278 0.045588 -0.002145 0.051256
0.266266 0.519467 0.030871 -0.633422 0.224439 0.259327 0.318979 -0.172184 0.001474 -0.285304 -0.178535 -0.074751 -0.423321 -0.025065 -0.147677 0.445352 0.165581 -0.449540 -0.242163 -0.037135 -0.101884 0.010366 -0.011922 -0.109702 0.003068 -0.114406
0.037222 -0.138661 -0.165794 -0.052509 -0.261916 0.228963 -0.182311 -0.076346 0.000043 0.045432 0.055965 0.162574 0.189696 0.154860 0.087306 0.197728 0.197358 -0.099166 -0.043538 0.215352 0.050106 0.007932 0.041674 0.056360 0.003704 0.055152
-0.234385 -0.187941 0.202559 -0.324752 -0.127342 0.746013 -0.399675 -0.111962 0.156580 0.394394 -0.017921 0.391060 -0.416267 -0.115510 -0.144402 0.469224 0.186252 -0.426224 -0.320767 -0.043730 0.027387 0.059622 0.192578 0.199742 0.000159 0.165892
-0.099980 -0.234697 0.022872 -0.158223 -0.417094 0.613274 -0.444910 -0.044533 0.128336 0.478850 0.167664 0.275182 -0.264058 -0.095074 -0.174420 0.339975 0.312049 -0.387498 -0.252092 0.015004 0.017770 0.089780 0.141641 0.223989 0.003435 0.207085
-0.254331 0.145094 0.019278 -0.395576 0.149802 0.091015 0.377046 -0.289349 0.066677 0.000297 -0.327746 -0.204864 -0.193396 0.007220 0.052575 0.407265 0.068843 -0.169495 0.124361 0.054844 -0.013262 -0.026684 0.027465 -0.014743 0.001182 0.033428
0.055741 0.233383 0.028462 -0.393332 0.315037 0.523305 0.258715 -0.068585 0.061736 -0.208444 -0.393413 0.072569 -0.572290 0.069892 -0.154500 0.395189 0.165550 -0.372515 -0.224140 -0.019761 -0.068021 0.017379 0.016598 -0.001671 0.002131 -0.087914
0.008538 0.076909 -0.179965 0.063813 -0.487626 -0.100047 -0.091957 -0.045113 -0.310449 0.246818 0.430256 0.221931 0.871769 -0.276240 0.210747 -0.221845 0.109799 0.112487 -0.084378 0.042193 0.075307 0.010107 0.144060 -0.207444 0.001041 0.034040
0.017900 0.243104 0.016026 -0.034319 -0.025350 -0.085074 0.008662 -0.189381 -0.030636 0.066304 -0.060233 -0.009961 0.092407 0.040521 0.035490 0.133209 -0.032922 -0.230611 -0.119855 0.180567 0.021983 -0.002026 0.079451 0.060269 0.002268 -0.031301
0.581316 0.051067 -0.020866 -0.751120 -0.624195 -0.151876 0.249386 -0.023576 -0.116186 0.108385 0.903974 0.130081 0.339884 0.446942 0.337047 0.682828 -0.670752 0.223434 0.176518 -0.220078 0.071348 0.002135 0.030549 -0.110709 0.016574 -0.053529
-0.044177 0.290026 -0.462160 -0.486898 -0.200125 -0.649563 -0.008946 -1.045821 -0.541929 0.511919 0.704022 -0.222147 1.298519 0.007626 0.457939 0.527530 0.060689 -0.409249 0.216844 -0.090693 0.100882 0.010607 0.219939 -0.435554 0.007575 0.048142
-0.201315 0.200361 0.077007 -0.112775 -0.076080 -0.274187 -0.285823 -0.008501 -0.144643 0.165561 0.026291 -0.029251 0.174965 0.019138 -0.222643 -0.073403 -0.095125 -0.239892 -0.122365 -0.037731 -0.024063 -0.023826 0.039281 0.015883 0.001741 0.124456
-0.165349 0.340158 0.187102 -0.000224 -0.412631 0.017962 -0.009917 -0.180670 -0.007479 0.339653 0.012132 -0.014861 0.548504 -0.060222 0.000190 0.225151 -0.268922 0.159170 -0.187832 0.204547 0.066039 -0.067848 0.032595 0.060122 -0.002677 0.028581
-0.047539 0.185638 -0.209724 -0.571000 0.166050 -0.022108 0.517029 -0.432068 0.079815 0.095181 -0.029781 -0.414844 -0.262582 0.213139 0.081053 0.277718 -0.007749 -0.325307 0.003786 -0.145646 -0.059899 -0.007846 0.057580 0.000447 0.000247 0.018741
0.071535 -0.113752 -0.094211 0.079939 -0.403271 -0.189256 0.050742 -0.179343 -0.074724 0.024496 0.357943 -0.003920 0.212452 0.229915 0.174433 0.211987 -0.496690 0.170587 0.232344 0.125114 0.045325 0.004323 -0.058337 -0.138179 0.005304 0.086234
0.518416 0.456377 0.159797 -0.548943 -0.039643 -0.126908 0.248330 -0.347335 -0.034218 -0.172108 0.250230 -0.032470 -0.191004 -0.093073 -0.208161 0.396449 0.048618 -0.201257 -0.117027 -0.028213 -0.122065 0.038739 -0.069617 -0.208562 -0.006469 -0.085415
0.340178 0.240658 -0.099366 -0.302088 0.224036 0.058185 0.198534 -0.002070 -0.022251 0.166893 0.138810 0.010606 -0.068316 0.193998 -0.197504 0.164063 -0.660829 -0.210188 -0.017278 0.015127 -0.042064 0.072760 0.006184 -0.195674 0.002580 -0.207512
0.071855 0.398629 -0.095892 -0.228947 0.174059 -0.045614 0.333284 -0.118611 0.044161 -0.329580 0.102939 0.025934 -0.174198 0.071794 -0.028740 0.085781 0.216279 -0.205739 -0.025931 -0.056641 -0.054424 0.037595 -0.022717 -0.120933 0.002266 -0.119983
0.190773 0.142267 -0.005958 -0.083917 -0.275184 0.130576 -0.105086 -0.207207 -0.064010 0.281041 0.208755 0.050494 0.415674 -0.082441 0.172592 0.243624 0.276407 -0.129547 0.120599 0.026174 0.109662 0.073616 0.075389 0.084551 -0.001775 -0.076680
-0.082540 -0.100688 -0.026162 -0.262418 -0.094440 0.384837 -0.050579 -0.118771 0.132507 0.582326 0.306397 -0.000766 -0.370397 0.175876 0.095909 0.429612 0.124643 -0.362517 0.196428 0.520920 0.110724 0.020260 0.094598 0.174457 0.009043 -0.063688
0.099443 -0.158574 -0.155884 -0.398268 -0.137984 0.036875 0.055554 -0.112237 -0.028335 0.387539 0.063211 -0.183485 -0.379132 0.025288 0.070157 0.272549 0.022586 -0.395242 -0.068241 -0.036725 -0.025241 -0.009426 0.103288 -0.101623 -0.000515 0.136861
-0.006109 -0.125721 -0.080208 -0.182472 -0.199089 0.364494 0.228884 -0.155378 0.097456 0.516224 0.175184 -0.138060 0.041554 0.129355 0.037155 0.277152 0.180744 -0.103145 -0.057168 -0.050434 -0.008490 0.103918 0.185736 -0.136188 0.005503 0.002614
-0.036815 -0.030433 0.237546 -0.217579 -0.285300 0.169143 0.272112 -0.072037 -0.104421 0.135081 -0.078532 0.114587 -0.394686 -0.418251 0.094506 0.030954 -0.082602 -0.206283 0.235588 -0.347311 -0.046433 -0.063086 0.020442 -0.007487 -0.010593 0.168729
0.417944 0.328273 0.021263 -0.751773 -0.000849 0.200637 0.224979 0.044248 0.030496 0.054055 -0.016418 -0.112261 -0.237081 0.093622 -0.086097 0.237811 -0.045388 -0.086067 -0.409697 0.038423 -0.116795 0.023972 0.022382 -0.118417 -0.000700 -0.104882
0.080705 0.575498 0.139620 -0.648672 0.022198 0.081092 0.010049 0.118717 0.124206 0.004186 -0.052560 0.237727 -0.094756 0.146968 0.124774 -0.007439 -0.060398 0.025940 -0.256767 0.044577 -0.053404 0.103769 0.007437 0.151548 0.004194 -0.156075
0.001285 -0.150580 -0.098370 -0.245682 -0.314409 0.477159 -0.314369 0.097016 -0.002907 0.780284 -0.411421 0.184335 0.072426 0.281581 0.085794 0.392610 0.048856 -0.123628 -0.275441 0.210149 0.066720 0.041598 0.277462 -0.073829 0.008945 0.051361
-0.392630 0.360135 0.012199 0.030253 -0.520584 -0.035145 0.186880 -0.376679 -0.024781 0.384708 -0.005391 0.232026 0.530884 0.282727 0.134548 0.223037 -0.488364 0.038115 -0.048145 0.467235 0.077056 -0.069139 0.037554 -0.039806 0.015140 0.064083
0.037464 0.033756 -0.064422 -0.134966 -0.251687 -0.076736 0.080959 -0.159616 -0.006443 0.080330 0.085814 0.011935 0.152384 -0.124295 -0.032062 0.213551 -0.031703 -0.017971 -0.084157 0.107158 0.021983 0.050636 0.148235 0.021647 0.000311 0.079572
-0.028431 -0.032981 -0.227166 -0.146057 -0.116173 0.129088 0.073670 -0.022413 0.018363 0.156668 0.175615 -0.023358 0.089053 -0.003900 -0.032850 0.209847 -0.022397 -0.014988 0.049012 -0.065772 0.000999 0.042475 0.082121 -0.013337 0.000947 0.017715
-0.018643 -0.046428 -0.045839 0.004552 -0.538446 -0.153940 0.107415 -0.308627 0.015710 0.400702 -0.053226 -0.294479 -0.470515 0.393612 -0.352163 0.353807 -0.361978 -0.311751 0.183787 -0.489882 -0.161352 -0.049388 0.090602 -0.176812 -0.011687 0.355267
0.141568 0.205911 -0.265503 -0.587834 -0.321288 -0.576709 -0.104713 -0.566246 -0.320210 0.509435 0.529470 -0.062373 1.336907 0.286555 0.470697 -0.038950 -0.182663 -0.203369 -0.037474 -0.458621 0.108191 0.105493 0.282447 0.061625 0.002088 0.034443
0.029007 0.181146 -0.020100 -0.798968 -0.100374 -0.080335 0.218649 -0.261059 -0.014497 0.594812 -0.207465 0.041039 0.271243 0.200609 0.215109 0.479012 -0.135435 -0.152166 -0.424016 0.170684 0.024170 -0.027687 0.201578 -0.191105 0.004993 0.001862
0.012653 0.012144 -0.026205 -0.244536 -0.231380 0.087434 -0.398282 -0.045720 0.007278 0.340480 -0.056709 -0.041559 0.409046 -0.039865 0.144894 0.107036 0.159264 -0.018810 -0.186789 0.232102 0.082672 0.032286 0.096215 0.031289 0.005416 0.049856
-0.032049 -0.119908 -0.099339 -0.306050 -0.049072 -0.145150 -0.279709 -0.155559 -0.032623 0.301420 0.210582 -0.136163 0.512410 0.155311 0.169204 0.281864 -0.088158 0.408486 0.177006 -0.053018 0.061813 -0.065392 -0.045726 0.039771 0.004103 -0.000766
0.091141 0.056620 0.120672 -0.392632 -0.531109 0.107572 -0.088916 -0.229950 0.035647 0.440802 0.069832 0.097675 0.221503 -0.055470 0.152104 0.526566 -0.074873 0.173659 -0.139364 0.357372 0.080242 -0.123440 0.024531 0.032857 0.010314 0.082290
0.381003 -0.152208 0.059567 -0.373509 -0.218431 0.020313 0.142269 -0.184656 -0.174677 0.047083 0.079493 -0.286790 0.288898 -0.129945 0.150950 0.564067 0.215844 -0.016867 -0.142598 0.342014 0.056964 0.051784 0.219670 -0.152093 0.000960 0.005557
-0.100133 0.055775 -0.090633 -0.232938 0.050735 -0.137409 0.278574 -0.271404 -0.022872 -0.030139 0.117053 -0.085355 0.195716 -0.065898 0.109558 0.179749 0.035347 -0.207412 0.112529 -0.034811 -0.010925 0.022013 0.069592 -0.103813 -0.004241 0.017785
-0.001223 -0.004938 -0.082897 -0.334397 -0.031191 -0.075411 0.265674 -0.196376 -0.039417 0.289165 0.403795 -0.064045 -0.195683 -0.140037 0.051679 0.052077 0.004058 -0.115187 -0.019180 -0.197621 -0.023485 -0.004757 -0.051538 0.077473 0.000352 0.037211
-0.093266 -0.183939 0.100207 -0.334418 -0.497819 0.614025 -0.374590 -0.188735 0.138107 0.732351 0.323832 0.097476 -0.139731 0.068846 -0.055319 0.421241 0.186954 -0.237655 0.071438 -0.066663 0.053436 0.076771 0.257453 0.012616 0.002674 0.163456
0.052086 0.304145 -0.073458 -0.457089 0.140870 0.116637 0.509539 -0.280137 -0.003437 -0.351658 0.119172 -0.007714 -0.470895 0.062936 -0.038079 0.242812 0.018120 -0.260530 0.103393 -0.059757 -0.120314 0.048337 -0.036844 -0.212398 -0.001289 -0.040574
-0.082906 0.047961 -0.026486 -0.472255 -0.131743 0.218235 0.326876 -0.169801 0.016364 0.346760 -0.251878 -0.070089 -0.319391 -0.017108 0.126152 0.550599 0.152417 -0.447437 -0.075336 0.030601 -0.025011 0.042616 0.202712 -0.072282 0.004164 0.086723
0.212573 0.434646 0.145104 -0.560749 0.036872 0.120175 0.326329 -0.302095 0.016816 -0.013790 -0.144083 -0.169511 -0.173331 -0.190016 -0.254884 0.522146 0.059896 -0.268108 -0.464361 0.493758 -0.119499 -0.053701 0.058715 -0.229872 -0.001017 -0.055493
-0.113619 0.047917 -0.243809 -0.596519 0.014179 -0.249206 0.316980 -0.376255 0.032753 0.135675 0.183342 -0.303843 -0.203032 0.201668 -0.049670 0.360199 -0.199311 -0.166171 0.127697 -0.191306 -0.107952 -0.004316 0.064140 -0.197968 0.004695 0.140615
-0.120581 0.227871 -0.006328 -0.527313 -0.122922 0.042560 0.175088 -0.109359 0.014227 0.355983 0.006408 -0.037383 -0.036381 -0.194494 0.125557 0.194369 0.126541 -0.073133 -0.108153 0.178875 0.019597 -0.033518 0.076099 -0.025925 0.007138 0.014499
0.021413 0.041080 -0.200267 -0.333883 -0.340914 0.076408 -0.308963 -0.093346 -0.067112 0.119183 0.107665 0.002979 0.268236 -0.047874 0.082860 0.256691 0.169862 -0.096101 0.257986 0.066962 0.033358 0.002784 0.066763 -0.041549 0.000024 0.101169
-0.050686 -0.069576 0.034330 -0.397266 -0.182832 0.354268 -0.028648 -0.311503 0.079599 0.710697 0.601402 0.074139 -0.415597 0.200137 0.070523 0.585412 0.243533 -0.354761 0.072342 0.351724 0.092350 0.036050 0.059183 0.107107 0.013664 -0.028356
-0.140693 0.265509 -0.152628 -0.797874 0.288828 0.143696 0.665372 -0.356265 0.194217 -0.103514 -0.169756 -0.373338 -0.586267 0.148158 0.105192 0.408825 0.032801 -0.277691 0.164953 -0.096240 -0.097895 -0.023642 0.017626 -0.011151 0.003241 -0.013817
-0.124216 -0.020342 -0.096992 -0.208207 -0.113062 0.086983 -0.056984 -0.047201 0.002443 0.105110 0.224147 0.014575 0.069166 -0.091902 -0.015563 0.063274 -0.015661 -0.144547 -0.069142 0.025950 -0.019685 0.056627 0.095275 0.054427 0.000232 0.079653
-0.016978 0.069986 -0.040725 -0.283130 -0.227216 0.040718 -0.183412 -0.230250 0.048695 0.311200 -0.088842 0.139659 0.107999 -0.025087 -0.019324 0.437851 0.048340 -0.109313 -0.169950 0.020446 0.013455 0.037049 0.160998 0.056872 0.004243 0.101044
0.136020 0.208722 -0.019479 -0.341282 0.165868 0.101427 0.251455 -0.285285 0.082166 -0.072354 0.124495 -0.181853 -0.258894 -0.011766 0.006868 0.230285 0.066358 -0.193452 -0.071388 0.063417 -0.049923 0.040381 -0.025005 -0.178896 0.002941 -0.073972
-0.083946 -0.107404 -0.033007 -0.167007 -0.038214 -0.155325 -0.200761 0.090573 -0.075651 0.055547 0.052684 0.136777 0.073078 -0.015066 -0.069995 0.150674 0.038864 -0.065541 -0.073721 0.136048 0.029649 0.002204 0.036682 0.052858 -0.001205 0.078930
-0.153770 -0.102450 -0.019300 -0.227162 -0.363871 0.060596 -0.200147 -0.263427 0.023699 0.539286 -0.047833 0.150378 0.218662 0.190732 0.176990 0.281692 -0.121319 -0.024720 0.079408 0.039599 0.108953 -0.012036 0.105773 0.131911 0.005268 0.137548
-0.033574 0.333856 -0.119939 -0.168245 -0.502565 -0.156432 0.030606 0.049097 -0.327082 0.393080 0.072273 -0.046505 0.665837 -0.231644 0.200778 -0.127429 0.017515 0.101519 -0.173754 0.188882 0.011160 -0.019521 0.098271 -0.232816 0.000401 0.038517
0.197390 -0.051649 -0.022001 -0.598488 0.098396 0.486846 0.275471 -0.052690 0.077352 0.038674 -0.207849 0.022450 -0.308705 0.201673 0.094975 0.474613 0.055048 -0.121934 -0.254853 -0.133499 -0.047326 0.079841 0.079368 -0.081873 0.003302 -0.046244
0.350378 0.104173 0.038013 -0.291010 0.007224 0.267292 0.214774 0.104062 -0.022605 -0.148317 -0.217354 0.020309 -0.555356 -0.129271 0.017916 0.344954 0.362695 -0.186567 -0.229061 0.314119 -0.150315 0.159387 0.090299 -0.183416 -0.010579 -0.078518
0.091620 0.347368 0.091852 -0.145581 -0.591601 0.033308 0.190305 -0.273249 -0.070384 0.419240 0.136331 0.275971 0.555669 -0.125726 0.308520 -0.174898 -0.008860 0.143117 -0.228405 0.056809 0.105684 -0.010875 0.065296 -0.010755 0.000025 -0.006240
0.389713 0.227269 -0.044294 -0.508022 0.076222 0.103290 0.030167 -0.136471 0.024980 0.024654 0.161641 0.032274 0.006000 -0.177709 -0.121243 0.354884 0.168363 -0.251719 -0.233616 -0.231743 -0.059069 0.064905 -0.048161 -0.074234 0.001613 -0.084303
0.355483 -0.137962 -0.083037 -0.254981 -0.530265 0.117953 0.312431 -0.196105 -0.185427 0.212033 0.498383 -0.381207 -0.112190 0.186651 0.033327 0.070408 -0.406395 -0.003925 0.109017 -0.234482 -0.086962 -0.061192 -0.068006 -0.172847 -0.004429 0.142675
-0.054624 0.317495 0.070175 -0.352512 -0.445459 -0.153627 0.236162 -0.347797 0.002899 0.294657 0.316084 -0.050247 0.014126 -0.315992 0.200536 0.099787 0.069547 0.063709 0.023738 -0.036203 0.027679 -0.039978 0.057275 0.021237 -0.000461 0.101895
-0.040317 -0.034338 -0.039616 0.135528 0.014927 0.189198 -0.101701 -0.001995 -0.010096 0.089615 -0.033410 0.088586 0.145370 -0.027647 -0.103998 0.227392 -0.063805 0.031843 -0.194006 0.106917 -0.001767 -0.008378 -0.037520 0.043110 0.001180 -0.025480
-0.010890 0.169346 -0.120013 -0.242624 -0.279132 0.046100 -0.302165 -0.094826 0.014793 0.065523 0.047845 0.067587 0.146288 0.004379 0.012501 0.260441 0.115121 -0.089760 0.186235 -0.057322 0.008583 0.030948 0.043014 0.054412 -0.002814 0.079806
0.184357 0.417593 -0.279975 -0.463733 0.096615 0.191091 -0.217112 0.111910 0.061865 -0.042861 0.487750 0.042466 -0.004768 0.139978 -0.173955 0.136203 -0.393802 -0.201053 0.054453 -0.179753 -0.000417 0.156581 0.072769 -0.069026 0.010329 -0.151645
-0.111768 -0.035240 -0.285564 0.050600 -0.384135 -0.491561 -0.170812 -0.177022 -0.089571 0.126593 0.318208 0.089304 0.383834 -0.307176 -0.061623 0.432263 -0.166731 -0.036293 -0.233345 0.121368 0.085273 -0.029596 0.092850 0.176882 -0.004322 0.218486
-0.293935 -0.151801 -0.046341 -0.070531 -0.253366 0.136998 -0.119388 -0.014559 -0.045550 0.162945 -0.010818 -0.075522 0.074804 0.022031 0.135105 0.135335 0.072445 -0.094101 0.138785 0.383333 0.072129 -0.042936 0.136091 -0.136102 0.002337 0.139034
-0.023929 0.106422 0.040885 -0.140937 -0.533770 -0.075476 -0.033039 -0.263619 -0.005347 -0.044008 0.300426 -0.174446 0.255916 -0.037031 0.207231 0.079122 -0.044369 0.261526 0.110015 0.111976 0.100656 0.001082 0.090714 0.017503 0.002767 0.146711
-0.016470 0.067108 0.041656 -0.249642 -0.280605 0.012635 -0.261913 -0.066962 0.031071 0.316968 0.049898 0.047473 0.300473 -0.170840 0.102582 0.222239 0.094710 -0.039930 -0.134833 0.162517 0.075426 0.036648 0.051525 -0.016135 0.003965 0.068372
-0.144793 0.002181 -0.200216 -0.051005 0.161403 0.119187 -0.294449 0.098442 0.015792 -0.139310 -0.031336 0.082283 0.097708 -0.125804 -0.112250 0.135467 -0.046986 -0.064434 0.108884 -0.010037 0.003097 0.021849 0.056417 0.181566 -0.004863 -0.002059
-0.253382 0.115897 -0.078780 -0.329423 -0.335218 0.263109 -0.424546 -0.276686 0.005997 0.486676 0.063120 0.346164 0.201273 0.353594 0.152756 0.584841 0.018933 -0.071686 -0.307858 0.168177 0.087300 -0.012356 0.020767 0.090018 0.013200 0.101895
0.013404 0.186478 -0.045495 -0.128540 -0.108834 0.124828 -0.141064 0.017049 -0.008003 0.082660 0.188724 -0.080530 0.101721 0.029153 0.089641 0.071230 0.210777 0.078975 0.148099 0.151424 0.043820 0.054596 -0.027929 0.017850 0.003800 -0.079404
-0.119768 -0.105529 -0.154612 -0.382239 -0.518103 -0.010309 -0.133566 -0.433234 -0.079808 0.675129 -0.071147 0.362797 0.359958 0.136155 0.307243 0.425502 -0.075834 0.009591 0.228458 0.156590 0.148664 -0.023629 0.179086 0.114262 0.014007 0.150217
-0.224408 0.109215 -0.083473 -0.242521 -0.321786 0.090886 -0.331191 -0.203383 -0.018743 0.234874 0.070388 0.190329 0.230888 0.171921 0.188864 0.395547 0.029502 0.050196 -0.221465 0.221310 0.077391 -0.015892 0.056028 0.026049 0.008036 0.113665
0.023023 0.334266 -0.010223 -0.072477 0.039686 -0.073164 0.239971 -0.071659 0.027267 -0.258680 -0.048295 -0.027666 -0.132362 -0.284738 -0.130068 0.114203 -0.246919 -0.056647 0.032654 0.102325 -0.014769 0.068140 -0.014639 -0.178074 -0.005043 -0.028963
0.449280 0.315953 0.012661 -0.346130 -0.582276 -0.418368 0.372271 -0.302845 -0.092310 0.127625 0.941904 -0.315212 -0.282482 -0.167190 0.209288 0.075709 -0.365745 0.121898 0.209340 -0.052193 -0.004103 -0.026953 -0.159873 -0.209208 0.003027 0.046719
-0.268512 0.014979 0.004401 -0.314746 -0.170861 0.198731 -0.055895 -0.099000 0.002115 0.205612 -0.132533 0.104725 0.114170 0.125669 -0.008977 0.376246 0.029567 0.052068 -0.214020 0.003334 0.007878 -0.026384 0.060146 0.057708 0.000711 0.118659
-0.283495 0.005787 0.173905 -0.235700 -0.201290 0.308478 -0.062224 0.028813 0.072878 0.298239 -0.172409 0.131469 0.058699 -0.387443 -0.060555 0.539916 0.287624 0.014343 -0.143057 0.474436 0.083096 -0.023544 0.073277 0.056290 -0.001590 0.062685
-0.056376 0.407634 -0.254957 -0.159316 -0.028526 -0.045898 -0.120445 -0.120114 -0.082264 0.266235 0.371264 0.265769 0.266660 0.079667 0.017822 0.131392 -0.222365 -0.169897 -0.177223 0.008859 0.099541 0.037393 0.054258 0.074380 0.006016 -0.108215
0.109222 0.272406 0.090155 -0.653079 -0.167736 0.103029 0.125969 -0.016705 0.047796 0.352899 -0.262053 -0.070633 -0.183097 0.145089 -0.103984 0.226451 0.062570 -0.226713 -0.438715 0.060562 -0.080332 -0.015602 0.112445 -0.172269 0.000895 0.053940
0.110860 0.538447 0.154731 -0.898727 -0.004754 0.238834 0.281767 -0.007754 0.367481 -0.022634 0.051272 -0.025366 -0.628882 0.163878 0.218581 0.898049 0.023651 -0.217891 -0.464343 0.206102 -0.090220 0.120095 -0.029000 -0.078401 0.001214 -0.107927
-0.073354 0.072045 -0.082830 -0.587450 -0.033314 -0.056900 0.108908 -0.191984 -0.041437 0.548399 -0.226448 0.088595 0.290253 0.206617 0.216757 0.407157 -0.063995 -0.052991 -0.289080 0.208394 0.060461 -0.036489 0.163649 -0.108648 0.007991 -0.011248
-0.047750 0.218943 -0.033926 -0.126049 -0.217120 0.157826 -0.173860 -0.057604 0.052368 0.087064 0.223857 0.012292 0.169013 -0.027030 0.048237 0.149200 0.130500 0.001664 0.158837 0.188687 0.052307 0.059273 -0.009356 0.084437 0.003166 -0.035964
0.148062 -0.128295 0.029867 -0.223589 -0.211719 0.137973 -0.216423 -0.066493 -0.005484 0.523961 0.218286 0.263919 0.113444 -0.141160 0.238218 0.076174 0.329503 -0.312322 -0.256143 0.227888 0.092727 0.047609 0.140302 0.064125 0.008814 -0.005125
0.159362 -0.128458 -0.124014 -0.252868 -0.366204 0.048097 0.100347 -0.215180 -0.026249 0.508279 0.388646 0.057935 0.147505 0.105655 0.118181 0.204195 -0.234139 -0.071938 -0.125239 -0.021046 0.028142 -0.050921 0.074114 0.088629 0.005990 0.058550
0.055892 0.401360 0.002661 -0.527947 -0.060271 0.261603 0.161229 -0.190697 0.030178 -0.017326 -0.202973 0.008958 -0.253940 -0.032867 -0.062249 0.440678 0.179936 -0.283298 -0.219587 0.050008 -0.035151 0.012486 0.103817 -0.092587 0.005747 0.002160
-0.152792 0.220225 0.110145 0.039883 -0.013258 -0.068806 0.135511 -0.291106 0.071687 -0.231178 0.001866 0.036027 0.211564 0.024686 0.110765 0.400932 -0.368798 0.169431 -0.012082 -0.097957 0.065035 -0.017888 0.051079 0.021598 0.000333 -0.001152
-0.217439 0.213317 0.052412 -0.331643 -0.389901 0.345190 0.165542 0.087606 -0.180660 0.442832 -0.032423 0.097286 0.223558 -0.130392 0.123372 0.296016 0.401101 -0.516234 -0.623172 -0.136114 -0.054228 -0.029709 0.157115 -0.063204 -0.007829 0.117748
-0.207968 0.516487 0.326518 -0.263836 -0.459880 -0.254926 0.066702 -0.099042 -0.015254 0.830987 -0.014565 0.487360 0.673053 0.324625 -0.018096 0.207308 -0.165000 -0.146711 -0.879947 0.068191 0.098149 -0.057725 0.071940 0.214084 0.004742 0.008294
-0.071534 0.192495 0.138225 -0.307602 -0.408008 0.257121 0.098090 0.069401 -0.081793 0.360043 -0.116163 0.191091 0.095312 0.049375 0.200615 0.230163 0.452825 -0.462944 -0.652767 0.132144 -0.036956 0.005646 0.129583 -0.037625 -0.003167 0.082293
0.073929 0.118292 -0.116862 -0.208343 -0.160206 0.067907 -0.052032 -0.001901 0.065989 0.374353 -0.115575 0.051005 0.167734 0.051396 0.030218 0.296525 -0.220820 -0.117459 -0.047314 0.107991 0.080785 0.022896 0.152966 0.104637 0.004818 -0.032330
-0.055571 -0.174292 -0.044739 -0.259900 -0.490247 0.496882 0.164658 -0.157075 0.257632 0.596793 0.347592 0.008127 -0.388717 0.109086 0.229782 0.524931 0.225983 -0.309017 0.014766 -0.222045 0.087125 0.220204 0.347578 0.068389 0.000513 0.120701
0.027782 0.190128 -0.056168 -0.349075 -0.013516 0.283780 0.024683 -0.044341 -0.008720 -0.001034 0.036301 0.073275 0.075666 0.280488 -0.035729 -0.029100 0.174476 -0.489354 -0.248970 0.117893 -0.082490 0.035207 0.075910 0.046117 -0.002001 -0.035731
0.032154 0.384191 -0.170210 -0.000778 -0.559877 -0.475840 -0.389296 -0.428508 -0.238926 0.191800 0.201453 0.195101 0.592527 -0.110327 0.093687 0.076912 0.032737 0.015672 0.047254 0.323953 0.094286 -0.073791 0.007151 0.012329 0.005969 0.119752
-0.137095 0.175635 0.033266 -0.172034 -0.256101 -0.069092 -0.064629 -0.400884 0.040132 -0.008135 -0.017552 0.048811 0.608208 -0.005351 0.084098 0.367667 -0.376126 0.088489 0.052348 0.001749 -0.018471 -0.062480 0.030695 0.059688 -0.005581 0.093020
0.156415 0.086770 -0.181564 -0.359034 -0.031302 0.030412 0.285819 -0.258808 0.028789 0.053117 0.020997 -0.293285 -0.076369 0.068631 0.115630 0.177372 0.035744 -0.099136 0.004619 0.060766 -0.017839 0.021787 0.050084 0.005408 -0.002283 -0.011699
0.147253 0.317088 -0.223354 0.188887 -0.401615 -0.166736 0.159088 -0.529555 -0.054702 -0.180184 0.642105 -0.084218 0.492338 -0.312300 0.272748 -0.073502 -0.126163 0.151883 0.395701 0.318093 0.069654 0.031915 -0.172970 -0.180186 0.001826 -0.049360
-0.038908 -0.142126 -0.018087 -0.319948 -0.067962 -0.023826 0.310644 -0.180594 -0.089043 0.401083 0.226539 -0.004462 -0.221913 -0.013172 0.205028 0.348809 0.154682 -0.361527 -0.072170 0.153816 0.003655 -0.040455 0.020424 0.103314 -0.001692 0.034409
0.002015 -0.090891 -0.043701 0.023144 -0.156414 0.224595 -0.072269 -0.045672 -0.043073 0.437067 -0.141341 0.188571 0.056581 0.145850 -0.009214 0.256922 0.072511 -0.039141 -0.055662 0.093722 0.046258 0.028704 0.040252 0.069361 0.006461 -0.008640
0.184953 0.056444 -0.089437 -0.327939 -0.045892 0.188030 0.120083 0.069444 0.064509 0.072933 0.009343 0.006246 -0.132672 -0.080429 -0.086843 0.344150 -0.007412 -0.154661 -0.069653 -0.004617 -0.060475 0.090557 0.090629 -0.127628 -0.001160 -0.030439
-0.181292 0.069788 -0.059838 -0.399635 0.002722 -0.372432 0.491891 -0.793907 -0.078876 0.219136 -0.038745 -0.299190 0.335377 -0.078724 0.174574 0.623030 -0.317614 0.172004 0.306502 0.449697 0.013280 -0.115011 0.040822 -0.227323 -0.002010 0.043496
0.083831 0.248789 -0.103531 -0.360535 -0.090039 -0.611678 0.018433 -0.533819 -0.301488 0.814718 0.304546 0.051067 0.968453 0.169207 0.219456 -0.480830 -0.396428 -0.202205 -0.152673 -0.578616 -0.005644 0.033271 0.167177 -0.142887 0.003477 0.005045
0.144567 -0.045508 -0.143275 0.073393 -0.327682 -0.168664 -0.166286 -0.187239 -0.087317 0.094292 0.216031 0.026009 0.274393 -0.169772 -0.004035 0.381123 -0.016279 -0.172651 -0.099528 0.155849 0.058534 0.006094 0.054534 -0.045328 -0.000025 0.107079
0.363317 0.270302 -0.028807 -0.242082 -0.622654 -0.316049 0.287009 -0.378398 -0.094337 -0.009220 0.797760 -0.101327 -0.108498 0.045888 0.256272 0.136027 -0.472326 0.163131 0.239887 0.163640 0.040796 0.028938 -0.171639 -0.173248 0.008595 0.047516
0.208753 0.141767 -0.129486 -0.220648 -0.008223 0.134001 0.108406 -0.011100 0.053170 0.032983 -0.042817 0.039525 -0.240181 -0.043112 0.002250 0.266621 0.001658 -0.180345 -0.057920 0.090462 -0.018139 0.061126 0.035482 -0.120443 -0.000910 -0.061794
-0.012001 0.303747 -0.054861 -0.436043 -0.007298 0.394359 0.380370 -0.100425 0.061825 -0.078594 0.029000 -0.049003 -0.187368 -0.069093 0.017594 0.438851 0.216599 -0.176065 0.018858 0.094542 -0.042036 0.014460 -0.026977 -0.032297 0.001239 -0.089673
-0.218311 -0.009270 -0.009043 -0.143688 0.137242 0.073617 0.294724 -0.140061 0.067807 -0.018248 -0.238516 -0.005224 -0.030688 -0.082512 0.064227 0.210878 0.006949 -0.054726 0.067018 0.041895 0.021377 -0.019061 -0.005209 0.112348 0.000198 0.006106
-0.106196 0.101284 -0.082841 -0.147077 0.003547 0.053948 -0.068423 0.043123 -0.075907 0.088270 -0.002544 0.028109 0.152694 -0.038579 0.074412 0.355390 0.107580 -0.065395 -0.186052 0.111076 0.048361 0.024806 0.015478 0.056004 0.004705 -0.022287
-0.160577 0.369230 -0.245458 -0.076000 -0.384094 -0.220821 -0.101101 0.074585 -0.028538 0.199541 0.081832 0.043330 0.258728 0.039013 0.042106 0.091347 -0.070487 -0.194104 0.202397 -0.072004 0.045356 0.012319 0.144417 0.013148 0.003985 0.067012
-0.065455 0.052760 -0.096399 -0.221584 -0.512905 -0.440325 0.329134 -0.568066 -0.238327 0.129115 0.417191 -0.232407 0.437287 -0.133460 0.220909 0.031614 -0.234878 0.033430 0.270159 0.298814 0.061909 -0.021012 0.129777 -0.214467 -0.004626 0.186978
0.087801 -0.049692 0.036817 -0.121113 -0.075277 -0.115435 -0.069569 -0.131508 -0.088093 0.190447 0.079117 0.119734 -0.000782 0.083508 0.109557 -0.029443 0.095876 -0.101195 -0.112512 0.167446 0.015959 -0.025540 0.030673 0.099880 -0.003408 0.013758
0.019994 -0.135340 0.250013 -0.258294 -0.248473 0.148117 0.002812 -0.133557 -0.048694 0.097659 -0.222798 0.132207 -0.296491 -0.424742 0.107340 0.169457 -0.176510 -0.091572 0.204039 -0.336867 -0.012652 -0.075080 0.011038 0.077409 -0.006624 0.205233
0.149301 0.052868 -0.001812 0.039634 -0.527532 -0.677678 0.696954 -0.815108 -0.311226 0.132075 0.324366 -0.351268 0.433221 -0.196499 0.149426 -0.216690 -0.417580 -0.138953 0.339016 0.292100 0.019655 -0.054214 0.102652 -0.333846 -0.010673 0.184630
0.008538 0.060275 0.008406 0.078879 -0.164072 0.111183 -0.067698 0.013695 0.019564 0.088878 0.173298 0.129263 0.168258 -0.122622 -0.049051 0.221467 -0.001353 -0.095262 -0.139492 -0.060348 -0.009283 0.056581 0.036348 0.032572 0.001387 0.004324
-0.140632 -0.103346 -0.109944 -0.260475 -0.216898 0.081593 -0.053370 -0.358804 -0.027574 0.423000 0.021364 0.332904 0.081710 0.045637 0.108965 0.589255 0.065185 -0.090853 0.089716 0.190215 0.074384 -0.005994 0.093368 0.078317 0.009877 0.078386
0.025226 0.089243 -0.033372 0.027031 -0.107924 -0.289483 -0.198746 0.127166 -0.048871 -0.044652 0.117494 -0.154456 0.209144 0.022074 -0.087659 0.130915 -0.059080 -0.077825 0.057851 0.074388 -0.015748 0.093561 0.042339 -0.023208 -0.000462 0.032006
0.283088 0.306914 0.220244 -0.327690 -0.483988 0.221682 0.387869 -0.372024 -0.094864 0.067551 0.310194 0.162849 0.136594 -0.752076 0.283604 0.149444 0.057204 0.184245 -0.125285 0.128017 0.051225 -0.034933 -0.012721 0.030385 -0.004319 -0.018236
-0.101960 0.085055 -0.089491 -0.335944 -0.053330 -0.214868 0.321947 -0.263335 -0.025296 -0.049776 -0.238295 -0.329794 0.084623 0.345904 0.119210 0.449458 0.183822 -0.195086 0.134757 0.055011 -0.020376 -0.045854 -0.018866 -0.055174 0.000421 0.076059
-0.058610 -0.114491 0.006050 0.017998 -0.144814 0.437911 -0.119276 0.036386 0.002610 0.436442 -0.347296 0.135999 -0.018363 0.192258 0.100683 0.333658 0.038174 -0.203443 -0.182210 0.102905 0.038873 0.038171 0.192915 0.012823 0.005046 0.013050
0.390855 0.251555 0.027238 -0.650089 0.040971 0.148784 0.361898 0.043163 -0.037210 -0.097813 -0.000775 -0.076966 -0.317701 0.091967 -0.027925 0.181948 -0.081131 -0.052045 -0.373777 -0.001214 -0.122626 0.010710 0.041652 -0.166852 -0.003482 -0.092841
-0.216300 0.056216 -0.064616 -0.039973 -0.040215 0.110435 -0.081623 -0.002060 -0.001605 0.021348 0.089341 0.056984 0.013107 0.060935 -0.033212 0.037324 0.159458 -0.198644 -0.237043 -0.049049 0.022332 -0.001747 0.087801 0.014501 0.000907 0.071043
0.235552 0.469315 0.179584 -0.970861 0.237299 0.194409 0.399165 0.012484 0.015406 -0.399805 -0.050884 -0.137666 -0.368108 -0.019650 -0.211082 0.496666 0.136504 -0.311144 -0.336822 0.052053 -0.103680 0.006492 -0.091543 -0.137320 0.006740 -0.098017
0.038821 0.040401 -0.172586 0.083986 -0.383764 -0.395952 -0.160434 -0.135538 -0.113948 -0.070985 0.542121 -0.024077 0.778717 0.032708 0.184033 0.074991 0.040302 0.035080 0.152994 0.178051 0.112944 -0.000202 0.057637 -0.011701 0.004063 0.036099
0.149085 0.108017 -0.141336 -0.468982 0.102557 -0.049567 0.399219 -0.349069 0.052117 -0.027426 -0.051353 -0.415664 -0.245090 0.074206 0.035493 0.169353 -0.056361 -0.133961 0.065490 0.064105 -0.047648 -0.008018 0.031149 -0.038592 -0.002969 0.001785
-0.075008 -0.089616 -0.079045 -0.173465 -0.328060 -0.136224 -0.109412 -0.275907 -0.040483 0.458434 0.047092 0.183883 0.243076 -0.170861 0.136030 0.317345 -0.101460 0.042039 0.072913 0.454038 0.087124 -0.009993 0.191057 0.112990 0.006943 0.090009
0.260945 0.000424 -0.097514 -0.337190 -0.118153 0.101604 0.229436 -0.052800 -0.069607 0.040043 0.293418 -0.138043 0.029069 0.144124 -0.025143 0.457799 0.105673 -0.050764 -0.196660 0.031377 0.025570 0.081289 0.283670 -0.201139 0.003676 -0.042853
0.070666 0.059314 -0.111907 -0.276818 -0.169844 0.146738 -0.060459 -0.041263 0.064862 0.280350 -0.073071 0.136599 -0.081177 0.046249 -0.010676 0.360513 0.124748 -0.188401 -0.144095 0.283587 0.066759 0.033681 0.155615 0.044077 0.008703 0.003564
-0.007257 0.233368 -0.129213 -0.483832 0.004109 0.022925 0.405962 -0.201445 0.011695 -0.240221 -0.130100 -0.215196 -0.097630 0.186250 0.080016 0.494142 0.250279 -0.157924 0.102465 0.126992 -0.042135 -0.046843 -0.056837 -0.058658 0.002253 -0.012906
0.020961 -0.072827 0.031731 -0.279492 -0.145325 0.026937 -0.043750 -0.150408 -0.024712 0.225290 -0.040473 0.113938 0.102224 -0.068802 0.100993 0.265571 0.113231 -0.076102 -0.080883 0.137390 0.009873 -0.027145 0.044007 0.023437 0.003898 0.058865
0.285387 0.465799 -0.039763 -0.630076 0.041680 0.271638 0.279575 -0.145594 0.091342 -0.121157 -0.131945 0.036665 -0.301941 0.117154 -0.125210 0.476038 0.090444 -0.245625 -0.225517 -0.104041 -0.073932 0.039225 0.010291 -0.087606 0.005770 -0.101521
-0.170629 -0.029835 -0.010480 -0.210711 -0.150693 0.147022 0.213309 -0.095442 -0.042063 0.270215 -0.129728 -0.046928 -0.055920 -0.212066 0.004694 0.445220 -0.005304 -0.278013 -0.190865 0.135158 -0.051617 0.018927 0.115379 -0.141218 -0.005512 0.117690
-0.003044 0.123329 0.055227 -0.200611 -0.131098 0.146989 0.029083 -0.101120 -0.022614 0.013856 0.382114 -0.014193 0.423897 0.133255 -0.019887 -0.050226 -0.055536 0.149336 -0.144305 0.085921 0.012897 -0.015156 -0.002001 0.117186 -0.002143 -0.056531
-0.546056 0.192491 0.177207 -0.021142 -0.027237 0.015347 -0.309770 0.173216 0.011768 -0.166080 -0.009814 0.021692 0.069527 -0.470228 0.377287 0.466644 0.660504 -0.210854 -0.251740 0.375115 0.129523 0.013315 -0.016448 0.150105 -0.008833 0.071136
-0.032347 0.165041 0.044388 -0.231259 -0.419433 -0.094640 0.211205 -0.350611 -0.005956 -0.049856 0.466440 -0.191750 -0.084892 -0.361535 0.352638 0.297837 0.076048 0.161704 0.140866 -0.039210 0.061873 -0.051902 -0.004484 0.029907 -0.003773 0.122174
0.032829 0.187047 0.143505 0.004061 -0.383515 -0.037103 -0.286853 -0.063743 0.089418 1.038669 -0.250408 0.215784 0.282370 -0.080946 -0.118764 0.159283 -0.443196 -0.104937 -0.141409 0.365609 0.023161 0.087479 0.099039 0.161732 0.000132 -0.008462
-0.107541 0.174973 -0.051961 -0.415779 -0.025528 -0.143892 0.652689 -0.679576 -0.039366 -0.010926 -0.090892 -0.251337 0.261364 -0.100149 0.202132 0.521002 -0.115670 0.146272 0.496146 0.391746 0.000354 -0.063525 0.005226 -0.216179 -0.000013 -0.030603
-0.085343 -0.209363 -0.030538 -0.194506 0.016455 -0.137147 -0.049671 0.071831 -0.027342 0.112123 0.185370 0.209482 0.154614 -0.094760 0.012207 0.171694 0.235550 -0.106658 -0.212402 0.040430 -0.019892 -0.004533 -0.087968 0.160559 -0.000922 0.051398
0.128488 -0.057827 -0.102119 -0.066849 -0.196978 -0.049314 -0.148530 -0.149811 -0.056074 0.095130 0.239368 0.052047 0.273947 0.006044 0.115682 0.129496 -0.005851 -0.100097 -0.039018 0.112315 0.055401 -0.002581 0.018100 0.064170 0.001061 0.029517
0.001704 0.114903 0.133666 -0.386225 -0.414048 0.254204 -0.103271 -0.339980 0.039478 0.622209 0.029587 0.159407 0.383793 0.086222 0.049452 0.346491 -0.094000 0.300612 -0.121960 0.275345 0.078218 -0.098284 0.097385 0.032077 0.012093 0.011008
0.053148 0.187445 -0.102708 -0.274448 -0.217796 -0.088643 -0.065625 -0.144040 -0.007633 -0.090926 0.244817 0.146884 0.177604 0.344815 0.187174 0.286653 0.141709 -0.166318 -0.112929 0.062058 0.029181 0.062200 0.143508 -0.043601 0.008809 0.010049
-0.042099 0.130187 -0.111875 -0.232230 0.102023 -0.016037 -0.083822 -0.149968 0.012996 0.151231 0.031782 0.217042 0.109129 -0.026870 -0.067353 0.185474 0.147148 -0.033103 -0.077121 -0.104570 0.006386 0.041180 0.058108 0.034990 -0.000581 -0.037141
0.148055 0.251870 0.086028 -0.651579 -0.107449 0.250425 0.291851 -0.140313 -0.023633 0.028028 -0.078252 -0.140327 -0.199733 0.097123 -0.036794 0.185477 0.017701 -0.162382 -0.352465 -0.029172 -0.101998 -0.010402 0.110917 -0.194148 -0.003349 0.034020
0.166513 -0.006988 0.051547 -0.240641 -0.267349 -0.216200 -0.046996 0.046278 -0.005805 0.136827 -0.095071 0.106815 0.224099 0.119113 0.064154 0.173465 -0.130338 0.085803 -0.158346 0.313449 0.046909 -0.091667 0.000782 -0.043844 0.006036 0.037541
0.176300 0.526923 0.126663 -0.562604 -0.975053 -0.037247 0.741655 -0.683529 -0.057197 0.734338 0.913874 -0.076325 0.349297 -0.419931 0.499362 -0.070550 -0.226337 0.461560 -0.008685 -0.079691 0.078419 -0.043021 0.064313 -0.189712 -0.004784 0.033936
-0.117905 0.046004 -0.139431 -0.236311 0.052852 -0.027041 0.154609 -0.284902 0.090447 -0.025459 0.078910 -0.061179 0.001364 0.047804 -0.024933 0.197662 -0.024872 -0.146866 0.122191 0.011329 -0.049766 0.011891 0.012599 -0.095729 0.002948 0.042063
0.028477 0.041464 -0.158735 -0.429432 0.123107 0.074133 0.389240 -0.208187 -0.028532 -0.133845 -0.134888 -0.363400 -0.146218 0.012234 0.130952 0.105865 0.053073 -0.292590 0.048189 0.013275 -0.076666 0.008025 -0.036103 -0.005972 0.000424 0.026672
-0.086495 0.338466 -0.148475 -0.404685 -0.438430 -0.321628 -0.295078 0.208119 -0.311682 0.772324 0.518902 0.009518 0.635634 -0.008823 0.172187 0.267904 -0.085763 0.062880 -0.248706 0.258922 0.135627 -0.016329 0.065894 -0.025532 0.005774 -0.025871
0.071940 -0.090998 -0.120039 -0.036660 -0.572106 -0.185422 -0.316860 -0.128582 0.033457 0.436406 -0.039212 0.119190 0.254261 -0.153304 0.205725 0.321190 -0.076392 -0.211928 -0.205159 0.260495 0.151036 0.035842 0.197815 0.067500 0.005724 0.204094
0.242044 0.247481 -0.154223 -0.712933 -0.000285 0.208535 0.112576 -0.067432 0.072234 0.549352 -0.147341 0.076848 -0.103565 0.218112 0.072498 0.578349 0.074252 -0.009247 -0.412043 0.075247 -0.007497 -0.013096 0.190680 -0.070002 0.009674 -0.133518
0.492138 0.112161 0.248414 -0.568138 0.134830 -0.074921 0.281045 -0.055039 -0.054528 0.193041 -0.093756 -0.105863 -0.007875 0.193323 0.006165 0.018581 -0.090982 -0.036347 -0.395431 0.396929 -0.065139 0.023179 0.135772 -0.044475 -0.003227 -0.181500
-0.336696 0.388845 -0.178590 -0.278697 -0.021620 -0.027246 0.119745 -0.531006 0.096865 -0.134534 0.082418 -0.114510 -0.362464 -0.013455 0.050550 0.833358 -0.085794 -0.096784 0.144089 0.292433 0.001882 0.005805 0.028734 -0.121422 0.008419 0.077741
0.258072 0.411980 0.058901 -0.175830 -0.101149 0.124928 0.095196 -0.177912 0.002664 -0.082858 0.355535 -0.054757 0.287774 0.147930 0.006462 -0.097459 -0.018818 0.119325 -0.006344 0.062035 0.060622 -0.054098 -0.084479 0.045781 0.002670 -0.182834
-0.368391 0.180916 -0.032840 -0.250290 -0.491867 0.037430 0.105383 -0.491017 0.006573 0.371477 -0.187135 0.173672 0.167793 0.074237 0.166316 0.818326 -0.180775 -0.248374 -0.154225 0.385191 0.038905 -0.004730 0.066456 -0.153726 0.011635 0.213319
0.026959 -0.050187 0.012094 0.174762 -0.286605 -0.049506 -0.248271 -0.240392 0.063760 0.086875 0.326001 -0.120746 0.386292 -0.157951 0.189834 0.172308 -0.084856 -0.062598 -0.219840 0.233175 0.095533 0.069447 0.067860 -0.029427 -0.001229 0.081961
0.037338 0.135109 -0.294581 -0.256108 -0.317519 0.026821 -0.154217 0.102641 -0.085576 -0.120634 0.146789 0.036299 -0.306078 -0.126342 -0.025016 0.284741 0.231863 -0.176220 0.042148 -0.013904 0.020303 0.013992 0.043974 -0.064373 0.003306 0.140970
-0.329836 -0.166521 0.122125 -0.208257 -0.203064 0.227525 -0.082115 -0.075126 0.070229 0.577086 -0.313435 0.081761 -0.085422 -0.307693 -0.124257 0.398684 0.032575 -0.300582 -0.318396 0.525175 0.050125 0.051560 0.164294 0.167847 -0.005586 0.181167
0.053547 -0.131417 0.001684 -0.578943 -0.222741 -0.063305 0.367743 -0.346357 -0.073595 0.833141 0.312910 0.008063 -0.116585 -0.033963 0.372867 0.398972 0.172430 -0.347901 -0.151395 0.186740 0.048241 -0.027139 0.139776 0.088775 -0.000412 0.029104
-0.304783 -0.161041 -0.201583 -0.168768 -0.334213 0.036461 -0.242194 -0.097637 -0.140118 0.326742 0.224380 0.292013 0.401170 0.032408 -0.075722 0.170636 -0.179223 -0.118458 -0.438494 0.013961 0.085395 0.036458 0.187910 0.012876 0.006228 0.234454
-0.000081 0.049929 -0.142374 -0.015652 -0.466779 0.106234 -0.201795 -0.062659 -0.066539 0.600083 -0.008651 0.112929 0.135464 0.033051 0.065926 0.407570 -0.108082 0.130210 -0.218806 0.258125 0.098194 0.012980 0.055608 0.123449 0.006892 0.063708
0.147564 0.032138 -0.281031 -0.176364 -0.169776 -0.034469 -0.055557 -0.007939 -0.090470 0.368299 0.146266 -0.216115 -0.175901 0.168999 0.069772 0.155891 0.189521 -0.387736 0.012638 0.039457 0.011655 0.000611 0.089147 -0.064469 -0.000056 0.029523
0.048625 -0.145830 -0.243428 -0.221884 -0.157735 -0.277025 -0.151312 -0.382735 0.063256 0.831016 0.209543 0.501638 0.140789 0.466941 0.155827 0.301800 -0.428507 -0.067015 -0.155520 -0.021839 0.090699 0.044292 0.148378 0.177690 0.012679 0.020187
0.001893 -0.022205 -0.073886 -0.205441 -0.022390 0.254985 -0.084733 0.097268 0.068801 0.369059 -0.196091 0.080914 -0.150164 0.175201 -0.097932 0.390336 -0.198144 -0.058404 -0.110928 0.089725 0.003609 0.006601 0.092982 0.104922 0.005087 -0.021761
0.104982 0.205426 -0.164584 -0.664702 -0.183622 -0.068880 0.112597 -0.380100 -0.074151 0.111888 0.200672 -0.376954 0.345032 0.162422 0.280772 0.409720 0.019282 -0.373759 0.046832 -0.382991 0.033136 0.081825 0.238192 0.115375 -0.004232 0.072931
-0.155664 0.205760 0.231892 -0.058238 -0.305907 -0.085727 0.031048 -0.176699 0.003984 0.553477 -0.051688 -0.018980 0.328003 0.108608 -0.053092 0.397740 -0.207575 0.023774 -0.374469 0.293924 0.043181 -0.121896 -0.007726 0.050377 -0.002083 0.040130
0.418258 0.408616 -0.021994 -0.797245 -0.055744 0.227062 0.098171 -0.023089 0.094608 0.282172 -0.040030 -0.084569 -0.134129 0.096209 -0.122200 0.306880 0.009406 -0.113507 -0.404524 0.049079 -0.096134 0.028245 0.017630 -0.072467 0.003204 -0.118797
-0.075817 -0.016423 -0.054661 0.023119 -0.210525 -0.061478 -0.077449 -0.091614 0.028402 0.012876 0.087838 0.204649 0.109732 0.005395 -0.014431 0.187068 0.005806 -0.074206 -0.160491 -0.094249 0.029404 0.018915 0.090476 0.044372 0.002994 0.112267
0.363277 0.242000 -0.041350 -0.535589 -0.209475 0.123877 0.354742 -0.252418 0.072409 0.248731 -0.083586 -0.470632 -1.087183 0.256269 -0.186088 0.536326 -0.682341 -0.451910 -0.378491 -0.124527 -0.141659 -0.043925 -0.041400 -0.243339 -0.002620 0.166040
-0.178156 0.103356 -0.030188 -0.248487 -0.170739 -0.034558 0.089110 -0.446047 -0.015958 0.204190 -0.199145 0.231364 0.365812 -0.098185 0.154230 0.369932 -0.020391 -0.109750 0.088857 0.126794 0.039055 -0.044551 0.115196 0.175897 0.002547 0.067999
-0.225351 -0.246402 0.098546 0.062424 -0.173151 -0.219471 -0.027731 0.081327 -0.088777 0.073961 -0.152525 -0.084124 0.450066 -0.269506 0.088750 0.259849 0.052918 0.172710 -0.112118 0.504288 0.085498 -0.053514 0.111198 0.013657 -0.001861 0.112806
-0.056563 0.306326 -0.142625 -0.665632 -0.165988 0.068682 0.128492 -0.204872 0.122465 0.210724 0.079980 0.085882 0.005756 0.090301 0.104619 0.346194 0.140059 -0.409114 -0.280544 0.061496 -0.056396 0.055340 0.137594 -0.080848 0.004989 0.048613
-0.101701 -0.107970 -0.058532 0.009451 -0.200816 0.400560 -0.120254 0.004837 0.064140 0.509396 -0.219819 0.161397 -0.102101 0.173031 0.032455 0.218931 0.108762 -0.230523 -0.113208 0.081924 0.018184 0.042794 0.076872 0.009974 0.000844 0.046460
0.354891 0.260516 0.139335 -0.483635 -0.026103 0.095611 0.369410 0.145446 -0.045915 0.050082 0.116898 -0.061520 -0.223261 0.058315 0.025846 -0.010753 -0.025122 0.019462 -0.554996 0.115174 -0.083785 0.040146 0.053989 -0.078277 -0.004953 -0.128274
-0.224256 -0.192589 0.281898 -0.150565 -0.304070 0.238624 0.270160 0.069868 0.013974 0.211627 -0.367169 -0.025370 0.221055 -0.352529 0.275216 0.422546 0.081122 -0.321781 -0.579877 -0.020285 0.059435 -0.087295 0.031316 0.161695 -0.001985 0.201338
0.686936 1.084959 0.115448 -1.642681 -0.029156 0.271782 0.760235 0.007820 0.078909 -0.198798 0.180616 -0.163935 -0.875398 0.117883 0.038405 0.802611 0.225314 -0.277050 -0.209552 -0.126496 -0.162726 0.047956 -0.009537 -0.432232 0.008443 -0.275466
-0.024406 0.000307 0.044579 -0.243171 -0.307261 -0.414828 0.502591 -0.447031 -0.207410 0.142952 0.105520 -0.382987 0.188210 -0.084204 0.232725 0.023163 -0.264501 0.072412 0.254572 0.246516 0.010347 -0.028788 0.099173 -0.241931 -0.003122 0.136503
-0.057745 -0.113718 -0.126926 -0.131850 -0.253934 -0.006855 0.040997 -0.171479 0.027347 0.335470 -0.103510 0.138321 0.043734 -0.008292 0.138996 0.280437 -0.138281 0.098241 0.030314 0.145379 0.074324 -0.026805 0.099666 0.082043 0.000934 0.087020
0.350173 0.530175 0.098499 -0.965997 -0.075576 0.089311 0.532611 -0.204657 -0.080004 -0.239089 -0.059555 -0.240828 -0.194913 -0.050493 -0.091220 0.549875 0.096979 -0.278902 -0.254573 -0.074047 -0.143353 0.009071 0.086526 -0.353128 -0.000436 -0.021827
-0.372448 0.054578 0.178659 0.218736 -0.128893 0.155880 -0.046867 0.172857 -0.119174 0.371658 0.030489 0.036705 0.541865 0.093074 -0.045777 -0.204920 -0.208860 -0.257945 -0.583040 0.122617 0.012737 0.039972 0.270062 0.162395 -0.003253 0.031198
-0.070653 0.057367 0.002877 -0.354300 -0.260573 0.317424 0.063585 -0.086433 0.051952 0.593737 -0.229418 0.024727 0.275207 0.033129 0.030258 0.232926 -0.265919 0.131984 -0.009211 0.199299 0.048496 -0.057378 0.037447 0.054095 0.004117 -0.002649
0.095984 0.220512 -0.006641 -0.299646 0.165693 -0.169214 -0.221076 0.046961 -0.108384 -0.010762 -0.065522 -0.187333 0.152118 0.056507 -0.180759 -0.078623 0.182402 -0.196172 -0.003618 0.116623 -0.051463 -0.036725 -0.010280 -0.119645 0.003483 -0.047815
-0.302983 -0.090101 -0.330060 0.086539 -1.079168 -0.901435 -0.624026 0.068051 -0.334866 0.295515 0.667654 0.022997 1.158368 -0.621387 0.138338 0.667895 0.060933 0.543630 0.342950 0.576625 0.202861 -0.016575 0.030506 -0.278822 -0.001581 0.362185
-0.009546 0.056802 0.002401 -0.139374 -0.129378 -0.077149 0.218166 -0.296494 -0.004119 0.146959 0.064119 -0.208920 0.084358 0.028429 0.029546 0.259291 -0.034127 0.054175 0.006815 0.176888 -0.006377 -0.039816 -0.009220 -0.070017 0.001579 0.030625
0.072457 0.086373 -0.091108 -0.204125 -0.227628 0.027142 -0.037956 -0.083980 0.023306 0.244868 -0.104348 0.058274 0.029897 0.054210 0.054978 0.119934 0.054150 -0.148347 -0.127623 0.269441 0.093799 0.017634 0.121922 0.064484 0.006767 0.030902
0.058310 0.059256 -0.007535 -0.275141 -0.291200 0.100100 -0.118948 -0.399885 0.042776 0.522126 0.006026 0.044118 0.172554 0.227812 0.154812 0.291383 -0.050349 -0.026198 -0.131150 0.058559 0.073575 0.019862 0.181811 0.016372 0.001722 0.049864
0.098774 0.040792 -0.074568 -0.178199 0.090425 0.286032 0.032759 -0.068497 0.062679 0.023737 0.021219 0.041373 -0.336958 0.026104 -0.022593 0.390053 0.099740 0.109674 -0.013307 0.262992 -0.022005 0.017866 -0.110067 0.052599 0.000041 -0.100498
-0.130518 0.014664 0.005429 0.169602 -0.415775 -0.115264 -0.315012 0.037873 -0.106016 0.431090 0.193876 0.006025 0.239744 0.043083 -0.043972 -0.018044 0.005590 0.013907 0.196194 0.077296 0.099216 0.017196 -0.055050 -0.076086 0.007632 0.103768
0.237097 0.546958 -0.049794 -0.554369 -0.037348 -0.093403 0.383871 0.207994 0.068213 -0.347766 -0.132967 0.058614 -0.254229 0.014292 0.155899 0.095036 0.032681 0.034161 0.056313 0.224136 -0.065973 0.079478 -0.047093 -0.003526 0.006252 -0.165542
-0.128013 -0.133124 -0.181017 -0.389190 -0.290657 0.140385 0.163128 -0.245033 -0.034370 0.458706 0.024750 0.103407 0.011225 -0.152287 0.139010 0.572319 0.199405 -0.365355 0.020686 0.181285 0.055331 -0.051716 0.159061 0.064346 0.003340 0.129668
0.186412 0.206956 -0.040388 -0.249967 0.008675 0.316013 0.058413 -0.095079 0.003265 0.003819 0.021137 0.122143 -0.282349 0.170647 0.059481 0.121974 0.311492 -0.185579 -0.212110 0.090099 0.009193 0.116160 0.146872 -0.001944 -0.000773 -0.102830
-0.017963 0.046444 0.031289 -0.103767 -0.032509 0.253367 -0.265603 -0.036569 -0.015976 0.331320 0.113588 0.123832 0.305147 -0.022352 0.061083 0.390090 0.162259 -0.020243 -0.229294 0.107670 0.070012 -0.010230 0.043739 0.005059 0.001545 -0.076132
0.268678 0.270646 0.047252 -0.271407 -0.430344 -0.208823 0.191673 -0.226751 -0.104946 0.246526 0.419447 -0.148820 0.012847 -0.405693 0.190796 -0.042248 0.128632 0.024814 0.049942 -0.101549 0.028260 -0.080126 -0.003845 -0.060198 -0.003045 0.040663
-0.082585 0.015343 -0.024084 -0.015581 -0.033930 0.137025 -0.042158 -0.046533 0.081809 -0.005841 -0.088238 0.038389 0.134034 0.050734 0.067697 0.157412 -0.053460 0.111142 0.031662 -0.083058 0.023638 0.062421 0.044778 0.073861 -0.000383 -0.001186
-0.005252 0.046081 0.071799 -0.155458 -0.216917 -0.451828 0.763308 -0.486788 -0.172137 0.283351 -0.031230 -0.436687 0.127628 -0.171320 0.160558 -0.033576 -0.503837 -0.186016 0.329016 0.290723 0.025541 -0.036227 0.125481 -0.325767 -0.005686 0.093907
0.040601 -0.044200 -0.108182 -0.299940 -0.308593 -0.047208 -0.175598 -0.186802 -0.069959 0.431640 -0.095241 0.233884 0.153336 0.145200 0.106407 0.184021 -0.023031 -0.108470 -0.098374 0.014524 0.069920 0.001042 0.118486 0.107883 0.006068 0.114565
-0.154067 -0.215820 0.044543 0.073131 -0.183689 -0.312320 -0.079853 0.041839 -0.086437 -0.006606 -0.113133 -0.070202 0.258103 -0.279292 0.037545 0.409913 0.041713 0.051325 0.018631 0.427390 0.094031 -0.034282 0.102629 0.047373 -0.002072 0.138526
-0.003610 0.136087 -0.065702 -0.227568 -0.131116 -0.123732 0.107738 -0.003944 -0.008501 0.191759 -0.181913 0.066687 0.085438 0.060909 0.086336 0.188584 -0.040389 -0.063147 -0.027430 0.137890 0.036639 0.040519 0.072861 0.019618 0.000991 0.000443
0.010527 0.158013 -0.063715 0.002934 0.102410 -0.131337 0.183407 0.011912 -0.076904 0.366584 -0.220751 0.068527 0.396114 0.179316 0.078837 -0.215364 -0.391195 -0.083050 0.109504 -0.002015 0.022627 -0.043880 -0.168346 0.090779 0.005861 -0.147762
0.603300 0.556440 0.105046 -0.860489 -0.040232 -0.254331 0.599640 -0.498728 -0.022793 -0.077551 0.256772 -0.008268 -0.250864 -0.154617 -0.117314 0.451112 -0.117329 -0.199519 -0.113150 0.041932 -0.147223 0.054879 -0.022579 -0.257627 -0.001441 -0.117884
-0.029863 -0.336055 -0.005870 -0.229582 -0.219242 0.617964 -0.010242 -0.250292 0.035216 0.705440 -0.045955 -0.144255 -0.317413 -0.120544 -0.025728 0.323809 0.059814 -0.280833 -0.043842 0.325200 0.041094 -0.006291 0.126542 0.034670 0.004868 0.112239
-0.299590 0.272882 0.042135 -0.310669 -0.380119 0.067594 0.133715 -0.277501 0.054514 0.278908 0.189082 0.282730 0.184317 -0.155067 0.093219 0.300425 -0.091980 0.038929 -0.078838 -0.000897 0.028232 0.048903 0.030530 0.056929 0.004211 0.100101
-0.247333 0.133222 -0.133116 -0.247989 -0.235040 0.130838 -0.159417 -0.148834 0.006796 0.163412 -0.016772 0.137155 0.194840 0.169381 0.030467 0.326767 -0.157685 0.091711 0.023234 0.105348 0.053797 -0.022220 0.055419 0.034346 0.004094 0.083512
-0.113447 0.259061 -0.004820 -0.465711 0.013798 0.144325 0.407331 -0.312939 0.007252 0.023651 -0.164095 -0.224725 -0.121636 0.024698 0.069583 0.487171 0.131486 -0.241683 0.082155 0.119197 -0.037509 -0.017528 0.001700 -0.118353 0.001296 0.000075
-0.346437 0.100151 -0.286152 -0.789607 0.082692 -0.084541 -0.005729 -0.736542 -0.015468 0.470628 0.242025 -0.301302 0.352693 0.070787 0.133256 0.732720 -0.018244 -0.179418 0.004068 0.119846 -0.001922 0.004862 0.197944 -0.232183 0.001039 0.107440
0.194057 0.387638 0.032789 -0.630193 -0.032340 0.044079 0.527515 -0.309852 0.084980 -0.078972 0.173831 -0.178555 -0.253535 -0.030459 -0.037025 0.335807 -0.077531 -0.207970 -0.115424 0.056843 -0.107044 0.079326 0.058456 -0.163310 0.003510 -0.048011
0.142032 0.306088 0.111295 -0.255688 -0.148243 0.129022 0.169736 0.081036 -0.061737 0.259830 0.113351 0.080599 0.144638 0.149502 0.087801 0.063700 0.006183 0.188047 -0.515210 0.206526 -0.023656 0.047366 0.009069 0.113326 -0.004185 -0.146981
0.108586 0.017323 -0.054645 -0.264787 -0.261726 0.043836 -0.128135 -0.091497 -0.000006 0.316099 -0.043863 0.131876 0.030952 0.086029 -0.003383 0.196307 0.053382 -0.113567 -0.103711 0.038361 0.046567 0.034938 0.104204 0.084373 0.005735 0.065560
0.076010 -0.010275 -0.218563 -0.336464 -0.073129 -0.011364 -0.013426 -0.113608 -0.009780 0.052348 0.076236 -0.033948 0.175534 0.127195 0.055036 0.019257 0.115706 -0.140861 -0.003672 -0.030063 0.032894 0.004884 0.028922 -0.029808 0.001799 0.037006
0.314752 0.242372 0.102851 -0.137250 0.200515 -0.031065 0.024317 0.020680 -0.043216 0.076731 0.034288 -0.121277 0.106661 -0.027765 -0.200370 0.201746 -0.379062 0.057545 0.111384 0.284711 0.005579 0.024686 -0.041325 -0.093541 -0.000874 -0.228730
-0.072605 0.023950 -0.109229 -0.151592 0.017072 0.105703 -0.123965 0.135347 -0.005908 0.094918 0.169815 0.062656 0.111348 0.005624 0.066553 0.069892 0.078632 -0.183975 -0.118333 -0.099339 0.009974 0.037595 0.053261 0.030040 0.000313 -0.014644
-0.219235 0.052610 -0.194613 -0.403474 -0.420950 0.250669 -0.436649 -0.229718 -0.030036 0.376754 0.065724 0.386681 0.208650 0.319274 0.241979 0.505601 0.007279 -0.003776 -0.278261 0.076478 0.112420 0.003439 0.033411 0.073027 0.014925 0.156167
0.004463 0.193848 -0.052649 -0.265221 -0.093828 0.022568 -0.080736 -0.098228 -0.033084 0.141424 0.052430 0.213629 0.082471 0.100945 0.016870 0.346664 0.065099 -0.133906 -0.015183 0.089489 0.053798 -0.047026 0.066745 -0.009972 0.003483 -0.030166
-0.069432 -0.370927 0.075603 -0.090696 -0.447828 0.619513 -0.389009 -0.244714 0.086825 0.426204 0.103409 -0.000676 -0.227215 -0.063445 -0.071489 0.526760 0.113736 -0.289387 0.151765 0.090388 0.026089 0.018162 0.144463 0.062029 0.001762 0.234553
-0.044280 0.269276 -0.076061 -0.561487 -0.224502 0.196756 0.221505 0.171993 0.125567 -0.138550 0.117440 -0.001141 -0.351386 0.133873 0.194949 0.486631 0.044022 -0.208791 -0.186099 0.139682 -0.018448 0.151746 0.224738 -0.081578 -0.003304 0.021283
0.111568 0.214133 0.008960 -0.148174 -0.345193 -0.102830 -0.093397 -0.168805 -0.029623 0.274168 0.093910 0.198324 0.240445 -0.115951 0.072627 0.156199 0.081518 -0.028123 0.008288 0.110997 0.061255 0.009043 0.065384 0.000618 0.005092 0.012131
0.164332 0.010237 -0.122370 -0.038804 -0.236290 0.278607 -0.019912 -0.274273 -0.004107 0.333742 0.178386 0.044508 0.211681 0.074473 0.041357 0.053046 0.239176 -0.125796 0.091481 -0.125237 0.062585 0.081825 0.173777 -0.002750 -0.001020 -0.028375
-0.137165 0.196846 0.027494 -0.406599 0.054005 0.009913 0.375820 -0.340197 -0.018308 0.070066 -0.230662 -0.400037 -0.144843 0.080808 0.091059 0.465085 0.148764 -0.223224 0.154354 0.076271 -0.010173 -0.029834 0.028986 -0.141785 0.001345 0.030617
