0.277951 -0.199140 -0.329685 -0.554141 0.388940 -0.370000 0.857187 -0.455891 -0.026398 -0.466972 0.233442 -0.494751 -0.393338 0.197810 0.186687 0.152420 -0.186063 -0.209712 0.634981 0.255026 -0.123374 -0.067064 -0.241706 -0.457065 0.001204 -0.057793
0.423845 -0.179743 -0.377791 -0.681840 0.466381 -0.266996 0.996398 -0.556268 -0.018156 -0.616130 0.326496 -0.563652 -0.282400 0.025823 0.157326 0.124397 -0.435764 -0.303438 0.709713 0.283900 -0.093650 -0.067099 -0.085797 -0.533281 -0.008319 -0.106419
0.293382 -0.299944 -0.230027 -0.297404 0.306060 -0.437183 0.561915 -0.438381 -0.067818 -0.293412 0.387203 -0.200021 -0.342261 -0.070121 0.087882 0.347414 -0.106997 -0.491146 0.395684 0.334710 -0.063988 -0.115957 -0.106137 -0.217940 0.002561 -0.015489
0.263781 -0.180488 -0.323839 -0.447130 0.390191 -0.266654 0.761235 -0.333426 -0.020888 -0.449444 0.197588 -0.474856 -0.325835 0.130769 0.079980 0.062998 -0.189066 -0.167483 0.489985 0.214006 -0.105355 -0.067180 -0.192258 -0.421453 0.001272 -0.066661
-0.062659 -0.148225 -0.316434 -0.353486 0.505365 -0.315366 0.853313 -0.400460 -0.018549 -0.206967 0.303706 -0.389492 -0.275829 -0.106726 0.229883 -0.041887 -0.210348 -0.410383 0.637550 0.157280 -0.072727 -0.058457 -0.071477 -0.415947 -0.008030 -0.076539
0.068552 -0.245657 -0.329285 -0.322846 0.512397 -0.209493 0.943695 -0.316045 -0.047416 -0.140543 0.328285 -0.393950 -0.215843 -0.066668 0.264006 0.016423 -0.246367 -0.316916 0.423808 0.321625 -0.011600 -0.078660 -0.035308 -0.417766 -0.005320 -0.147261
0.428930 0.214797 -0.703397 0.943670 -0.006589 -0.494773 0.401767 -0.438598 0.116814 -0.399364 1.090110 -0.951682 0.028458 0.869255 0.334901 0.151535 -1.028302 -0.246225 0.585130 0.503821 0.166604 0.071668 -0.135100 -0.852843 0.038408 -0.258847
0.187621 -0.205017 -0.253854 -0.276837 0.338343 -0.299370 0.725966 -0.451868 0.039059 -0.443337 0.195619 -0.297279 -0.385670 -0.173054 0.022066 0.226196 -0.192223 -0.312967 0.407462 0.253061 -0.015916 -0.086665 -0.067641 -0.148782 -0.000774 -0.007556
0.471891 0.163997 -0.706745 0.876436 0.107858 -0.364601 0.487786 -0.384905 0.169667 -0.642492 0.820635 -1.074992 -0.021487 0.688349 0.391048 0.305944 -1.110581 -0.057011 0.505050 0.402932 0.142416 0.135562 0.015393 -0.862741 0.031492 -0.255546
0.283692 -0.249811 -0.326131 -0.373843 0.332471 -0.216592 0.975551 -0.454641 -0.076481 -0.586744 0.310581 -0.571058 -0.501599 0.093687 0.211021 0.167351 -0.346252 -0.369528 0.694415 0.319268 -0.106605 -0.094744 -0.164318 -0.442640 0.002464 -0.042759
0.305307 -0.264358 -0.397131 -0.297937 0.403228 -0.232139 1.088767 -0.548440 -0.097157 -0.624547 0.271611 -0.627257 -0.510685 0.033679 0.198762 0.079361 -0.403995 -0.396706 0.678869 0.383519 -0.107292 -0.115358 -0.164191 -0.486647 0.003021 -0.052881
0.253730 0.051747 -0.411377 0.710532 -0.073804 -0.481195 0.205762 -0.384074 0.050331 -0.336517 0.676304 -0.381064 0.012720 0.472132 0.338761 -0.088905 -0.648283 -0.117195 0.402396 0.227374 0.149271 0.029290 -0.173300 -0.454805 0.028188 -0.089335
-0.187857 -0.150435 -0.321931 -0.514547 0.511799 -0.356105 1.145163 -0.421959 -0.081199 -0.156058 0.310419 -0.522990 -0.489761 0.220163 0.278945 -0.102803 -0.024454 -0.356051 0.636933 -0.085956 -0.108594 -0.071393 -0.098879 -0.423816 -0.011756 -0.038416
0.155192 0.048242 0.381027 -0.544018 -0.140780 -0.071192 0.610464 -0.249724 -0.285123 0.234699 0.779817 0.140812 -0.548860 -0.668584 0.519529 -0.226811 0.506458 -0.634946 0.143528 0.217277 0.006367 -0.170908 -0.001247 -0.155555 -0.013181 -0.025384
0.204898 0.272389 -0.085391 0.095783 -0.019846 -0.477711 0.517849 -0.217462 -0.115048 -0.003464 0.751446 -0.347671 -0.165858 0.072432 0.412919 -0.454351 -0.436701 -0.520726 0.406415 0.163822 0.059919 -0.050488 -0.141972 -0.504726 0.015092 -0.124436
0.324560 0.225605 -0.638916 0.687925 -0.039250 -0.567694 0.430224 -0.427768 0.076461 -0.201832 1.247301 -0.841763 -0.126095 0.768202 0.463177 -0.084320 -0.779825 -0.402834 0.529293 0.566063 0.167620 0.057682 -0.166688 -0.744213 0.036114 -0.224320
0.485319 0.257804 -0.951815 0.998324 -0.026998 -0.554723 0.270948 -0.461555 0.160920 -0.712269 1.304911 -1.178004 -0.130779 0.750392 0.470457 0.270121 -1.079586 -0.083914 0.640689 0.497899 0.202591 0.120542 -0.065906 -0.934964 0.034803 -0.226741
-0.066849 0.331372 -0.137896 0.044258 0.294333 -0.656632 0.195264 -0.578211 0.076623 -0.723189 -0.067337 -0.361857 -0.170314 0.613534 -0.247571 -0.010716 -0.509246 0.386261 0.327103 0.193997 -0.008231 0.142369 -0.179244 -0.527140 0.017759 0.027303
0.232645 -0.004720 0.118226 -0.327356 0.007359 0.038335 0.684563 -0.282348 -0.240402 0.317979 0.940593 0.149947 -0.672212 -0.869321 0.519285 -0.069021 0.287508 -0.686594 0.016647 0.148010 0.025553 -0.132012 0.031791 -0.097908 -0.011560 -0.099254
-0.065096 -0.039648 -0.331343 -0.149137 0.322623 -0.210742 0.813463 -0.379172 0.089241 -0.348342 0.200422 -0.466892 -0.453271 0.041834 0.130811 -0.125465 -0.152017 -0.214197 0.584279 0.033746 -0.027937 -0.060072 -0.009977 -0.261085 -0.006543 -0.025836
0.288300 -0.243231 -0.290402 -0.328071 0.238110 -0.540549 0.562489 -0.494732 -0.150692 -0.236465 0.525397 -0.323332 -0.474067 -0.002518 0.151232 0.241529 -0.096043 -0.583081 0.484841 0.359193 -0.102683 -0.147824 -0.110763 -0.307097 -0.000260 0.019133
0.089002 -0.266774 -0.313585 -0.459993 0.407277 -0.416758 0.878910 -0.427378 -0.005920 -0.275197 0.203080 -0.488647 -0.320937 0.164271 0.203764 0.161135 -0.183580 -0.223409 0.555074 0.201722 -0.115450 -0.049048 -0.174919 -0.468193 -0.001064 -0.024820
-0.108987 -0.123218 -0.319351 -0.208372 0.387002 -0.177557 0.598236 -0.313990 0.027922 -0.167819 0.160477 -0.275067 -0.233457 -0.111059 0.216337 0.017521 -0.183824 -0.245657 0.564538 0.180808 -0.047398 -0.051024 -0.083213 -0.254385 -0.006515 -0.059607
0.184354 -0.104729 -0.239386 -0.515959 0.429476 -0.340010 0.885257 -0.386033 0.009984 -0.234286 0.360016 -0.378996 -0.188533 -0.056520 0.108053 -0.015476 -0.209638 -0.357248 0.600192 0.129696 -0.070241 -0.065553 -0.018948 -0.469481 -0.008830 -0.112422
0.079338 0.203140 -0.411903 0.617258 -0.035994 -0.437641 0.269947 -0.320494 0.017853 -0.001346 0.895726 -0.569630 0.020738 0.719250 0.284314 -0.057878 -0.648141 -0.396150 0.392616 0.434945 0.130847 -0.016298 -0.194082 -0.498986 0.026100 -0.160282
-0.132834 -0.193108 -0.387130 -0.172353 0.602451 -0.501956 1.093899 -0.581531 0.038315 -0.441857 0.316575 -0.517167 -0.378063 -0.091191 0.333205 -0.064093 -0.289109 -0.424472 0.821569 0.103573 -0.076575 -0.089103 -0.096711 -0.382571 -0.011515 -0.055879
-0.005496 -0.010008 -0.319501 -0.200743 0.320421 -0.296754 0.736611 -0.383156 0.033415 -0.490357 0.135409 -0.448322 -0.543040 0.008260 0.034459 -0.058726 -0.197085 -0.215649 0.567448 0.087148 -0.033692 -0.101651 -0.063848 -0.313563 -0.004320 0.016378
0.256317 0.167751 -0.268860 -0.058943 0.011053 -0.351139 0.455386 -0.096946 -0.043096 0.007156 0.781900 -0.518248 -0.154310 0.328971 0.320251 -0.123045 -0.630932 -0.352447 0.356781 0.323159 0.018141 0.041395 -0.079485 -0.525167 0.016412 -0.154700
0.407741 0.095580 -0.494325 0.745229 0.051976 -0.463383 0.193664 -0.402220 0.114826 -0.601499 0.629017 -0.596578 0.052245 0.351561 0.374788 -0.064625 -0.845797 0.081334 0.393512 0.237756 0.136177 0.063036 -0.131716 -0.547827 0.025672 -0.143136
0.359522 0.161225 -0.095181 -0.003774 0.015688 -0.088401 0.583824 -0.080832 -0.219611 0.168524 0.638401 -0.064631 -0.715477 -0.341714 0.358351 -0.170453 -0.014141 -0.548191 0.014409 0.195402 0.083840 -0.050059 0.079872 -0.301193 0.001360 -0.154162
0.278691 -0.191575 -0.199298 -0.433731 0.266473 -0.442008 0.986016 -0.536904 -0.072736 -0.276913 0.506391 -0.490153 -0.607217 -0.157321 0.239881 0.128860 -0.320225 -0.607913 0.653022 0.492471 -0.131267 -0.166563 -0.127805 -0.365343 -0.005237 -0.027905
0.062271 -0.095683 -0.318865 -0.212101 0.395952 -0.268696 0.944017 -0.411239 -0.017163 -0.450102 0.270035 -0.437670 -0.315911 -0.152293 0.367407 -0.015066 -0.314038 -0.329304 0.446699 0.417306 -0.007054 -0.080109 -0.013838 -0.445214 -0.010396 -0.090726
0.100103 -0.206223 0.053547 0.336389 -0.426214 0.986953 -0.455793 -0.130725 0.044749 0.364964 0.571676 -0.182057 0.508883 -0.359103 0.692282 -0.022988 0.050829 -1.296970 0.257352 0.213251 0.297868 0.000891 0.268206 0.451278 0.005990 -0.037864
0.204185 0.336126 -0.184194 0.238298 0.260996 -0.717474 0.292793 -0.761454 0.062259 -0.725479 0.081972 -0.612236 -0.322666 0.693316 -0.222064 0.053691 -0.752044 0.457077 0.338748 0.208826 0.018158 0.166731 -0.105742 -0.701392 0.013695 -0.011436
0.180398 0.079163 0.245688 0.219477 -0.429180 0.974517 -0.243878 -0.099804 0.144328 0.161284 0.472981 -0.067705 0.403312 -0.225851 0.530859 -0.097855 0.008664 -0.823982 0.183600 -0.120506 0.204157 0.093596 0.219978 0.108552 0.008665 -0.091807
0.301592 -0.106173 -0.147302 0.480461 -0.257948 0.560961 -0.544246 -0.066419 0.105418 0.112072 0.330758 0.011112 0.082328 -0.181829 0.099555 0.058569 0.067937 -0.653058 -0.032231 0.226781 0.156694 0.028673 0.115721 0.030880 0.011806 -0.026324
-0.303000 0.301298 -0.057972 -0.111444 0.196975 -0.565954 0.164269 -0.532852 -0.023055 -0.903953 0.010039 -0.163679 -0.097742 0.476244 -0.204234 -0.140407 -0.607985 0.257278 0.437070 0.310076 0.034868 0.161493 -0.178843 -0.702703 0.022984 0.132113
0.041611 -0.187519 -0.064234 0.112017 -0.319697 0.594558 -0.330867 -0.234450 0.040145 0.249497 0.350943 -0.024960 0.403558 -0.269849 0.487037 -0.093622 -0.071437 -0.915453 0.144561 0.227632 0.248727 -0.015347 0.235417 0.327606 0.004404 0.040319
0.142429 0.021915 -0.426408 0.623275 -0.126818 -0.552455 0.151009 -0.338489 0.002685 -0.246055 0.759241 -0.354214 -0.071572 0.562406 0.408964 -0.122839 -0.437069 -0.308323 0.427059 0.375539 0.119507 0.056989 -0.195221 -0.365958 0.026423 -0.050325
0.104744 0.136109 -0.198623 -0.051833 0.358367 -0.359406 0.442136 -0.326454 0.036576 -0.405301 0.142587 -0.294733 -0.071173 0.570480 0.026464 0.091870 -0.382585 0.082084 0.217952 0.010690 -0.061915 0.036238 -0.153279 -0.415462 0.008112 -0.124488
0.055969 -0.113524 -0.230365 -0.143973 0.298421 -0.283856 0.332036 -0.403601 -0.015956 -0.382451 0.158684 -0.153631 -0.405804 0.110093 -0.030656 0.082772 -0.230682 -0.325210 0.239238 0.092436 -0.038135 -0.115275 -0.041763 -0.241755 -0.001584 0.055553
0.332204 -0.404489 -0.363041 -0.279621 0.268059 -0.337659 0.594195 -0.680121 -0.015909 -0.447336 0.749609 -0.228321 -0.337640 -0.301833 0.120082 0.204594 -0.534476 -0.736027 0.789110 0.602994 0.070632 -0.154490 -0.126439 -0.159083 0.001577 0.003162
-0.090261 -0.118900 -0.316079 -0.112903 0.593376 -0.448567 0.960113 -0.423512 0.040933 -0.315521 0.145273 -0.480385 -0.259710 0.056162 0.323827 -0.158489 -0.090875 -0.238263 0.696895 -0.108428 -0.079832 -0.070159 -0.154252 -0.158953 -0.010188 -0.115540
-0.048579 -0.105576 -0.316013 -0.209589 0.405032 -0.170161 1.043365 -0.340496 0.031186 -0.186122 0.426453 -0.461725 -0.393366 0.143946 0.301162 0.000397 -0.126290 -0.431583 0.700665 -0.134572 -0.107135 -0.067271 -0.059787 -0.375351 -0.014158 -0.115601
0.187294 0.070345 -0.433102 0.444144 -0.051972 -0.296139 0.422712 -0.325036 0.071521 -0.366213 0.720605 -0.806678 -0.141333 0.417165 0.390597 0.305412 -0.629111 -0.126087 0.476844 0.456290 0.125903 0.009224 -0.052024 -0.519805 0.022768 -0.107600
0.241050 0.034002 0.226275 -0.448296 -0.152438 -0.028226 0.542944 -0.263433 -0.271742 0.234369 0.903386 0.138224 -0.487213 -0.615873 0.365409 -0.026898 0.388170 -0.548141 -0.104276 0.196261 -0.037864 -0.109479 0.050158 -0.131616 -0.012379 -0.033403
0.049677 -0.187229 -0.234870 -0.438448 0.333837 -0.414451 0.649843 -0.271572 0.015512 -0.300650 0.128258 -0.323941 -0.263890 0.132502 0.094129 0.040380 -0.101540 -0.158545 0.451485 0.047257 -0.106939 -0.040069 -0.184102 -0.352194 -0.002310 0.011104
0.438499 -0.361565 -0.645458 -0.036159 0.300125 -0.222252 0.849144 -0.463862 0.045701 -0.185206 0.334999 -0.591667 -0.160393 -0.000177 0.178571 0.334637 -0.590736 -0.375182 0.587038 0.440616 -0.031430 -0.055596 -0.068818 -0.411840 -0.002096 -0.125305
-0.011227 0.054808 -0.232219 0.426497 -0.070961 -0.329210 0.211908 -0.251436 -0.009127 -0.009127 0.502341 -0.135124 -0.072313 0.578438 0.192859 -0.063944 -0.338826 -0.258451 0.353449 0.178732 0.093963 -0.010052 -0.155263 -0.290566 0.016298 -0.057082
0.175164 -0.080187 -0.142738 0.063811 -0.053244 0.347790 -0.793047 -0.109438 0.060909 -0.062716 -0.010742 0.467453 0.494388 0.003579 0.706706 -0.037486 0.024248 -0.227121 -0.482171 0.223042 0.407527 -0.088998 -0.035626 0.458761 0.012097 -0.061601
